0,1,2,3,4,5,6,7,8,9,10,11,12,13,14,15,16,17,18,19,20,21,22,23,24,25,26,27,28,29,30,31,32,33,34,35,36,37,38,39,40,41,42,43,44,45,46,47,48,49,50,51,52,53,54,55,56,57,58,59,60,61,62,63,64,65,66,67,68,69,70,71,72,73,74,75,76,77,78,79,80,81,82,83,84,85,86,87,88,89,90,91,92,93,94,95,96,97,98,99,100,101,102,103,104,105,106,107,108,109,110,111,112,113,114,115,116,117,118,119,120,121,122,123,124,125,126,127,128,129,130,131,132,133,134,135,136,137,138,139,140,141,142,143,144,145,146,147,148,149,150,151,152,153,154,155,156,157,158,159,160,161,162,163,164,165,166,167,168,169,170,171,172,173,174,175,176,177,178,179,180,181,182,183,184,185,186,187,188,189,190,191,192,193,194,195,196,197,198,199,200,201,202,203,204,205,206,207,208,209,210,211,212,213,214,215,216,217,218,219,220,221,222,223,224,225,226,227,228,229,230,231,232,233,234,235,236,237,238,239,240,241,242,243,244,245,246,247,248,249,250,251,252,253,254,255,256,257,258,259,260,261,262,263,264,265,266,267,268,269,270,271,272,273,274,275,276,277,278,279,280,281,282,283,284,285,286,287,288,289,290,291,292,293,294,295,296,297,298,299,300,301,302,303,304,305,306,307,308,309,310,311,312,313,314,315,316,317,318,319,320,321,322,323,324,325,326,327,328,329,330,331,332,333,334,335,336,337,338,339,340,341,342,343,344,345,346,347,348,349,350,351,352,353,354,355,356,357,358,359,360,361,362,363,364,365,366,367,368,369,370,371,372,373,374,375,376,377,378,379,380,381,382,383,384,385,386,387,388,389,390,391,392,393,394,395,396,397,398,399,400,401,402,403,404,405,406,407,408,409,410,411,412,413,414,415,416,417,418,419,420,421,422,423,424,425,426,427,428,429,430,431,432,433,434,435,436,437,438,439,440,441,442,443,444,445,446,447,448,449,450,451,452,453,454,455,456,457,458,459,460,461,462,463,464,465,466,467,468,469,470,471,472,473,474,475,476,477,478,479,480,481,482,483,484,485,486,487,488,489,490,491,492,493,494,495,496,497,498,499,500,501,502,503,504,505,506,507,508,509,510,511,512,513,514,515,516,517,518,519,520,521,522,523,524,525,526,527,528,529,530,531,532,533,534,535,536,537,538,539,540,541,542,543,544,545,546,547,548,549,550,551,552,553,554,555,556,557,558,559,560,561,562,563,564,565,566,567,568,569,570,571,572,573,574,575,576,577,578,579,580,581,582,583,584,585,586,587,588,589,590,591,592,593,594,595,596,597,598,599,600,601,602,603,604,605,606,607,608,609,610,611,612,613,614,615,616,617,618,619,620,621,622,623,624,625,626,627,628,629,630,631,632,633,634,635,636,637,638,639,640,641,642,643,644,645,646,647,648,649,650,651,652,653,654,655,656,657,658,659,660,661,662,663,664,665,666,667,668,669,670,671,672,673,674,675,676,677,678,679,680,681,682,683,684,685,686,687,688,689,690,691,692,693,694,695,696,697,698,699,700,701,702,703,704,705,706,707,708,709,710,711,712,713,714,715,716,717,718,719,720,721,722,723,724,725,726,727,728,729,730,731,732,733,734,735,736,737,738,739,740,741,742,743,744,745,746,747,748,749,750,751,752,753,754,755,756,757,758,759,760,761,762,763,764,765,766,767,768,769,770,771,772,773,774,775,776,777,778,779,780,781,782,783,784,785,786,787,788,789,790,791,792,793,794,795,796,797,798,799,800,801,802,803,804,805,806,807,808,809,810,811,812,813,814,815,816,817,818,819,820,821,822,823,824,825,826,827,828,829,830,831,832,833,834,835,836,837,838,839,840,841,842,843,844,845,846,847,848,849,850,851,852,853,854,855,856,857,858,859,860,861,862,863,864,865,866,867,868,869,870,871,872,873,874,875,876,877,878,879,880,881,882,883,884,885,886,887,888,889,890,891,892,893,894,895,896,897,898,899,900,901,902,903,904,905,906,907,908,909,910,911,912,913,914,915,916,917,918,919,920,921,922,923,924,925,926,927,928,929,930,931,932,933,934,935,936,937,938,939,940,941,942,943,944,945,946,947,948,949,950,951,952,953,954,955,956,957,958,959,960,961,962,963,964,965,966,967,968,969,970,971,972,973,974,975,976,977,978,979,980,981,982,983,984,985,986,987,988,989,990,991,992,993,994,995,996,997,998,999,1000,1001,1002,1003,1004,1005,1006,1007,1008,1009,1010,1011,1012,1013,1014,1015,1016,1017,1018,1019,1020,1021,1022,1023,1024,1025,1026,1027,1028,1029,1030,1031,1032,1033,1034,1035,1036,1037,1038,1039,1040,1041,1042,1043,1044,1045,1046,1047,1048,1049,1050,1051,1052,1053,1054,1055,1056,1057,1058,1059,1060,1061,1062,1063,1064,1065,1066,1067,1068,1069,1070,1071,1072,1073,1074,1075,1076,1077,1078,1079
0.3549999999999999,0.4568103428464768,0.4604963394232187,0.6018978955758587,0.6234671189853028,0.7190169743114765,0.755,0.7633405077387507,0.7899316474281711,0.776611114022231,0.8014613653774805,0.7921956459436531,0.8009999999999999,0.8131840617240068,0.8202906104448185,0.8534793615398711,0.8555116535880809,0.8735091529534343,0.8749999999999999,0.8748658938601045,0.8833164897036874,0.8747870958533746,0.8857496101991084,0.879785281118371,0.883,0.8844989580751581,0.8770850087198963,0.8823970403469633,0.8710248816504942,0.8734158479085715,0.8689999999999999,0.8646726105602051,0.8670776092423287,0.8580309675501859,0.8620308846915382,0.8562499122197722,0.858,0.86025016528575,0.8586660080047201,0.8686366845143108,0.8669491886056936,0.875466110559864,0.879,0.8809695634347554,0.8885367034063577,0.8879194848074671,0.8969296849572185,0.8974627994223956,0.902,0.9066564635580566,0.9053847407588048,0.9113845035520908,0.9082550041725004,0.9110807696816652,0.9099999999999998,0.9073766953558036,0.908368082110809,0.9030230638323912,0.9049603507967312,0.8992465610049606,0.8959999999999999,0.8936668789245846,0.8866834217162101,0.8833391409303964,0.8650162953119898,0.8442678717496864,0.825,0.8100488165941107,0.7976137330982582,0.7777367605965148,0.7569902656307942,0.7264629214242914,0.699,0.673614807473582,0.6480137516399107,0.627482702996273,0.6043014395544203,0.5923298125552161,0.5810000000000002,0.5724216788740181,0.5696708396323262,0.5637758815039164,0.5647904978467703,0.5620824182499389,0.561,0.5606677173932453,0.5589842762196556,0.5608065399061795,0.5577440339722164,0.5596857830265456,0.5589999999999999,0.5583439046479743,0.5601268109442348,0.5576864228605934,0.5602701900353628,0.5596256452192885,0.5609999999999999,0.5615869731184142,0.5600784431799685,0.5616836356617106,0.5588880863264063,0.5605269332119955,0.5589999999999999,0.5583101648113681,0.5601492141275388,0.557703486247241,0.5601027290445455,0.5583773218091692,0.5590000000000002,0.5588793562441222,0.5560495721217285,0.5583618433996478,0.5554424544040604,0.5553002000597937,0.5540000000000002,0.5526221869422419,0.5533004615501478,0.5503601565789698,0.5516767007237474,0.5492286513800274,0.5490000000000002,0.5495812139103344,0.5474914978003742,0.548477547322033,0.5459822112840941,0.547483630203521,0.5449999999999999,0.5409525713013644,0.5419511768822446,0.5488929269850784,0.572615882523259,0.5952446337278677,0.6259999999999999,0.671008521251187,0.7180290812587019,0.773734529040987,0.8106654182743657,0.8228943047321533,0.8329999999999999,0.8289949716536228,0.7859612728712654,0.7048573278758158,0.6007695413275197,0.4758598648490052,0.3440000000000001,0.2100156733967947,0.0802675081230292,-0.0303087066182336,-0.1281090188741293,-0.1931624699438164,-0.2179999999999998,-0.2285026347480255,-0.2197866414858761,-0.1783050059879695,-0.1160286429111175,-0.0511843274734238,0.0110000000000001,0.0660856241207937,0.1119298584924928,0.1450115250004396,0.1678422510557368,0.1901549448665103,0.2049999999999999,0.2158971573091525,0.2233462976918145,0.2247307635775257,0.2287297743448763,0.2300036791297597,0.2320000000000001,0.2347989469280949,0.2364524826006326,0.240150521654325,0.2414225184598796,0.244846647900867,0.2470000000000001,0.2483997824428262,0.2507765892114054,0.2517778587104807,0.2555877895276599,0.25720580777066,0.261,0.2662227068423163,0.2711441032908038,0.277157704845285,0.2756089741414327,0.2723819851079838,0.2659999999999999,0.25730366418229,0.2502673890444254,0.2384794979187986,0.2288251325478907,0.2229593157337575,0.219,0.2150125465096436,0.2103555170681335,0.2071232159190953,0.206938100165074,0.2179129831948607,0.2309999999999999,0.239454580026483,0.2462036189128241,0.2505818774370545,0.2564239831213326,0.2606893069835868,0.2649999999999999,0.268642756738268,0.2706795487535894,0.2736434250557366,0.2739673594423915,0.2754002070289905,0.2759999999999999,0.2766146730727635,0.2775901223334123,0.2762857169041934,0.277799957731384,0.2778414023019388,0.2789999999999999,0.2817390397105903,0.282790930269061,0.2813931070314575,0.270780167885946,0.2557248146714356,0.234,0.207040814254767,0.1827272501376804,0.1587325621937048,0.1380968731017018,0.1162890129577052,0.0920000000000001,0.0657492715550733,0.0382647166924717,0.0218190277938833,0.0146255557009942,0.0102872485301937,0.0069999999999999,0.0043350683299329,0.0027553624371169,0.0011084827653842,0.0011581604327757,0.0008818437324263,0.001,0.0011088039991094,0.0012675860705983,0.0029754851120651,0.0028648516800384,0.004537570534209,0.006,0.0058234944931757,0.0068867720750381,0.0070865740330957,0.0090594487517985,0.0113922859403673,0.0139999999999999,0.0160890652285347,0.0142639835050668,0.0105542899875276,0.0042815048551242,-0.0006656952184504,-0.0029999999999999,-0.0055513136626266,-0.0078049438961933,-0.0111072143406308,-0.0140046618838984,-0.016594082422491,-0.0199999999999999,-0.0233848046701916,-0.0260911442292115,-0.0284788400924188,-0.0307177669853885,-0.0309389146767494,-0.0309999999999998,-0.0303667366077644,-0.0285078054133197,-0.0272448707186359,-0.0249531537518709,-0.0225542280766741,-0.0200000000000001,-0.0174301440922239,-0.0151293955441823,-0.0123307379734818,-0.0102134440448159,-0.007113768178872,0.0019999999999998,0.0214838620025265,0.0425609007718729,0.062631759565624,0.0911176339327193,0.1177833427837383,0.146,0.1918109903482152,0.2404287748559846,0.2831685870442178,0.3151361820943472,0.3200103335566279,0.309,0.2817270097506745,0.2173957463176977,0.1261567295813364,0.0195549271194839,-0.0994003745209597,-0.224,-0.3495015674182465,-0.4688311768870017,-0.5763303001025035,-0.6523339919975788,-0.6903743048382721,-0.704,-0.6916363395798993,-0.6539184871471806,-0.5923357699793691,-0.5182410241533874,-0.4471074883083206,-0.381,-0.3237620733615591,-0.2717678597572683,-0.2337309450513849,-0.212439267189521,-0.1963832399921666,-0.1889999999999999,-0.1817879465493594,-0.1746375978857369,-0.1697899233215826,-0.1620632320042636,-0.158475298072929,-0.153,-0.1461085283392968,-0.1396038449937441,-0.1306074427252869,-0.1227191165448859,-0.1116059286998964,-0.1019999999999998,-0.0945739590239675,-0.0877494076093117,-0.0834306708052876,-0.0776126871710565,-0.0732188357813848,-0.0679999999999999,-0.0634960771167645,-0.0607235256282582,-0.0565062252885044,-0.0541520180868344,-0.0499292486575696,-0.0449999999999999,-0.0401456349127918,-0.0347753266535035,-0.0299638478877672,-0.0233115229704559,-0.0179771285868436,-0.0109999999999999,-0.0046789666617441,-0.0016639531008202,0.0027902665422807,0.0063057377580174,0.0111424872818359,0.0160000000000001,0.0199765426198281,0.0252156709055644,0.0296209111903657,0.0356425857156063,0.0424342509557925,0.0529999999999999,0.0695733348339854,0.0851959668601222,0.0953522629007418,0.1011467812735827,0.1072532237777927,0.1119999999999998,0.1152646758391462,0.1184625352532485,0.1191104024219233,0.1187713369975424,0.1162481827380798,0.1119999999999999,0.1079203805084632,0.1030021156752135,0.0980514361938917,0.0929233420754641,0.0880707355567266,0.083,0.0764182132086979,0.0695301344022913,0.0632207966953051,0.0558554373875193,0.0470969520837016,0.0339999999999999,0.0147190019718271,-0.0010713304751095,-0.0137290715233948,-0.0270262335501995,-0.0368272703218261,-0.047,-0.0562219504364885,-0.0682357879356825,-0.0895270126964067,-0.1084762707240018,-0.1184644090282231,-0.1239999999999998,-0.1283380153308207,-0.1305943308272669,-0.1316425234158089,-0.1314959563566732,-0.1267612130194049,-0.1199999999999998,-0.1117752355111977,-0.1039872401101454,-0.099890827280542,-0.0966782534808491,-0.0933228629746716,-0.0900000000000001,-0.0874949058398969,-0.0844462999698828,-0.081236104969871,-0.0791372713826554,-0.0765102783500357,-0.075,-0.0726774148695983,-0.0696909106330996,-0.0681330277533901,-0.0661886257333173,-0.0647943780588409,-0.0639999999999998,-0.0639586733197375,-0.0639755365582425,-0.0644353883151972,-0.0649948111396636,-0.0637732737646288,-0.0639999999999998,-0.063443517790917,-0.0613562371671998,-0.0607037478109965,-0.0592966980053241,-0.0577202813535037,-0.056,-0.0542525525473306,-0.0528441126169876,-0.0505591887739267,-0.0474573033173413,-0.0385048865451093,-0.023,-0.0073345725224811,0.0118343850983401,0.0349084496942247,0.0597938605805975,0.0962539372721492,0.1389999999999999,0.1861476281158217,0.24013386209592,0.272666205380654,0.2862515517175208,0.30001315134072,0.2919999999999998,0.2485047961934933,0.1750834885070102,0.0795008516166141,-0.0300016154356999,-0.1449971610555152,-0.2589999999999999,-0.3704866562725469,-0.4743891634442042,-0.5648857148687364,-0.6211053511749763,-0.6417633705900646,-0.6509999999999999,-0.6370076759514238,-0.5910705743354544,-0.5272110279725514,-0.4568437154093556,-0.3902245350422765,-0.3319999999999999,-0.2840071505399378,-0.2397896219598952,-0.2050135598025668,-0.182847392732792,-0.1650136565527285,-0.1559999999999998,-0.1479539113740351,-0.1398459124443477,-0.1350867150472796,-0.1283477544372071,-0.1243310149915559,-0.119,-0.1144015228853919,-0.111945561268471,-0.1066846234914017,-0.1023510696444215,-0.0967346961242073,-0.0909999999999999,-0.085244250648971,-0.0797418551071482,-0.0749165687851666,-0.0685327381985448,-0.0641858533688255,-0.0579999999999999,-0.0504238435309386,-0.0425980689938078,-0.0342668533716245,-0.0291587079187681,-0.02399950054616,-0.021,-0.0179383927828404,-0.0138303840946395,-0.0118809377222644,-0.0086259393941218,-0.0067406909185484,-0.004,-0.0004419570070178,0.0017520402442625,0.0048742725066436,0.0064913334262139,0.0084717921698413,0.0099999999999999,0.0114565378011004,0.014214565024653,0.016131066089601,0.0197434890816964,0.0252422067741768,0.033,0.0414586291853912,0.0489931491869691,0.0564196842586528,0.064616432647258,0.0767070782000479,0.091,0.1054046312489665,0.1161272485289346,0.1229317344615172,0.1294719163675043,0.1336812701866072,0.137,0.1381851856708314,0.1367680311703066,0.1341312236594389,0.1284415146353072,0.1215362468271757,0.1119999999999999,0.094819390521314,0.0673171102097456,0.0423882250885933,0.0275498464757738,0.0115442733842775,-0.0049999999999997,-0.0214734061720826,-0.0390574616619565,-0.0568767199051946,-0.0746687409983184,-0.0872351697629719,-0.099,-0.1072670586331847,-0.109891048283553,-0.1124902252286006,-0.1131819086997402,-0.115705703811032,-0.118,-0.1194296389173923,-0.1216092615886954,-0.1181344698543292,-0.1108060245400698,-0.1008559250101402,-0.0919999999999999,-0.0876904354492742,-0.0842193544479781,-0.08146738762063,-0.0789830757374795,-0.0765090905031214,-0.0740000000000001,-0.0722846202629457,-0.0702252326011958,-0.0675263816057331,-0.066882451655957,-0.0656360485817776,-0.064,-0.0623688936058346,-0.0610868883840797,-0.060733213217891,-0.0596138406410048,-0.0602182800542632,-0.06,-0.0589683685794069,-0.0592392024526862,-0.0583431668940102,-0.0580089065404078,-0.0579662935281082,-0.058,-0.0573075994427157,-0.0560804647420783,-0.0558426275488813,-0.0541879514331372,-0.0528001011942617,-0.051,-0.0483478711175556,-0.0468724238785616,-0.0440940469032809,-0.0407184333654494,-0.0371648913060272,-0.0320000000000001,-0.0269258903710385,-0.0217608603149707,-0.0143378924491489,-0.0073505912068357,0.0027961041318259,0.023,0.0490090772174015,0.0834346401332657,0.126090826592433,0.1718636270462043,0.2221504197542914,0.2709999999999999,0.3171607425150323,0.3434882883954663,0.3385529811248527,0.3263019845143037,0.2802371944837284,0.162,-0.0046442797641399,-0.2048716579379977,-0.4219154230478504,-0.6166321568645294,-0.7689381131008592,-0.8519999999999996,-0.8672991644869851,-0.8494769205683108,-0.786904241782372,-0.688756980031235,-0.5964567628525084,-0.5129999999999998,-0.447349785838695,-0.3993281325434128,-0.3553839503227413,-0.3243154685965737,-0.2999224607180977,-0.2730000000000001,-0.2469843817440379,-0.2225969074205775,-0.198359073833961,-0.1754485507720961,-0.1591326792350666,-0.1440000000000001,-0.1292518089238633,-0.1200023980416701,-0.1126924144082006,-0.1069228068328029,-0.1019977844924485,-0.0969999999999999,-0.0912833797393338,-0.0851132559354943,-0.0799942400006491,-0.0752564115547173,-0.0725984370094465,-0.07,-0.0673194814124,-0.0658458684429127,-0.0634597010570448,-0.0610778178665075,-0.0584487421835708,-0.0559999999999998,-0.0535103915746216,-0.0514979939547888,-0.0498852106268859,-0.0466718335760091,-0.0447551589636383,-0.0429999999999998,-0.0404479448141198,-0.0381072627728856,-0.0354091445407675,-0.0328246174083678,-0.0278009229215581,-0.0219999999999999,-0.0162843627190983,-0.0100631324061368,-0.0051432582233828,0.0002042640562494,0.0047932188174618,0.0089999999999998,0.0140556976980286,0.0184226948981271,0.0221521821469619,0.0252085970510739,0.0287436623347166,0.0319999999999999,0.0352104339988796,0.0393661917766566,0.043433905833176,0.0477203858443508,0.0518469033714589,0.0569999999999999,0.0628756768990281,0.068606580360214,0.0741530212739573,0.0764096284944233,0.0757350033711885,0.0729999999999998,0.0673256800993294,0.060422930880915,0.0495406231738354,0.0282847288856522,0.0034837834788461,-0.0139999999999998,-0.0288423455964021,-0.0443939867844441,-0.0575063729867242,-0.0677265106972969,-0.0754858012074604,-0.0839999999999999,-0.0947551372423403,-0.1050834764339502,-0.1106232985533208,-0.1128899216972361,-0.1154594334205024,-0.1169999999999999,-0.1194229667138868,-0.1215940118789911,-0.1227744096588505,-0.1248133515775877,-0.1262819707344899,-0.1279999999999999,-0.1288771476326426,-0.1301616025890444,-0.1318271150607446,-0.1321407366460465,-0.1331941947905369,-0.1330000000000001,-0.1329062337382141,-0.1326717562569582,-0.1311106891397556,-0.131161751406631,-0.1308359484156624,-0.13,-0.1291473013167598,-0.1289010158848793,-0.128762465999402,-0.1275238700422971,-0.1268283962980221,-0.1249999999999999,-0.1239832160009407,-0.1236493802739037,-0.121870114618245,-0.1204483645802094,-0.1186196848405847,-0.1169999999999999,-0.1145533053020629,-0.1124740355538203,-0.1108390352508979,-0.1079193604742558,-0.1068435119531377,-0.1039999999999999,-0.0989271470532401,-0.0942178412488853,-0.0884156067966689,-0.0828872600419618,-0.0781527792310996,-0.075,-0.0718531555134737,-0.0667412208961928,-0.058786191399387,-0.0464651740461939,-0.0275034339164464,2.5263741715914668e-17,0.0341616788253197,0.0777464482991329,0.1304965526968438,0.1887772748993469,0.2474091085178763,0.302,0.345714853170592,0.357800146940519,0.3459153211827764,0.2983282782505942,0.1791828348980513,0.014,-0.1896983678769506,-0.4165692236839429,-0.6227402226609803,-0.8030280378392362,-0.9077091186246956,-0.932,-0.9253579322133691,-0.8582242223094743,-0.741947358603015,-0.6247823321013851,-0.5139328609570908,-0.4240000000000001,-0.355737064204655,-0.3051588282881781,-0.2746208417342445,-0.2524794564938868,-0.2335870116963299,-0.2190000000000001,-0.2064006943781452,-0.1953824882785242,-0.1881349707540595,-0.1828533578011185,-0.1767028242520581,-0.1699999999999999,-0.1633034783505026,-0.1563894858450336,-0.1469934667680047,-0.1346138618092711,-0.1170265508863748,-0.098,-0.0873448131715052,-0.080725728959456,-0.0745265697305662,-0.0704405020681772,-0.0662110227090776,-0.064,-0.0625063969832745,-0.0598469682831972,-0.0579746445589121,-0.0564591614237395,-0.0559557680307844,-0.055,-0.0532598701947473,-0.0518865437414501,-0.0493642392339123,-0.0473768544405449,-0.0454817784566356,-0.0419999999999999,-0.0379627690946639,-0.0324436545156367,-0.0265211884926774,-0.0202247829603329,-0.0108989401665347,1.13686837721616e-16,0.0100707232186283,0.0198510817114372,0.0306543495570272,0.0433784150187249,0.0578963388504119,0.0699999999999999,0.0769576411655276,0.0820128178437076,0.0867566693729399,0.0901658024818976,0.0924469629834038,0.095,0.0968110596919965,0.098027472870621,0.1007237906934312,0.102550937777202,0.1045312697953452,0.107,0.1084841567646563,0.1121987033141559,0.1162505187837104,0.1189955864450067,0.1198975731136965,0.1169999999999999,0.1106575954561184,0.1014269957925465,0.0884148926148485,0.0657686184019208,0.0404926319113076,0.0229999999999999,0.0087562780609108,-0.005065669911098,-0.02031328786188,-0.0343374941861968,-0.0510490806988802,-0.073,-0.0855559020684861,-0.0932906431188288,-0.1017955520067495,-0.1068608383578486,-0.1119128171349115,-0.114,-0.1148396985692846,-0.1142275624263934,-0.1111944280454282,-0.1091090011147542,-0.1050580230295753,-0.101,-0.0969204030485584,-0.0926256293862584,-0.0878972234856751,-0.0815447927955207,-0.0772914906909379,-0.074,-0.0737023523116412,-0.0744373398784933,-0.0735208053419004,-0.0744330763603177,-0.0736781201891057,-0.073,-0.0731674970240102,-0.072167671793041,-0.0720091168282177,-0.0719903941916461,-0.071930497721868,-0.0709999999999999,-0.070965947266192,-0.0700152643373069,-0.0679887035286891,-0.0679337688003631,-0.0652750096240602,-0.0629999999999998,-0.0615750700156677,-0.0586837430137395,-0.0570698062368187,-0.0528436082048661,-0.046834782780565,-0.0409999999999999,-0.0358059926544828,-0.0318565387977145,-0.027146878783368,-0.0240106979481101,-0.0213701476064248,-0.0179999999999999,-0.0147431885316734,-0.0107323770096523,-0.0061727058947116,-0.0008787801981481,0.0040258233895973,0.0119999999999999,0.0264051372657654,0.0475848893456266,0.0799706457658617,0.1233819347915326,0.1733407217928395,0.2259999999999999,0.2778703115347832,0.32579885199309,0.3553039575470577,0.3547875412041573,0.3373810033239471,0.2899999999999999,0.1769359548384597,0.0120008353287305,-0.1846147343861484,-0.4003500951521913,-0.5973807627959854,-0.7489999999999997,-0.8329381411194711,-0.8527764739400071,-0.8353678266508483,-0.7730027819405648,-0.6741870975631862,-0.574,-0.4858658054681561,-0.4136744408301408,-0.3594912734536938,-0.3161371666580976,-0.2734527339314612,-0.233,-0.1940497613955044,-0.1554642927847647,-0.1287864054710894,-0.1115089277159985,-0.0976571158032216,-0.0889999999999998,-0.0815040477907715,-0.0744955129303063,-0.0683533372286293,-0.0631178721554359,-0.0592317379481281,-0.0549999999999999,-0.0508411225903991,-0.0461722811703107,-0.0407780501122259,-0.0364700898290906,-0.0334628927627882,-0.031,-0.0285295295126484,-0.0258979803934826,-0.0239533607242299,-0.0221824211950398,-0.0194249476202192,-0.017,-0.0145639042467942,-0.0118808310808175,-0.0096745680861412,-0.0066880860096003,-0.0033484873545433,-9.473903143468e-17,0.0040149542202795,0.0099681136299061,0.0176875226619188,0.0246595539017154,0.0313753123923563,0.0379999999999999,0.0438524578847199,0.0496501858778668,0.0555364129311547,0.0611671514967382,0.0658726719704395,0.0699999999999999,0.0740754072976718,0.0794566860023426,0.0856751666807649,0.0912982638935282,0.0986532925898704,0.1069999999999999,0.1145112617267798,0.1220340244641257,0.1292144356362122,0.1352179699496563,0.1398659826111716,0.1439999999999998,0.1473853976669407,0.1506471426929878,0.1535271551733429,0.1537344136668271,0.151286085843273,0.146,0.1394773264470692,0.1298664890917016,0.1134174582179047,0.0943507693397964,0.0752047826378037,0.0580000000000001,0.0431649787502686,0.0261733879185114,0.0083179492166536,-0.0113582411976606,-0.0331303400182661,-0.049,-0.0584702599208183,-0.0650861191656184,-0.0694849460557039,-0.0736397496051273,-0.0763575055360801,-0.078,-0.0805574655161729,-0.0823025260925813,-0.0844753062005347,-0.086632764322098,-0.0870742247529883,-0.088,-0.0874548515396724,-0.0849010310672132,-0.0827008180123195,-0.0796238484203788,-0.0764578252321421,-0.074,-0.0707290731425081,-0.0672375345860385,-0.0643121550543951,-0.0625444223827727,-0.0633652779419965,-0.0659999999999999,-0.0699971375694395,-0.0751335618694065,-0.079686344851987,-0.0858126322889516,-0.0933702642132602,-0.097,-0.0941689244113006,-0.0876900660494553,-0.0805769343972695,-0.0709211267657083,-0.0644010826936141,-0.0649999999999999,-0.0643526909267874,-0.0636093198001989,-0.064351790810618,-0.0637335986997281,-0.0641753622708264,-0.0649999999999999,-0.0673129328950006,-0.0703116529894785,-0.0720647800163835,-0.075740260749825,-0.0795990771300763,-0.0809999999999999,-0.0789684620514859,-0.0724696273531563,-0.0630944142452501,-0.0504354259249223,-0.0348894573534456,-0.0210000000000001,-0.0073104004302547,0.0121215746397743,0.0393493300584097,0.07542504858956,0.1178441246628615,0.1649999999999998,0.214416110785535,0.261440115951203,0.3063627423639714,0.3358373519754193,0.343256926470303
0.334,0.2868844292556421,0.1862892895684676,0.0363283307093268,-0.1561203859002225,-0.3718121879453039,-0.5849999999999997,-0.7653264895467365,-0.8879811572745178,-0.9418867527591288,-0.9306650956942748,-0.8710274438007675,-0.7809999999999999,-0.6829574890238482,-0.59243533666409,-0.5168177911167354,-0.4578573286970508,-0.4058383911455169,-0.3569999999999998,-0.3094217281045919,-0.2643397399332395,-0.2245153954471674,-0.1887176478377955,-0.1686172408783601,-0.1629999999999998,-0.1579472112370208,-0.1546444797336014,-0.1527654601278892,-0.1498032112129709,-0.147667615305135,-0.1459999999999998,-0.1428939921845044,-0.1376082864985398,-0.1306576069398499,-0.1229087900935772,-0.1155352825460679,-0.108,-0.1018651243313382,-0.0982465517165866,-0.095273115696669,-0.093377236286423,-0.0915529395358587,-0.0889999999999999,-0.0865085100207699,-0.0839644257240867,-0.0815755390466009,-0.0787987030213386,-0.075218097474861,-0.0710000000000001,-0.0668495390747102,-0.0621578960586004,-0.0568226460804125,-0.0522769622992151,-0.0482390256305787,-0.045,-0.0417283506872997,-0.0382357899561573,-0.0350861855474831,-0.0317312243242886,-0.0296563157500189,-0.0270000000000002,-0.0228971944315596,-0.0169926264770084,-0.0052393460388684,0.0077935913400039,0.0164452041585635,0.0229999999999999,0.0289288641536055,0.0340004988209709,0.0392998023770207,0.0455036951685855,0.0510094193680328,0.0559999999999999,0.0603906186889198,0.0628795040932969,0.066361633221192,0.070419905285869,0.0721948633664991,0.072,0.0681721178859839,0.0622061036644751,0.0564914051764375,0.0484367643321922,0.0392014063260777,0.0300000000000001,0.0192853940110556,0.0067040520366167,-0.0130814067558989,-0.0397996685861552,-0.0615998336554631,-0.0759999999999999,-0.0886729618825833,-0.0988389080700627,-0.1066114076123018,-0.1162679113356711,-0.1284893649352723,-0.1390000000000001,-0.1443259611574605,-0.1477130823619832,-0.1497504699019784,-0.1454902264621882,-0.1373238174009989,-0.129,-0.1205923465171379,-0.1129758582297106,-0.1054483024959223,-0.0982118352213259,-0.0917481151366987,-0.086,-0.0816775175422455,-0.078852808899409,-0.0766411016424627,-0.073953465853698,-0.0730585093642915,-0.0740000000000002,-0.0747322302834601,-0.076838768208441,-0.0796085839150703,-0.0819307621648393,-0.0845417502007482,-0.087,-0.0886971715782246,-0.0903553858245645,-0.091441389320355,-0.090392711747212,-0.0885697651775745,-0.085,-0.0806934622778504,-0.0766899281528221,-0.068621502316145,-0.0598202095172603,-0.0540094153565188,-0.0499999999999999,-0.0474292484379006,-0.0455458456063565,-0.0441585232679403,-0.0421672763484582,-0.040783979861607,-0.0389999999999999,-0.037147305765127,-0.0361111577511829,-0.0330396361833252,-0.031637297921584,-0.0259681496366957,-0.0099999999999999,0.0110867291537016,0.038829480850434,0.0737257463102089,0.1155429305996096,0.1628076370689398,0.2149999999999998,0.2673969803928352,0.312950521880408,0.3525648634399578,0.3710442017472525,0.3702366466860746,0.3559999999999999,0.29857686158564,0.1950108387656372,0.0518790909324099,-0.1327532612291261,-0.3358508841869407,-0.5339999999999998,-0.698470271987115,-0.7961180706204097,-0.8262984494181286,-0.8112999427482412,-0.7523250692342106,-0.6539999999999999,-0.5504382916303178,-0.4580045005134779,-0.3812602521416446,-0.321621756670649,-0.2718059885251369,-0.2319999999999998,-0.1988848212951288,-0.1727093798282845,-0.1514905295876001,-0.1337692283038137,-0.1231710771850677,-0.114,-0.108572321863283,-0.105063591966966,-0.1003472124965396,-0.0983501483134635,-0.0951860234368134,-0.0899999999999998,-0.0803186361451375,-0.0703610433940386,-0.0652280947408307,-0.0595735024588523,-0.0539091815264567,-0.048,-0.0422020144385732,-0.0348341577993021,-0.0254402305505383,-0.0185181471027722,-0.0130352091100491,-0.0099999999999999,-0.0076043512545585,-0.004853066465902,-0.0025705316815977,-0.0002949946406326,6.810545205118816e-05,0.0019999999999999,0.0038620439793469,0.0049848075245261,0.0076536436076513,0.0099856306076192,0.0138979816492796,0.0179999999999998,0.0227575298417849,0.0297263370611215,0.0383002691293981,0.044962614995523,0.0460638699614515,0.0479999999999999,0.0491896624239042,0.0485237415466043,0.0501491589092685,0.0514843790935046,0.0534356890186202,0.0549999999999999,0.0573442091730527,0.0601340363691796,0.0633918958880441,0.0718024556889906,0.0807076130849493,0.0909999999999999,0.1029411413474602,0.1120158340647742,0.1186151551531614,0.1222583608414318,0.1256231933200779,0.126,0.12272185911741,0.1184814656685328,0.1114503830121185,0.1015057597852032,0.0869050177066564,0.074,0.0628468278686959,0.046845089196914,0.0295503251301741,0.0098076009391318,-0.0080448503277065,-0.0209999999999999,-0.0337083323376537,-0.0436706568649383,-0.0518362374292745,-0.0580732212945308,-0.0616622344213683,-0.0649999999999999,-0.0675643221785515,-0.0695076601424303,-0.0704632695508125,-0.0714725869321484,-0.0719398022100651,-0.071,-0.0702143345110934,-0.0687450646524023,-0.0667516459139051,-0.0634711122337976,-0.0590564525704431,-0.0520000000000001,-0.039545106975301,-0.0292851490745546,-0.0244621694188061,-0.0204107222564689,-0.0175368282259249,-0.0150000000000001,-0.0123649952216661,-0.0107910295786101,-0.0084450210396385,-0.006420479565034,-0.0058782782175995,-0.0039999999999999,-0.0013258365282434,-0.0003613614945291,0.0011919607362381,0.0041825180349875,0.0064117429407459,0.009,0.0115837794351079,0.013843717100645,0.01670773628338,0.0187704710850504,0.0217194310959068,0.025,0.0274058090149165,0.0307352319973412,0.0335580482290258,0.0360131033441624,0.0384780747857321,0.0409999999999999,0.0428015440650103,0.0443990260375633,0.0495634569343838,0.0574489651403016,0.0683577117345101,0.079,0.0906109091628675,0.1116009435936431,0.1389094197992152,0.1721336240272038,0.2112367352405743,0.2569999999999998,0.3064569855587956,0.3546449551993107,0.403488947719147,0.4269315067056066,0.426452702330052,0.411,0.3357713019595862,0.2076313047350203,0.0472325439795288,-0.1466945882164931,-0.3391640406156659,-0.5139999999999999,-0.6482684872250329,-0.7157811518152047,-0.7353354298975334,-0.718865296771625,-0.6641608662768774,-0.58,-0.4901175295380818,-0.4065414295071869,-0.3271468317472444,-0.2602491727258745,-0.2104771586091076,-0.179,-0.1607976757325704,-0.1491971628777196,-0.1414271571555907,-0.1321031433721966,-0.1233068781075715,-0.113,-0.1010989049296467,-0.091064920038655,-0.0812664740353946,-0.0749301000515667,-0.0699284277663876,-0.065,-0.0602170697809988,-0.0536818319028753,-0.0463669585899099,-0.0349793186259328,-0.0243892141189868,-0.0199999999999999,-0.0182617597058285,-0.0168071443785089,-0.0147693869707699,-0.0137375580196377,-0.0126952696628895,-0.0109999999999999,-0.0093841237992419,-0.0075349274331551,-0.0062306151893064,-0.0039159284614374,-0.0016710163359672,-1.0105496686365867e-16,0.0045969814164626,0.0125970437272856,0.0204975670592,0.025900218004442,0.0296200677668113,0.032,0.0351939514437965,0.0388949681583775,0.0417058079856685,0.0457450915451414,0.0497907962633415,0.0549999999999998,0.0617911952225008,0.0671120363029875,0.0719081321068441,0.0773791928476816,0.086128775316898,0.098,0.1075064798836745,0.1148184327776529,0.1228790314559013,0.1290366711471612,0.1326789074049573,0.1359999999999999,0.1385033740505483,0.1411650118467744,0.1423709626368786,0.1418204888442265,0.1420178061838199,0.141,0.139340499228623,0.1371781170972513,0.1339729785389195,0.1279219478990939,0.1164580885290796,0.1039999999999999,0.0908577283444746,0.0765521980100442,0.0626274368504047,0.0482579930184782,0.0341361369907768,0.0190000000000001,0.0046348879264668,-0.0085256185975494,-0.022408915997369,-0.036787103380943,-0.0488581717032659,-0.053,-0.0552332299630813,-0.0585616746073158,-0.059202601330778,-0.0608503630910307,-0.0621171548370432,-0.0629999999999999,-0.0640169294043453,-0.0637817207749816,-0.0646487061032267,-0.06497338992047,-0.0650740988852489,-0.065,-0.0641035329302286,-0.0635753326496613,-0.0615614624595612,-0.0591829625616686,-0.057712823646887,-0.056,-0.0543007815594764,-0.0527426624211932,-0.0508463127219456,-0.0496823939662536,-0.0487008873685609,-0.0469999999999999,-0.0469519503164967,-0.0464709528833901,-0.0457673148800572,-0.0459385071311635,-0.0447969562892003,-0.0449999999999998,-0.0443332324147091,-0.0435519765809715,-0.0445177301853622,-0.0433807749054615,-0.0430839226845292,-0.0429999999999998,-0.0428395386620715,-0.0433608929759679,-0.0421894767248395,-0.0423124603882034,-0.0430714216179902,-0.0429999999999999,-0.0422289827851469,-0.0412788180731849,-0.0402398556345995,-0.0382278117776388,-0.0365022556929964,-0.0299999999999999,-0.0164670342869752,0.0039310846510715,0.0298516762450516,0.0575151412740564,0.0911932937798249,0.128,0.1703428384732465,0.2196992008614249,0.2681322140632288,0.3189894430215327,0.3504241077165967,0.3529999999999999,0.3414986352274648,0.2836709779727118,0.16848125050436,0.0146563267541621,-0.1790782570611176,-0.3849999999999999,-0.5780682756617119,-0.7371693271239611,-0.8227315513009749,-0.8489700342717704,-0.8382694630912316,-0.78,-0.6917375220105638,-0.5977960909997229,-0.5084896820442137,-0.4297981813094046,-0.3628156339826209,-0.3129999999999999,-0.2784325987900484,-0.2565141270998979,-0.2443343169062456,-0.2338402334555695,-0.2239927255337213,-0.2119999999999999,-0.1992602878285667,-0.1879753076642865,-0.1752462514357499,-0.1634750667513458,-0.1514357320292474,-0.1379999999999999,-0.1238622590895692,-0.1108105465153814,-0.1026931851577473,-0.0965306203564006,-0.0910439321112865,-0.0869999999999999,-0.0835474188225302,-0.0814515382695002,-0.0805479344044755,-0.0793122482804049,-0.0763496474005231,-0.0739999999999997,-0.0724391979969771,-0.069968888969476,-0.067617625155868,-0.0646445448051297,-0.0598470104839849,-0.0529999999999998,-0.0476330810656997,-0.0450655840342004,-0.0422701256873563,-0.040563856243912,-0.0397802098576389,-0.0379999999999999,-0.0362438096794614,-0.0353162242698216,-0.034261431178782,-0.0318468998017656,-0.0282495684944086,-0.0249999999999999,-0.0212567377674105,-0.0129652862030651,-0.0037506111601564,0.0047783723826346,0.0178757449648295,0.0309999999999998,0.0425576519260164,0.0546487087166523,0.0650146710796734,0.0750645758517655,0.0849478491487193,0.0950000000000001,0.1037527303324407,0.1085726295336172,0.1121272451875545,0.1149160268249383,0.1161840937666786,0.1169999999999998,0.1171785884015769,0.1153231810969603,0.1116647146656514,0.1069769689945023,0.1004743111428674,0.09,0.0744532396701717,0.0566257884196599,0.0373311015944665,0.0217103839466348,0.0121068465327972,-1.0105496686365867e-16,-0.01267837235815,-0.0251505559493452,-0.0398580484986763,-0.0533291247643838,-0.0680244639608354,-0.0809999999999998,-0.0902860499375169,-0.0979387732838551,-0.1021665522837501,-0.1051825848264616,-0.1073284710212717,-0.109,-0.1107353464330483,-0.1118478912833404,-0.1112466525589411,-0.1069974713171211,-0.1020157698197839,-0.0960000000000001,-0.0884733595070381,-0.0814262558519082,-0.0763676312519345,-0.0742904969293167,-0.0712949586154335,-0.069,-0.068287076176058,-0.0665700565117254,-0.0652250115345154,-0.0629216760550062,-0.0606442457196512,-0.059,-0.0572775258827134,-0.0558146370722891,-0.0535601435094873,-0.0507361569030897,-0.0458275119614909,-0.04,-0.0363800767573593,-0.0352760960120491,-0.0341310336815298,-0.0326039383830322,-0.0331176642485617,-0.0319999999999998,-0.0308817254883893,-0.0313932899794864,-0.0298943246979768,-0.0286302667365862,-0.0278843866498512,-0.028,-0.0273166711444178,-0.026545234292207,-0.027555637192316,-0.0263457401117118,-0.0260064498851434,-0.0229999999999998,-0.0161433593144372,-0.010106235410295,0.0034426905442174,0.0255130593274038,0.0528636366550649,0.0839999999999998,0.1191198291746039,0.1610113764613962,0.2071379503513182,0.2574463493581309,0.3063697291090942,0.3500000000000001,0.3800644119152541,0.3848016456196226,0.3683166580070443,0.3113781472301467,0.198841553622323,0.0479999999999998,-0.1331736054171114,-0.3286914539919675,-0.5128866739707176,-0.6615478915205045,-0.7550711499221081,-0.7919999999999997,-0.7756177944278598,-0.7202629877967385,-0.640956666525197,-0.5489735175827912,-0.4624918748327062,-0.3839999999999998,-0.3171118519305604,-0.2684081456049804,-0.2343710618932468,-0.216576374834858,-0.2041139177409333,-0.1869999999999999,-0.1703996726193197,-0.1516431076527252,-0.1293547720992819,-0.1051674833040412,-0.0832276170777858,-0.07,-0.0621704695929209,-0.0579209720985907,-0.0553467563746898,-0.051409035560816,-0.0484749063333057,-0.045,-0.0414703493290778,-0.0392543387317031,-0.0353727367486975,-0.0293451356547111,-0.0212943362399837,-0.014,-0.0104472021494072,-0.0081104810477661,-0.005346168338853,-0.0032920682599965,-0.0016602309630287,-3.789561257387201e-17,0.0015866755335572,0.0040187317762685,0.0061039716292645,0.0077783974570011,0.010623828270771,0.014,0.0195713912325726,0.0266523101473997,0.0317791165957704,0.0353494447929857,0.0386769387037783,0.0419999999999999,0.0445545171067898,0.0469405615952798,0.0495184745291169,0.0521501725108756,0.0557430859883708,0.0589999999999998,0.0629458993744498,0.0686422315179946,0.0748645646147067,0.0844265251850022,0.0977641187214638,0.1109999999999999,0.1235707220916375,0.1345982796059573,0.142404744980905,0.1504228278571579,0.1583313762492123,0.1629999999999999,0.1671694134162964,0.170429227448909,0.1713006407440899,0.1702556508612113,0.1658593645568488,0.159,0.1494915733057848,0.1348493495952363,0.1182168513645878,0.1050135973875246,0.0891879122429393,0.0669999999999999,0.0459968879708834,0.0254566301849622,0.0047742363664958,-0.0149215282791393,-0.0331536998210161,-0.0429999999999999,-0.04797564039441,-0.0526918739134016,-0.0555515596207391,-0.0577466456558945,-0.0578457664832115,-0.0569999999999997,-0.0555457415411127,-0.0523420165183702,-0.0488942896807556,-0.0432867861555293,-0.0339615779301919,-0.0249999999999999,-0.0205360927505507,-0.0179665887352424,-0.0158728081610822,-0.0143405319728751,-0.0128008292106202,-0.0129999999999999,-0.0137759704881657,-0.0153675303541255,-0.0162591942197659,-0.0160519850069175,-0.0172479388147245,-0.018,-0.020373502227315,-0.022312967473246,-0.0207722692004977,-0.0174490396229288,-0.0133260601386745,-0.0119999999999999,-0.0105052410856315,-0.0084541580087188,-0.0068961345196453,-0.0038328255206316,-0.002989351755771,-0.002,-0.0002461803767397,0.0012095133252117,0.0028428921803732,0.0030791431390735,0.0042923470434446,0.005,0.0064696989148516,0.0090053620353463,0.0123930925918035,0.0183042569921121,0.0214677661882609,0.0260000000000001,0.0327535590226167,0.0406213096723766,0.0566836980444314,0.0776663159845148,0.1024242867455246,0.1329999999999997,0.1690626362740522,0.2109248512882901,0.2571946026834229,0.3050355742622211,0.3509369451701841,0.3899999999999998,0.408890395904234,0.407947434082422,0.3814065501286534,0.3022829257023932,0.1696218452782108,-0.0109999999999998,-0.2265221276773646,-0.4461823817676761,-0.6392899349980556,-0.761289465406224,-0.8066205426352792,-0.8049999999999999,-0.7572341754836185,-0.66849732975599,-0.5675602687058862,-0.4734998140761021,-0.3890081589801506,-0.318,-0.2596240377968121,-0.2109109932909769,-0.1741774035949541,-0.1429524524944343,-0.1208449882776686,-0.1129999999999999,-0.110317534666717,-0.1093379998332594,-0.1080786926004311,-0.1063902561004437,-0.1045297080328344,-0.1019999999999998,-0.0996363134763614,-0.0958327703809107,-0.0904652066374779,-0.0803223200782437,-0.0690293646614999,-0.0599999999999999,-0.048339336999346,-0.0385854846359794,-0.0327677202093961,-0.0285067973935077,-0.0253059524122128,-0.0209999999999999,-0.0174642010374834,-0.0155731864290872,-0.0143391760618275,-0.0139482809012575,-0.0139641712775821,-0.0129999999999999,-0.0120090603107266,-0.0121510108373733,-0.0114590833017353,-0.0108027794206159,-0.0096546887542471,-0.0079999999999998,-0.0072088213123546,-0.0061281697918776,-0.00618163345783,-0.0054097299829293,-0.0037859823566114,-0.0029999999999998,-0.000585494712361,0.0027094496391046,0.0105935848481579,0.022795610720057,0.0313986553942455,0.0389999999999998,0.0490046654361358,0.0584191913945751,0.0675342140284472,0.076288467795854,0.0834509796256343,0.093,0.1056064354091013,0.1159983752922446,0.1224552921115094,0.1264234366593327,0.1295550622301807,0.1309999999999999,0.1302939349517431,0.1282429322361745,0.1249832196631776,0.121401011192127,0.1140923329423652,0.1029999999999999,0.0922356328818797,0.0798392993755395,0.064625925710334,0.0487227017260663,0.0342141075815547,0.0199999999999998,0.0049294597183313,-0.0093167463425941,-0.0238544885884619,-0.0391959450531872,-0.0552804676277055,-0.0709999999999999,-0.083794015720365,-0.0934461806232221,-0.0981433854301636,-0.0994817835927618,-0.1014321924709841,-0.1029999999999999,-0.1038234059182014,-0.1047207711315359,-0.1051930011632665,-0.1045904408016192,-0.1024486721502038,-0.0989999999999999,-0.0948586117806317,-0.0906257868158743,-0.0865617727041062,-0.0822443408943493,-0.0782906559488696,-0.0749999999999999,-0.0715751592693524,-0.0694781979161409,-0.0681389731186585,-0.0662529956240887,-0.0646878033746561,-0.0630000000000001,-0.062119579747971,-0.0609368834245661,-0.0584513265222673,-0.0560241046479617,-0.0535523740017411,-0.0519999999999999,-0.0503793601587189,-0.0486584795891371,-0.0466629248408161,-0.0439723587772091,-0.0413552651169781,-0.037,-0.0342681985970119,-0.0323321785505949,-0.0291627665315369,-0.0272495276099375,-0.0244235154960263,-0.0229999999999999,-0.0215213575990294,-0.0193901305215125,-0.0180037092782511,-0.0147137384701078,-0.0140693089099453,-0.013,-0.0118585162912395,-0.0116392680170016,-0.006190397833892,0.0013126461802655,0.0156721751946285,0.0379999999999997,0.0684725152197683,0.1092650903843797,0.1556710040497737,0.2107278480147042,0.2641506068079965,0.316,0.3636210954117101,0.3827076997605214,0.3823218449676676,0.3560517438251897,0.2752530835147859,0.142,-0.0345723447455452,-0.2394083853903937,-0.4489850588827242,-0.6390445698037013,-0.782592696228229,-0.8559999999999999,-0.8697281007137514,-0.8456088196013313,-0.7692495572263914,-0.6543605936483767,-0.538446524542852,-0.433,-0.3482955256861386,-0.2837628359933421,-0.238158952966015,-0.2104216307649377,-0.1934949669338885,-0.186,-0.1779789072956069,-0.1685918598089482,-0.1583424514865094,-0.1444106584697643,-0.1329142195526777,-0.1229999999999999,-0.117459374262545,-0.1152448749113626,-0.1122473702550802,-0.1099534191134334,-0.1047309196239882,-0.0989999999999999,-0.0928017066141291,-0.0816455981463702,-0.066940527505006,-0.0525585737064493,-0.0407155292159215,-0.0290000000000001,-0.018750766880633,-0.0102569668382587,-0.0028336492073266,0.001273065141547,0.0032857893757869,0.0039999999999999,0.0048526415523452,0.0046621818858442,0.0031521855102829,0.0031039621164464,0.0029172306380436,0.0029999999999999,0.0038022248836963,0.0051885017390109,0.0071417829458579,0.0085530606684893,0.0103983454021286,0.012,0.0135224325261123,0.0172283406149387,0.0258395579387921,0.0378725432125356,0.0491946682411085,0.0599999999999998,0.0699641722220278,0.08110523789819,0.0928727031801602,0.1031142417167554,0.1141422518598081,0.1219999999999998,0.1275962835528865,0.1351958248714908,0.1413606577679098,0.1455198890898441,0.1485227282603432,0.1509999999999998,0.1528032013431668,0.1536306038085023,0.1543755088628947,0.1532475879996963,0.1503329988410441,0.1459999999999998,0.1395737563442737,0.1297947734911728,0.1129555193691951,0.0910022560226521,0.0684487491396235,0.0449999999999999,0.0229502666056192,0.0038468587009624,-0.0162963617243943,-0.0346971688331562,-0.0470623440499554,-0.0549999999999999,-0.0592721345168101,-0.0637506769312882,-0.0689697648966934,-0.0720484736129737,-0.0743934002633263,-0.075,-0.0749118390684255,-0.0751941619592694,-0.0745027691939271,-0.0735598270276922,-0.0714994345498924,-0.0689999999999998,-0.0657995391651424,-0.062035127015418,-0.0599257011111173,-0.0583768809094091,-0.0565121693462146,-0.0519999999999999,-0.0459429533103263,-0.0421992211005124,-0.0392470811227236,-0.0375872826543927,-0.0367464220747407,-0.035,-0.0340994069799991,-0.0333984019977536,-0.0324677996422796,-0.0316473616793798,-0.0309208771000013,-0.0309999999999999,-0.0303041699625486,-0.0286734802005289,-0.0267303691214224,-0.0237852024043033,-0.0217017839272419,-0.0199999999999997,-0.017431841405388,-0.0156913587959419,-0.0135861029478504,-0.0111246750086169,-0.0097997155939028,-0.0089999999999999,-0.0082498678696374,-0.0066431617893258,-0.0053899099013623,-0.0046672787018214,-0.0039291890779861
-0.0039999999999999,-0.0031906255390756,-0.0028913997153843,-0.0023398290157602,0.0023402150472801,0.0096339042013805,0.0209999999999999,0.0408423228771208,0.0705618438738968,0.1088505957786531,0.1537750741888871,0.2060495678059755,0.264,0.3225310826572228,0.3777589076642112,0.419522882896248,0.4344777333646394,0.4207085512237815,0.3649999999999999,0.2467034558850643,0.0754226842556137,-0.1325413477072302,-0.3585786482934407,-0.5709837587366109,-0.7389999999999998,-0.8309840247195606,-0.8544866017338894,-0.8359796212197355,-0.7694946359670852,-0.6689564558338273,-0.5659999999999998,-0.4714403809466043,-0.3906232109389779,-0.326637038458343,-0.2783224135418317,-0.2412623725077182,-0.2109999999999999,-0.1819662930525541,-0.152784591843452,-0.1264354217136101,-0.1013398221408831,-0.0847315756210909,-0.0779999999999999,-0.0727747309681934,-0.0704108575815562,-0.0690704977721918,-0.0674488255471612,-0.0653645290779154,-0.0609999999999998,-0.0576091733184538,-0.0539210992811064,-0.0486314882942878,-0.0399275408734793,-0.029089632128341,-0.0229999999999997,-0.0174627319182537,-0.010301393753718,-0.0046611571838736,0.0042284823958528,0.0162943356418283,0.0239999999999999,0.0258419078812082,0.0271831609482939,0.0288620172413339,0.0289068142148146,0.0290743662470525,0.0289999999999999,0.0288353942368784,0.0302604126821722,0.0320152903327041,0.0336829754223,0.035311986346934,0.0369999999999998,0.0386747388764424,0.0414122957225595,0.0499277910607317,0.0613345452785538,0.0693801720958676,0.0759999999999999,0.0812249565334085,0.0850893162295922,0.0903589392176386,0.0965365173289151,0.1034316216314024,0.1110000000000001,0.1214140483399839,0.1345561173647758,0.1438297171883223,0.1487470849487693,0.1527046276090357,0.1549999999999998,0.1565746405723866,0.158639772698158,0.1587137806507642,0.1576456817413889,0.1566884000873896,0.1539999999999999,0.1515379390535217,0.1471377601940341,0.138518591787471,0.1293774212104508,0.1201703288277717,0.1109999999999999,0.0975422165910309,0.0783094494909732,0.0564712165432896,0.0301141285691851,0.0055232663059276,-0.0159999999999999,-0.0366755815343324,-0.0503088496774989,-0.0632114221065077,-0.0769276485009864,-0.0839367764224847,-0.088,-0.09157446527808,-0.092076281912857,-0.0882163897433876,-0.0832225941558666,-0.0805946033436189,-0.0780000000000002,-0.073909668278458,-0.0695040586872803,-0.0660322121757562,-0.0624140281305887,-0.0582231098960271,-0.0549999999999998,-0.0509801550733578,-0.0463541624875893,-0.0434639810897283,-0.0409221365914607,-0.0386783639305901,-0.0380000000000001,-0.0372389075539107,-0.0362007439928384,-0.0357223700164708,-0.034147952660291,-0.0315041443288815,-0.03,-0.0292529026968998,-0.027638110497472,-0.0263860864163999,-0.0256834578602217,-0.0249079004621886,-0.025,-0.0243098705796906,-0.022652018953981,-0.0209830596762699,-0.0195090044706189,-0.0189274397000295,-0.019,-0.0206034756358152,-0.0223222194031939,-0.0244088503982176,-0.0268965044452173,-0.02983113055913,-0.035,-0.035551828920992,-0.0321911939119146,-0.0238607269565915,-0.0064702037665415,0.0133226006527573,0.0419999999999999,0.0776996869119185,0.1168758876495578,0.1633171961596216,0.2095002493852848,0.25908373848957,0.303,0.3340012145494598,0.3508270914967933,0.3415941497918537,0.3151303957362166,0.2500807639029217,0.1259999999999999,-0.0389955428174149,-0.2329028790129455,-0.4303615188675047,-0.6075764443376531,-0.7245653389811724,-0.7660000000000001,-0.7699057742532175,-0.7273732747496643,-0.6419358581832268,-0.5488416119368966,-0.4620950867039883,-0.3989999999999998,-0.35392562687391,-0.3182036324488569,-0.287486748769837,-0.2553993624749673,-0.2278234651598928,-0.2039999999999998,-0.1897464427223186,-0.180918504071838,-0.1723562184704729,-0.1686846987442578,-0.1625704635991733,-0.157,-0.1494125731706139,-0.1362082220868366,-0.123263202142733,-0.1095315496151713,-0.0978084580537159,-0.086,-0.0761647225100691,-0.0720812328993643,-0.0696890853952876,-0.0687022737482749,-0.0679152687798743,-0.0689999999999999,-0.0693056538629891,-0.0679976034117582,-0.0679539934857848,-0.0660911320312924,-0.0648528226942404,-0.063,-0.0603200210768314,-0.0588294707491387,-0.0567781908974582,-0.055358330306236,-0.0506695484106531,-0.0429999999999999,-0.0354717550885176,-0.0285972883280071,-0.0210614974507339,-0.0085798147703005,0.002859031941718,0.0099999999999999,0.0152378861297433,0.0185876688516771,0.0224241636428702,0.026845041115427,0.0320017539101486,0.035,0.0364324279616466,0.0398230809765435,0.0423597990565417,0.0454084239924831,0.0484836386874039,0.051,0.0550957505495963,0.0605244609175426,0.0708762943473265,0.0817187853454018,0.0866769916663392,0.0899999999999998,0.0926973016312302,0.0937437572846626,0.0942033678018659,0.0935943518083892,0.0913860245281512,0.0869999999999999,0.0820529639500655,0.0748647627173789,0.060784883735568,0.0448687424836928,0.0298930498467945,0.0139999999999999,0.0005723812704511,-0.013555355539066,-0.0294543436792165,-0.0433709702354029,-0.056607734911733,-0.069,-0.08149165081617,-0.093158341964568,-0.1017725753568448,-0.1060203222048622,-0.1059060771419274,-0.107,-0.1087911374578989,-0.1097681033259411,-0.1093126126018422,-0.1050437626743833,-0.1014890403862026,-0.0989999999999998,-0.0956797747669461,-0.0922809396790566,-0.0894198809353679,-0.0867141911835227,-0.0820427229573279,-0.079,-0.0766856975891063,-0.0735792859404878,-0.072425792163014,-0.0694123709371595,-0.0652728900874944,-0.062,-0.0585934773084604,-0.0559660279634844,-0.0535034466302378,-0.0509885065477438,-0.0485654874720969,-0.0470000000000001,-0.0453562214945717,-0.0441220791259782,-0.0436850092153537,-0.0426601944815114,-0.043187998860315,-0.0429999999999998,-0.0420359511585025,-0.041645714738556,-0.0397729132363461,-0.0387511994539727,-0.0377277310515717,-0.0369999999999999,-0.0371102209917362,-0.0362835836208239,-0.0356165534576127,-0.0345388967793502,-0.0339125996042542,-0.0329999999999999,-0.0328045908988472,-0.033393860748104,-0.0322158205766336,-0.0318488401954039,-0.0275413115724738,-0.017,-0.000536695636434,0.0265960581491152,0.0621836241183536,0.1049290253539888,0.1528747970565119,0.205,0.2601447434646968,0.3124287520154026,0.3533055704022392,0.3689777914776383,0.3620458575731363,0.3259999999999999,0.2356788320212191,0.0950835548898776,-0.0828531459385486,-0.285496472907747,-0.4868771503497607,-0.6599999999999999,-0.7797139258975798,-0.835377645165481,-0.8296158711204332,-0.7765911134782301,-0.69804500028539,-0.6089999999999998,-0.522328207828971,-0.4443841320479506,-0.3771118925114621,-0.3227210359922327,-0.2789274457058841,-0.2429999999999999,-0.2159411175900631,-0.200917984950578,-0.1909621285114582,-0.179300303769583,-0.1690989276878219,-0.159,-0.1467900417675363,-0.1315241029518653,-0.1161761356313235,-0.1046089317822295,-0.0924352567144156,-0.0809999999999999,-0.0719976091343491,-0.0607885217434821,-0.0497036560600809,-0.0426470603173166,-0.0382064596963663,-0.0350000000000001,-0.0339848591987122,-0.034079773656728,-0.0338960376898427,-0.0341070823690076,-0.0338903596102215,-0.0329999999999999,-0.0313595157117215,-0.0300976631318512,-0.0297923668253034,-0.0282411151793468,-0.0267663891486393,-0.0249999999999999,-0.0224341563348798,-0.0195156420839012,-0.0113364524524833,-0.0014348722851709,0.0053736920521489,0.0149999999999998,0.0268859747958085,0.0361084198338454,0.0427474756909466,0.0480311895738767,0.0529769546753471,0.058,0.0644849382784433,0.0721535013357381,0.0787839143212578,0.0838510089527811,0.0877149258573231,0.091,0.0935208787954497,0.0964233461449177,0.1005429838035536,0.1046095739614079,0.108868702540351,0.113,0.1171558708957913,0.1209118990140475,0.12345724012041,0.1259536686884556,0.1270720317737644,0.127,0.125594885531989,0.1222036865721881,0.1195697372845392,0.1165412081717375,0.1103990587901724,0.0989999999999999,0.0854636455148717,0.0733090757069014,0.0596733840611133,0.0471565036629278,0.0310401071917267,0.0080000000000001,-0.0137557399607076,-0.0348613229209628,-0.0491810542091782,-0.0552255744644298,-0.0624632410524764,-0.0669999999999999,-0.0694230812772327,-0.0717034018693014,-0.0723437328388291,-0.0732478331840453,-0.0713577848213441,-0.068,-0.0647729815172672,-0.0606956627139226,-0.0561881527231914,-0.0509667055230384,-0.0474711753620198,-0.0449999999999999,-0.04249015189907,-0.039582602158563,-0.0354425472433995,-0.0313999497664582,-0.0271327075240532,-0.0229999999999999,-0.0187855917220947,-0.015702861268445,-0.0140029266087733,-0.012640468799945,-0.0131582865752626,-0.013,-0.0128717016723631,-0.013199020591792,-0.0128359624023953,-0.0128425999220603,-0.0103972738351908,-0.0090000000000001,-0.0084155000184943,-0.0063301545283348,-0.0057778182340224,-0.0042941364537283,-0.0042115213134495,-0.0049999999999999,-0.004900751551688,-0.0049033448703435,-0.0018584569584695,0.0008795286040954,0.003715004692242,0.007,0.0093615494815539,0.0128106397137688,0.0158608265197601,0.0220686273843669,0.0324184655697871,0.0499999999999997,0.0782991102140904,0.1157909815965629,0.1643323186082068,0.2199378781078612,0.2816000599030813,0.3410000000000001,0.3959227121615777,0.4454688154118361,0.4631446843937213,0.4597250773335563,0.4335718627269573,0.345,0.2062369405831539,0.0279457199609726,-0.1811115045649011,-0.3863299317053236,-0.5712038593846019,-0.704,-0.7652922900509073,-0.7788105537082598,-0.7543556024552708,-0.6876726393328402,-0.5930528683181626,-0.493,-0.3985112682142207,-0.3180221279836662,-0.2551745419921352,-0.2057655933421718,-0.1699416708811594,-0.1469999999999998,-0.1346469481305307,-0.1266637802268509,-0.1169857616165982,-0.1070949433446217,-0.0969125169202555,-0.087,-0.0779348739696287,-0.0675029782827694,-0.0565251285347857,-0.0479819739639196,-0.0418267124465402,-0.0359999999999998,-0.031621989720935,-0.0289336605639831,-0.0265973668545716,-0.0237306640452093,-0.0203870626007952,-0.0179999999999999,-0.0155341906282177,-0.0130261317379257,-0.0099088263238069,-0.0048576869767574,-0.0001922572895968,0.0030000000000001,0.0054414999453171,0.0090000628984181,0.0145928049456464,0.0223659941545746,0.0303737728711695,0.0350000000000001,0.0390771733323541,0.0430498476146105,0.0452416048755403,0.0484484931197147,0.0514548150725891,0.0529999999999999,0.0545981351679499,0.0569229249189586,0.0595593845647893,0.061976504673573,0.0644547641540239,0.0659999999999999,0.0675633354702675,0.0695777018030787,0.0703328321684047,0.0718523170241302,0.07449400234822,0.077,0.0830669081477497,0.0945928214500036,0.1081696979320211,0.1209320701944271,0.1320763147306367,0.1409999999999999,0.1483863156178262,0.15734095863871,0.1652704193250892,0.1696679971226486,0.1750874341729247,0.177,0.1744682575987876,0.1707947714949972,0.1578335933319808,0.1374332370153544,0.1142450454447636,0.0939999999999999,0.0816632012483343,0.0646570453281887,0.043016459950738,0.0206620404218599,-0.003666369295205,-0.0239999999999999,-0.0426441741226367,-0.0562793649737644,-0.0657085258812483,-0.0756369929363059,-0.0807260270451779,-0.0849999999999999,-0.0878533467128892,-0.0889297157898872,-0.0915257792691452,-0.0920241545591748,-0.0934077869457112,-0.0939999999999999,-0.0923039093129208,-0.090400845850419,-0.0864038521094798,-0.0825463001369977,-0.0779012376839654,-0.0719999999999999,-0.0661785964685094,-0.0607191929314316,-0.056635810204727,-0.0521311300949998,-0.0484099856657927,-0.0459999999999999,-0.0442105145203769,-0.0433682010848409,-0.0424191994285114,-0.0417575849012321,-0.040770316321518,-0.0399999999999999,-0.039262976176647,-0.0380769799458446,-0.0383951123181431,-0.0393730174630963,-0.0401043078794265,-0.04,-0.039881848281397,-0.0406657186479656,-0.0417287789226213,-0.0439564660671402,-0.0450199379825584,-0.0449999999999999,-0.0459204963489605,-0.0455009323602115,-0.0443925266190832,-0.0437358908749436,-0.0427608803911843,-0.041,-0.0384781765248374,-0.0361591317023965,-0.0325078468239578,-0.0261405439979286,-0.0168358437869747,-0.0030000000000001,0.017098419521374,0.0440926125824499,0.0739671143402471,0.1045074485555077,0.1394665409766831,0.1799999999999998,0.2247361857771481,0.2717320073633837,0.3196453466467737,0.3578501867779087,0.3719767584322992,0.366,0.3267364663309995,0.2276460105696722,0.0747744426218112,-0.1180909449508276,-0.3305669289270364,-0.5329999999999999,-0.6935191911484022,-0.7784487975550926,-0.8020234444486684,-0.7894047796870505,-0.7365830269556661,-0.6589999999999999,-0.5749768508694195,-0.4923448291694603,-0.4199373494574938,-0.3563042333367696,-0.2991960008838991,-0.2509999999999999,-0.2126722162635802,-0.1828144960207279,-0.1649948587963985,-0.1577283874487366,-0.1533137798811089,-0.1519999999999998,-0.1505730002635085,-0.1477976237732481,-0.1457631273018088,-0.1426406023166012,-0.1393216749768239,-0.1349999999999998,-0.1279839364049394,-0.1157959092997994,-0.101938162811512,-0.0904933172108286,-0.0787232896019678,-0.0699999999999999,-0.0640920157682171,-0.0593939713722443,-0.0557195125231747,-0.0514268806772638,-0.049898586425673,-0.0489999999999999,-0.0480775374442817,-0.0470311152117794,-0.0445474498139599,-0.0439155358375013,-0.0425907546650358,-0.0409999999999997,-0.040225559278807,-0.0392199665057748,-0.0383997890478092,-0.0358402107374591,-0.0336000781951415,-0.0299999999999999,-0.0234203892931215,-0.0161022533013717,-0.008586554042137,-0.0029953594244189,0.0020524684547182,0.007,0.0112063881083585,0.0147946123798579,0.0179164258659212,0.0212074480735894,0.0235097655705379,0.0279999999999999,0.0331672354709572,0.0380353286260823,0.0461624936775186,0.0539105724248924,0.0616269935971595,0.0689999999999999,0.0754644135833824,0.083769379834022,0.0912391960220742,0.0973080846803898,0.1016844682788746,0.1040000000000001,0.1042592214193333,0.1022460612992062,0.098431954499973,0.092499218542884,0.085246698410844,0.072,0.0565148482527202,0.0446127795479983,0.0288112641906291,0.0111828112602442,-0.0054048382354672,-0.0229999999999999,-0.0411074561772432,-0.060876737779128,-0.076528807197065,-0.0868527819989657,-0.095538916138505,-0.1009999999999999,-0.1043905328219087,-0.1071433390277769,-0.1090686505175502,-0.1106212235968484,-0.1123632821352577,-0.1140000000000001,-0.1149876356340945,-0.1136594573891205,-0.1086406676434102,-0.1026490877456391,-0.0968219479820637,-0.091,-0.0851647541970558,-0.0798122602766141,-0.075000051645348,-0.0679743476134064,-0.062198154933158,-0.0600000000000001,-0.0583152876042205,-0.0567359551219861,-0.0552086853382784,-0.0577926571089719,-0.0642146710713654,-0.068,-0.0704192405532633,-0.0731919021174401,-0.0749628368807148,-0.0767775743241395,-0.078144945765992,-0.078,-0.0772632282970409,-0.0752064176945513,-0.0723100475955115,-0.070168560363935,-0.0673514396458142,-0.064,-0.0599845793172843,-0.054870629393436,-0.0507015365626947,-0.0481636693682703,-0.0467410830419142,-0.045,-0.0425466805185547,-0.0394678364075193,-0.0358082405227442,-0.0331229248041601,-0.0317256660132133,-0.0279999999999999,-0.0169451993794568,-0.0011742974488,0.0188578662984462,0.0473633035409448,0.0825763951813853,0.1259999999999999,0.1778862216994569,0.2353317902535913,0.2934056339609499,0.3442103505180452,0.3834667093059516,0.3989999999999999,0.3810047369122664,0.3234059746468126,0.2179599781369485,0.0679599231228712,-0.1214457076052452,-0.331,-0.5333581963488452,-0.7024449249344088,-0.8027083230770816,-0.8366511528454428,-0.8278479692714393,-0.773,-0.6804810218645131,-0.5782813633225056,-0.4828220256731833,-0.3969570593544435,-0.3249974069655508,-0.2699999999999999,-0.2287851128584146,-0.198813507385951,-0.1762724553097494,-0.1632418641735472,-0.1595117490645102,-0.156,-0.1531762144294383,-0.1526042349308945,-0.150108473731743,-0.1443144219123739,-0.1363490457428957,-0.128,-0.1181459473292579,-0.1081124334136113,-0.1010992684724372,-0.093703971628302,-0.083968745881014,-0.0729999999999999,-0.0589895966632195,-0.0452615675091293,-0.0356534484860167,-0.0283615178656357,-0.0245519121655345,-0.023,-0.021253243253496,-0.0203321723256205,-0.0194251180991632,-0.0187995713636982,-0.0176653948087125,-0.0159999999999998,-0.0152026296549281,-0.0137386691311084,-0.0119855279379115,-0.0103024830055608,-0.0087160713404308,-0.0070000000000001,-0.0038078011226666,0.000766629536951,0.0065903049839691,0.0120419536661052,0.0170625736272212,0.0229999999999999,0.0296211423584302,0.0364284304996947,0.0428465803233444,0.0498801858209661,0.0560543896048336,0.061,0.0682055438326208,0.0778707395411614,0.0881136959904629,0.0979112307004158,0.1079909259845101,0.1159999999999999,0.1209623827058517,0.1267238269497121,0.1317501652719202,0.1355586814199044,0.1398666362517694,0.144,0.1468943181192837,0.1451170603352314,0.1389493358306837,0.1300105826945441,0.1171313817492746,0.102,0.0877046796490717,0.0743020812835208,0.0613494854893487,0.0487870678140978,0.0323024910129709,0.014,0.0003242190305673,-0.0109021631412742,-0.0203639036335654,-0.0279663419814662,-0.0355780633536559,-0.0449999999999999,-0.0568594433471718,-0.0651778348508718,-0.0690877072698017,-0.0721522195066729,-0.0743989040810669,-0.0759999999999999,-0.0761164401236003,-0.0754399401231204,-0.0738081137057396,-0.0706608455662089,-0.0673059345031879,-0.0630000000000001,-0.0558743883869764,-0.046126202220396,-0.0405057037376601,-0.0397744717159947,-0.037376615696517,-0.0349999999999999,-0.033366424573399,-0.0320338069110629,-0.0321113254091407,-0.0319881029754233,-0.0334342147249542,-0.0350000000000001,-0.0356969409855316,-0.0374478901029472,-0.03895893965227,-0.042789257730177,-0.0432924920854383,-0.0349999999999999,-0.0272217767806228,-0.0207730157168877,-0.0145180386227,-0.0103204945498212,-0.0048450325129833,1.7053025658242402e-16,0.0049327978678677,0.0091935870883158,0.0111296313236106,0.0143864121883357,0.0161578147096589,0.0170000000000001,0.0165273375479734,0.0136987365475985,0.0120547961840559,0.0080397159685845,0.0046855048571554,0.0049999999999999,0.0091609398821821,0.0219644844479738,0.0411175447622827,0.0678995067333014,0.1037736297424659,0.147,0.1965884057974591,0.2503166516176667,0.3072644321026236,0.360490692935964,0.406271908653096,0.4339999999999999,0.4366269681966272,0.4185287949866734,0.3535130727965562,0.2295560167239859,0.0638856691530821,-0.1349999999999999,-0.3422287687755478,-0.5297345553291191,-0.6737182575269299,-0.7570206591095024,-0.7827307873699112,-0.7549999999999997,-0.686218335560843,-0.5920847959317688,-0.4907499881967204,-0.4032515135157723,-0.3333238942125632,-0.2789999999999998,-0.234213319510057,-0.1973474616724436,-0.1715315937515943,-0.1491873216903952,-0.1309390650198231,-0.1179999999999999,-0.1039755112256072,-0.0894556876363443,-0.0760203336372829,-0.0625678918970793,-0.0495926486822715,-0.0399999999999999,-0.0325772243379149,-0.0243305515187174,-0.0160818922658228,-0.0075043607836364,0.000383477006688,0.0059999999999999,0.0130595139993132,0.0234591305426759,0.0301245052248244,0.031163799310836,0.0322776828708765,0.0329999999999999,0.0337235082848156,0.034867579056575,0.0352269773171436,0.0367365080553228,0.038260801151591,0.0400000000000001,0.0418069730859268,0.0425781813089938,0.0436934256905767,0.0439608057382926,0.0441146057546183,0.0449999999999999,0.0464703131597862,0.0500730934294298,0.0550394079075831,0.0598114477682888,0.0637865761463726,0.0689999999999999,0.0778241148162579,0.0893764044587942,0.100112587322932,0.1077908120949559,0.1142472371732634,0.12,0.1271059234818157,0.1376619290113991,0.1476551129354955,0.1542508847627372,0.1589669775483589,0.165,0.1711090306164609,0.1747156940836126,0.1781103641900731,0.1808918738846419,0.1822287589399596,0.1829999999999999,0.1815857109860685,0.1783028808995103,0.1751561516410887,0.1710230139230036,0.1630255915212768,0.151,0.1376288281372536,0.1245020850664261,0.1101869822637942,0.0949362220394505,0.0799566505063107,0.0639999999999999,0.0481203905941939,0.0323048897638671,0.0173502554915592,0.0054654526314465,-0.0064581681894909,-0.0179999999999999,-0.0287390485653292,-0.0396134289227096,-0.0465656589763785,-0.050418351880245,-0.0535631807115611,-0.0559999999999999,-0.0578049462671631,-0.0581843414036431,-0.0573348433738201,-0.0547570240671565,-0.0513328430464191,-0.0480000000000001,-0.0439526760272675,-0.0385316132779159,-0.0324548384501449,-0.0290722122771377,-0.0277268684354036,-0.026,-0.0242895206444903,-0.0231945875740278,-0.022676417407479,-0.0214516412197521,-0.0210911602219995,-0.0220000000000001,-0.0227849260421538,-0.0238519477370577,-0.0238704999575245,-0.0245148648822873,-0.0262849226161261
-0.027,-0.0285550522323114,-0.0301835108239673,-0.0285300688925715,-0.0241282517280551,-0.0204138047011941,-0.0179999999999998,-0.0154541916007756,-0.0135898526867607,-0.0120296109640402,-0.0103580815566357,-0.0085756089261819,-0.0059999999999998,-0.0042138031339532,-0.0029020033240257,-0.0004135609854871,0.0019103763428529,0.0062358129894958,0.0149999999999998,0.0276413432866069,0.0480011361179315,0.0735357352257642,0.102445961088244,0.1400470607307319,0.1809999999999999,0.2254995202121274,0.2720128448243822,0.3132984403322359,0.3511678976716754,0.3708451951797075,0.3699999999999999,0.3508535549737063,0.2820533719968198,0.1579005481328686,-0.0083440392132546,-0.2086750817286762,-0.4159999999999998,-0.6032100495567204,-0.7443373365908637,-0.8212038037472986,-0.8360152520528951,-0.7993132154446397,-0.7289999999999999,-0.6442126010706241,-0.5604804481594434,-0.4836222926073395,-0.4119537375881569,-0.3465245424606905,-0.2899999999999998,-0.244809096908526,-0.2090386567136229,-0.1813593907993887,-0.1600050797209959,-0.1446846767184081,-0.139,-0.1365975498234353,-0.1342387495345462,-0.1338145192545209,-0.1321822932859305,-0.130852646197269,-0.1299999999999999,-0.1283609520862529,-0.1262039608808227,-0.1230076749495492,-0.1194753589651288,-0.1135219512801408,-0.105,-0.0966189842246021,-0.0884155318143979,-0.0798427094097755,-0.0721103159045965,-0.0657826553283988,-0.0599999999999999,-0.0557512907741362,-0.0513168829532831,-0.0455717673790156,-0.0418292170133716,-0.03953355265689,-0.037,-0.0344615584160855,-0.032529208973697,-0.0311781805605711,-0.0290083393854738,-0.0265713953212752,-0.025,-0.0234344257531442,-0.0209929489234786,-0.0184334498985391,-0.0135037389535077,-0.0053462624517952,0.0019999999999998,0.0115055753611372,0.0247762925058865,0.0372920854741374,0.0479719925288842,0.0551530226051957,0.0609999999999999,0.0692025086415007,0.0782512398589788,0.0879075051771847,0.0980443391747588,0.1079485097049267,0.1169999999999998,0.1245818700465566,0.1314726187431807,0.137499691347891,0.1435587237038304,0.1502617281847379,0.1550000000000001,0.1596992691645408,0.1660113739053401,0.1650845570299245,0.1561265534146732,0.1471260571874251,0.1339999999999999,0.1177746745656907,0.1048995467496374,0.0873955790839339,0.0627519367193918,0.0367235995591095,0.01,-0.0137094314028729,-0.0355834948779031,-0.0585952520770694,-0.0735214489634165,-0.0801713132100429,-0.0859999999999999,-0.0887390845796647,-0.0907240340377353,-0.0935055486608354,-0.0941144873108655,-0.0953232089397685,-0.0959999999999999,-0.095206240454458,-0.0934357067259518,-0.0894112824586776,-0.0855092568326038,-0.0809782747125858,-0.0760000000000002,-0.0704942207197532,-0.062168496224805,-0.0552222312412862,-0.0496987850395383,-0.0440163694768138,-0.0410000000000001,-0.0393059365935898,-0.0381889406460739,-0.0376452840465602,-0.0365242617625387,-0.0359817374993785,-0.0360000000000001,-0.035232568877304,-0.0342066419852966,-0.0339103848823465,-0.0341878159467179,-0.0352559048333155,-0.0359999999999999,-0.0359144265640745,-0.0367487773553537,-0.0367484681507032,-0.03556086814117,-0.0348158631226102,-0.0329999999999999,-0.031200848340194,-0.0303688515117205,-0.029433877284839,-0.0287346608136883,-0.0277895657059997,-0.0269999999999999,-0.0255911759924783,-0.021739050721952,-0.0178141783010822,-0.0146586594762779,-0.0098983476027362,-0.0040000000000001,0.0031271515290122,0.0147657264874748,0.0317390584324498,0.0531912803943437,0.0813010652744023,0.1179999999999998,0.1616698344346367,0.2095046680565666,0.2576967634097154,0.3020873528973255,0.3381753182980841,0.3579999999999998,0.3596840517278164,0.3411839388689407,0.2838000711208212,0.1786672129019917,0.0327221018026622,-0.1489999999999998,-0.3477684564259017,-0.5347229156852498,-0.6826553753655464,-0.7725015059019943,-0.8007997508984029,-0.7709999999999998,-0.6979763241944504,-0.6016640249525972,-0.5024511568637009,-0.4187536860966555,-0.3519426468472206,-0.3029999999999999,-0.268162775064015,-0.2407445439290386,-0.2244506736383226,-0.2117880793522286,-0.1998762710486566,-0.1879999999999998,-0.1684698885113869,-0.146054213540432,-0.1235697357124252,-0.1060688564924083,-0.0948299671871702,-0.0839999999999999,-0.0764373199698362,-0.0678057405134363,-0.059922273659169,-0.0569959871452447,-0.0532057926490762,-0.0509999999999998,-0.0494890530677787,-0.0473600365344157,-0.0466574112953029,-0.0453883609305403,-0.0435830092595112,-0.0409999999999999,-0.0392254587198191,-0.0378020907946033,-0.0359141688198521,-0.0342172282792402,-0.0314289601903188,-0.0289999999999998,-0.0250318095158488,-0.0203637071880953,-0.0168457157102841,-0.0120038834607469,-0.0084311912320667,-0.0049999999999999,-0.0014068244035815,0.000131230725784,0.0029549252850012,0.0060936350846923,0.008549783958847,0.012,0.0160873999549982,0.0209707827642916,0.0259419697103775,0.0313450234963532,0.0385432192154233,0.0459999999999999,0.0526658186050878,0.0593862432252401,0.065844602107384,0.0731318609422097,0.0817328678063099,0.0899999999999998,0.0969788217783818,0.1004374150708543,0.101837997488164,0.1038000119141134,0.1052207664757932,0.1059999999999998,0.1060233164464856,0.1060579544255313,0.1053642951056503,0.1028325905306067,0.0991461677634934,0.0939999999999998,0.0869649943058679,0.074784706552326,0.0610345655454731,0.0490124172611949,0.0338152212098556,0.02,0.0064540852940826,-0.012818564764876,-0.0329550807493366,-0.0531322013381419,-0.0711261647636743,-0.0829999999999999,-0.0908232472418271,-0.0955799948141461,-0.099084263821511,-0.1019699193619592,-0.1031151796243506,-0.1029999999999999,-0.1007494554858718,-0.0966283289273403,-0.0926691769713669,-0.0877543987439303,-0.0803631390465306,-0.0719999999999999,-0.0657522114368441,-0.0633948223279229,-0.0624242998555311,-0.0619474667025168,-0.061916698833509,-0.0610000000000003,-0.0609652838861167,-0.0605124449958051,-0.0594081038473545,-0.0585170173455854,-0.0567047876067181,-0.057,-0.0579555433227424,-0.0584426028013221,-0.0597970022449797,-0.0599118968795754,-0.0600839854125944,-0.0599999999999998,-0.0591805275575432,-0.0578554642506671,-0.0557886751247738,-0.0545279124207805,-0.0525369059182259,-0.0509999999999998,-0.0502491223842913,-0.0491073384039299,-0.0491160174577714,-0.0487035924131701,-0.0478114447006916,-0.046,-0.0426886821780442,-0.0393076005664434,-0.0362851341109695,-0.0342069107674512,-0.0312796894861495,-0.027,-0.0207006141518969,-0.0104670573428332,0.0051808053201617,0.0279062260398488,0.0576196059441138,0.0969999999999999,0.1440774683216039,0.195403071492876,0.2494796940266538,0.3013322422449185,0.3470788145008348,0.3719999999999998,0.3720917759272173,0.3509117447816895,0.2836181902632123,0.1616462314746482,-0.0017600601329027,-0.2,-0.4095958905027603,-0.6000705474341973,-0.7502103624200015,-0.8442651342801243,-0.8766453187979341,-0.852,-0.7826468936760168,-0.6879065211163283,-0.5896403512080044,-0.5012283448162167,-0.4275399082293994,-0.3689999999999998,-0.3209034759988339,-0.2779253833023107,-0.2403488590687874,-0.2114281500921926,-0.1888798683022,-0.172,-0.1601641059872472,-0.1500801016762269,-0.1434401634189563,-0.1373350871343023,-0.130882341770587,-0.1259999999999999,-0.1200740272003814,-0.116042081612031,-0.1131213341579709,-0.1099348937433293,-0.1088413855125089,-0.1069999999999997,-0.1037468581496904,-0.0996815891192528,-0.0958157630975237,-0.0927893106924004,-0.0892032332927837,-0.0839999999999999,-0.0764828206402242,-0.0700753986426108,-0.0646742834063841,-0.0586115837107465,-0.0527238442682456,-0.0449999999999999,-0.0380494426353441,-0.033097384232031,-0.0278099244721799,-0.0233407359689565,-0.0191240583635366,-0.015,-0.0116701695073879,-0.0078819093333682,-0.0029340831221329,0.0017149195480939,0.0059730532299282,0.013,0.0229217225959568,0.0330911005165402,0.0429017894993433,0.0530242623908747,0.0614344411578365,0.0679999999999999,0.0762536019738565,0.0842649215347437,0.0910564547926367,0.0971927506264546,0.1004832807124393,0.103,0.1055569303673742,0.1079163251415418,0.1103787932353057,0.1110353389715277,0.1110730432005117,0.1119999999999999,0.1129568736207548,0.1124813123363606,0.1114220344004614,0.1105574591598726,0.1085655546413885,0.1069999999999999,0.104841641704202,0.0984570108365472,0.0847478043069671,0.0646873708921823,0.0452836308452383,0.0260000000000001,0.0058467272452955,-0.0135412200160179,-0.0352219621868597,-0.053031561437655,-0.062492597032117,-0.069,-0.0733898831597158,-0.0761121605484803,-0.0778436843355183,-0.0779134479076298,-0.0781245554372964,-0.0789999999999997,-0.0791532873814535,-0.0778162153370103,-0.0756239227767908,-0.0727356186913987,-0.0693336064228862,-0.0660000000000001,-0.061829390584292,-0.0586041370268489,-0.057243801709806,-0.0549128271241015,-0.052655075521407,-0.0510000000000001,-0.0484892298044578,-0.046502855224807,-0.0454380967326831,-0.0446208882873239,-0.0423800233842156,-0.039,-0.0364965694599759,-0.0338660575132916,-0.0323060961018712,-0.031707871146358,-0.0309127686221609,-0.0310000000000001,-0.0302105002956477,-0.0297953093626495,-0.0301551466560229,-0.0299425306578558,-0.0299030621081814,-0.0279999999999999,-0.0261582704674422,-0.0254028084337721,-0.0246668460631943,-0.0254127757928164,-0.026112801504425,-0.027,-0.027142031665433,-0.026755760146677,-0.0273194540024444,-0.0265611822864032,-0.0259002401647192,-0.024,-0.0185389313230797,-0.0089986025348404,0.0041160677592992,0.0200728597288994,0.0447137744670178,0.0769999999999998,0.1155090578544673,0.1586824797539542,0.2029311935111808,0.2517957774704945,0.2978893552779344,0.345,0.3855850421875478,0.3955086097962274,0.3931661566878544,0.3658457805966786,0.2809524379076826,0.1529999999999999,-0.0194807635516206,-0.2234461904591894,-0.4285354849568338,-0.6192956153621584,-0.7521329470684149,-0.8109999999999998,-0.8197339566008375,-0.7816239163351102,-0.7038992574347351,-0.6124081876597561,-0.528309707177396,-0.4589999999999999,-0.4023261156082162,-0.3526464903276308,-0.3075723822791646,-0.2673282127655377,-0.2296957799963089,-0.1960000000000001,-0.1664249808562861,-0.1426174328349382,-0.1287831289822116,-0.1192221035603484,-0.1103835091124078,-0.1029999999999999,-0.0947914082932535,-0.0853059550983467,-0.0740159540715481,-0.0625855169132174,-0.0517541555001812,-0.0399999999999998,-0.0304742366121914,-0.0236322173022127,-0.0174269572885963,-0.0140883676068611,-0.0127442048768952,-0.0119999999999998,-0.0128787675605558,-0.0125465484119308,-0.0113967969789113,-0.0105321182172396,-0.0086502360311585,-0.0079999999999998,-0.0072988428320039,-0.0057293617696271,-0.003309891182427,0.0003520212686817,0.0025025332080808,0.01,0.0250521990068102,0.0374961990897967,0.0453487594797505,0.0511448575596199,0.0558960624875427,0.06,0.0641589575263415,0.067522468265583,0.0680171078501481,0.0682104860688634,0.069253436675238,0.071,0.0727018317297342,0.0747794724351197,0.0773726507108667,0.0791687869242635,0.0917103769593574,0.1109999999999999,0.1184539786701032,0.122453135507061,0.1281871328939864,0.1312277572575194,0.1376569193774939,0.1459999999999999,0.1520233539587375,0.1564996547715867,0.1594742058406718,0.1572205454842036,0.1491735631242706,0.1389999999999999,0.1257012113512893,0.113889639250837,0.103288730622126,0.0895074203601038,0.0792048111871556,0.0670000000000001,0.0486617135434133,0.0306711697729951,0.0108815291536545,-0.0057126915013258,-0.0174394885534396,-0.0319999999999999,-0.0456867683600142,-0.0567883010462716,-0.0664030617002204,-0.0714479983058678,-0.0732213172885432,-0.0739999999999997,-0.0756534831532546,-0.0756997154532995,-0.0698204674122475,-0.061948269243988,-0.0544159832123094,-0.046,-0.0390389887147453,-0.0349618371361221,-0.0329569615671942,-0.0312973698170831,-0.0297619240694489,-0.0290000000000002,-0.0281739414299845,-0.0273600977778254,-0.0263805757434101,-0.0260977142037419,-0.0272502183960925,-0.0279999999999999,-0.0287778352842096,-0.0297555296459534,-0.0303999028387915,-0.0314221500106663,-0.0321112970596784,-0.033,-0.0339143527266369,-0.0344537414959574,-0.0361310046868899,-0.0371901947520085,-0.0369544654192878,-0.037,-0.0369658618965218,-0.0375607529159453,-0.0385731008265391,-0.0393065982005807,-0.0401243658165637,-0.0399999999999998,-0.0391944540483406,-0.0378448168016377,-0.0355672545158816,-0.032646107074871,-0.0262957813630429,-0.015,-0.0024011922117854,0.0099842506321889,0.0274205715964948,0.0533298240479413,0.0876713426284006,0.133,0.1874106224110311,0.2472109557112502,0.308795666179213,0.3662717557136253,0.4142248620522454,0.439,0.438530895957454,0.412372595679234,0.3310104148857839,0.1874779253671553,0.000670620856447,-0.2169999999999999,-0.4353672888669641,-0.622470273206179,-0.7583273401594132,-0.8296798552017649,-0.8394653562513139,-0.7979999999999999,-0.7237719286059531,-0.6380727901852676,-0.5554450567169609,-0.4834062225964072,-0.4182152513561989,-0.356,-0.2992292104555972,-0.2530607363115239,-0.218182416362227,-0.1911335333799707,-0.1731019426628421,-0.1609999999999999,-0.1486197362085148,-0.1353565751924601,-0.1219641347113254,-0.1088660547982352,-0.0982776196263224,-0.0929999999999999,-0.0897598662288248,-0.086084957853163,-0.0836688079018725,-0.0805004133216034,-0.0761256780687262,-0.0720000000000001,-0.0672223246344708,-0.0601365272686189,-0.0527749462639687,-0.0461074590970572,-0.0355723242367945,-0.024,-0.0155070017175425,-0.0083873674449685,-0.00292344850322,0.0020168989037727,0.006961428679569,0.0119999999999999,0.0171267275593922,0.0212114213095443,0.0260769487836141,0.0304518850670562,0.0322040603616619,0.0329999999999998,0.0338345351740022,0.0346362018850463,0.035806533869559,0.0378492723175012,0.0391500685223951,0.04,0.0417129046827757,0.0426889225921878,0.043835824814256,0.0457142444080757,0.0474746571763821,0.0529999999999999,0.0643653234229296,0.0776525799780264,0.0912854118674444,0.1059736433300749,0.1209525086174848,0.1339999999999999,0.1419154047591712,0.1470217645391943,0.1514777683560896,0.1536716170178945,0.1553265466055889,0.1559999999999998,0.1552118545467546,0.153835397322193,0.1515774984952829,0.1486809641037958,0.1438921565601726,0.1369999999999999,0.1249606529168077,0.1111536353939262,0.1011075952968268,0.0858617693180038,0.0661729906006751,0.0479999999999999,0.0295543533759581,0.0122043205573429,-0.006375738193306,-0.0229133279835671,-0.0356323922205262,-0.051,-0.0655302041054354,-0.0773680333471771,-0.0885516526769309,-0.0968712364561725,-0.1017733871461071,-0.105,-0.1076921724173943,-0.1078615265705531,-0.1049198323385731,-0.0996958363931523,-0.0939011780862499,-0.0879999999999999,-0.0797311275303291,-0.0715021236480759,-0.061273461196803,-0.0476394430886533,-0.0388094770291613,-0.035,-0.0323902955609437,-0.0306531685210138,-0.0292278127819912,-0.0290657340382623,-0.0289111335329738,-0.0289999999999999,-0.030639262258613,-0.0323083434156391,-0.0341142815673401,-0.0353579338145873,-0.0362527490346896,-0.038,-0.0396278626404096,-0.0419420166125854,-0.0442428876700532,-0.0453905302942212,-0.0460359461364305,-0.0449999999999999,-0.0432683181027535,-0.0418467158807014,-0.0394209507380942,-0.0374214396529044,-0.0368860710961816,-0.0349999999999999,-0.0323364116308669,-0.030546841966849,-0.0252685708720876,-0.0185346329655801,-0.0126421316772928,-0.004,0.0049610674507883,0.01796749513211,0.0362076062254749,0.0570559123729998,0.0866257055457571,0.1229999999999999,0.1677996263415924,0.2201225470152814,0.2725336107846715,0.325932023889054,0.3646512076337367,0.3789999999999999,0.3735858715769728,0.3329654826882187,0.2429270674005187,0.1064261263583234,-0.0655772354270151,-0.2569999999999999,-0.4434347985442992,-0.6025207272934269,-0.7125849910480655,-0.7560267721736765,-0.7559503236085888,-0.726,-0.6537980599980968,-0.5637822799689234,-0.4787362644028196,-0.4012900248368168,-0.3358647174472877,-0.282,-0.2408622916490991,-0.2106363562687332,-0.1935617861399794,-0.1865444815922101,-0.1796344251776737,-0.1739999999999996,-0.1660993735624753,-0.1553305184994659,-0.1437025536723541,-0.1289360164515594,-0.1155517556719736,-0.1039999999999999,-0.0952145217628753,-0.0896147580485257,-0.08242924576069,-0.075556071189163,-0.0713368718438803,-0.0689999999999999,-0.0673474503207256,-0.065628823546587,-0.064051682188627,-0.0622808962914709,-0.0607071833295255,-0.059,-0.0565382692497633,-0.0539575657398174,-0.0513461305082863,-0.0470325325975508,-0.0421110117530527,-0.0379999999999999,-0.032966412037824,-0.0290818032870329,-0.0261670177736804,-0.0227132710835017,-0.0206337370600193,-0.0179999999999999,-0.0153663014765322,-0.0132907295596202,-0.0098034710882159,-0.0070853225938852,-0.0042918626964229,-2.2105774001425338e-17,0.0041562089164767,0.0088177982977956,0.0144609795790973,0.0203651424663178,0.0261054533328814,0.031,0.0351118472756447,0.0403473560991218,0.0471654114298223,0.0532939856725666,0.0593691078173612,0.0679999999999999,0.078741405935298,0.0899210361337739,0.0991479435793362,0.1049856778506575,0.1085867374429424,0.1109999999999998,0.114232140190273,0.1174745007818152,0.1178733617158177,0.1161478485780017,0.1133684252607069,0.1079999999999998,0.0938707084808859,0.0742125745304512,0.0562666723125779,0.0351985161967625,0.0170909793769566,0.004,-0.0154473081191134,-0.0385418734084333,-0.0622926990435054,-0.0815003353373763,-0.0916317344639387,-0.0990000000000001,-0.102673620387183,-0.1047511459764978,-0.1073134060497346,-0.1059751404820751,-0.1021309708753309,-0.097,-0.0918638923606698,-0.0881173299443109,-0.085590625715323,-0.0825621658181286,-0.0781068615771828,-0.0739999999999999,-0.0697253741279154,-0.0673244138404972,-0.0663077478306405,-0.0639780890842501,-0.0614852125485559,-0.059,-0.0587987150411582,-0.059313266750299,-0.058389734721073,-0.0577501013851735,-0.0568456216930223,-0.0569999999999999,-0.0571360963600934,-0.0563375839059348,-0.0551975942219035,-0.0533118713114033,-0.0530851811046722,-0.053,-0.0520891519187545,-0.0519680670199213,-0.0520146679286019,-0.0519633950354855,-0.0520943567823291,-0.0529999999999998,-0.0530894224463555,-0.0529192256017859,-0.0527724500866401,-0.0514864549370847,-0.050880569624619,-0.0489999999999997,-0.0464002363628475,-0.0441888085331589,-0.0413057373409799,-0.0388021065268009,-0.0306462407962339,-0.0159999999999999,-0.0031365439682748,0.0080058384023422,0.0262398651323906,0.053508611950192,0.0830300986259486,0.1159999999999999,0.1524340635789038,0.1928300610091782,0.238762859597831,0.2818460090697625,0.3259834939327147,0.3619999999999997,0.3728655901303932,0.3680597211715555,0.3303315040514959,0.2379555831992494,0.1015266397947661,-0.074,-0.2728546977044518,-0.4691684582979499,-0.6389547514694635,-0.7522079918765143,-0.8014821883678477,-0.8039999999999999,-0.7688387201549897,-0.6960846765910625,-0.6088373943301774,-0.5285825249498184,-0.4506366378394975,-0.3799999999999999,-0.3184577110960869,-0.2672095344297754,-0.2337389753510519,-0.2085869034271424,-0.192731062983548,-0.1809999999999998,-0.1618525733302311,-0.1445456252567946,-0.1269065013774218,-0.1073123305298604,-0.0879961964265696,-0.0699999999999999,-0.062654570974118,-0.0583931013804436,-0.0532306536460205,-0.0513708708283347,-0.0482498876834392,-0.0449999999999999,-0.0417271936142537,-0.0383267599053085,-0.0344250234859533,-0.0284614386312168,-0.0215261119890906,-0.0150000000000001,-0.0145240803259757,-0.0157917363105458,-0.0133706371599309,-0.0138162553890512,-0.0179077367889564,-0.022,-0.0245694231746418,-0.0270115695211626,-0.0286699769650667,-0.0270907011818532,-0.0243606993615828,-0.019,-0.0107618526052531,-0.0006900744747196,0.0160080945769908,0.0377462479642488,0.0561449758483353,0.068,0.0750210267639075,0.0789327281627982,0.0812414281327183,0.0822894914083664,0.0832952482258893,0.0849999999999999,0.0858242324063744,0.0872582388076622,0.0887039366052864,0.0893468416906069,0.0915440127492839,0.0939999999999998,0.0963272192264013,0.1014069952442987,0.1119100413954247,0.1227321588503275,0.1276545511273864,0.131,0.1337400757901813,0.1346467733881163,0.1353724036310853,0.1342458487238535,0.1313663784317783,0.1279999999999999,0.1233792109806801,0.1141187020999015,0.1008950342362317,0.0876969590532085,0.0728401376801999,0.057,0.0419958727836364,0.0269825658588583,0.0119895784713387,-0.0027239181157442,-0.0154327261058354,-0.029,-0.0443790179413044,-0.0542193050564793,-0.0573299951661313,-0.0583481848228847,-0.0591642139770864,-0.0599999999999999,-0.0608213320866036,-0.0617443071609157,-0.0618971284994598,-0.0600523508536887,-0.0575257018839788,-0.0549999999999999,-0.0516357541999768,-0.0489528037801454,-0.0461746045644314,-0.0427195080580708,-0.0406326605469611
-0.0380000000000001,-0.0353298017562408,-0.0338099781458916,-0.031707396205604,-0.0309569471427637,-0.0308973226706594,-0.0299999999999999,-0.0292748967969991,-0.0271145418116855,-0.0247386830319894,-0.0235050685419065,-0.0215749864138243,-0.02,-0.0184769676560819,-0.0158732926010939,-0.0140309443727756,-0.0120687757358706,-0.0095667527081262,-0.0079999999999999,-0.0056456305094566,-0.0023102358471894,0.0010076151137964,0.0040770340539128,0.0049803031112308,0.004,0.0009611530538345,-0.0041958059266146,-0.0082924692659455,-0.0133484063516196,-0.0187705928362163,-0.0189999999999999,-0.0152408671666094,-0.0060452594752234,0.0115177609283914,0.03752996781605,0.0725945712051799,0.1139999999999999,0.1632754861630873,0.2174295027235136,0.2717731543555817,0.3260101020998341,0.3664841981320896,0.3899999999999997,0.4002169723439072,0.3910583074870118,0.360756357893113,0.290615955744324,0.1692158725270938,0.0089999999999999,-0.1817839965153452,-0.3809689325554715,-0.5586270660172339,-0.6914715878733914,-0.7665111948719024,-0.789,-0.7641356901210683,-0.7000957606202164,-0.6126159006743875,-0.5190320966465539,-0.4355420916767157,-0.3680000000000001,-0.3158237665873285,-0.276141561067703,-0.2451857031241978,-0.2160975636460909,-0.184622167744124,-0.1529999999999999,-0.1238018768236722,-0.1055748088415996,-0.098619754476448,-0.0945739557168626,-0.0927867836521687,-0.0909999999999997,-0.0876473374154201,-0.0848650728533164,-0.0826657064008767,-0.0797135239803358,-0.0762091311750167,-0.069,-0.0562529383495367,-0.0487879479090598,-0.0471856352364199,-0.0453830713764287,-0.0448391948067952,-0.0419999999999998,-0.0392410426717483,-0.0378800979442561,-0.0359874574321459,-0.0362741848651138,-0.0357476984916326,-0.0349999999999999,-0.0351014139061726,-0.034314527208903,-0.0335567832055429,-0.0326198660705853,-0.0318219577557987,-0.0299999999999999,-0.0254468562619257,-0.0163210841084471,-0.0063293044043973,0.0006748159062779,0.0087842796639003,0.0179999999999999,0.0280298942140487,0.0361531590611793,0.0400243462252354,0.0432255359725906,0.0454298432685162,0.049,0.0525926618736482,0.0546835396451733,0.0581951445585678,0.061286702262955,0.0677002993628737,0.0770000000000001,0.0860232650053995,0.0958452740554324,0.1023817568299012,0.1067581197977716,0.1106298332953652,0.1130000000000001,0.1155393087275061,0.1170470377081689,0.1162782920343016,0.1140128452197115,0.1114635235227104,0.1079999999999999,0.1024887486128194,0.0934181281100488,0.0826428406780631,0.0731615630936436,0.0615310648589031,0.0509999999999999,0.0402347247762744,0.0202356714438729,-0.0019393117720646,-0.0223039593468356,-0.0443676101060311,-0.063,-0.0758940906787478,-0.0851673903716842,-0.0913898244581812,-0.0954717097984048,-0.098526523883996,-0.0999999999999999,-0.0993006461558216,-0.0976843475224081,-0.0957687566075147,-0.0924736441422983,-0.0881131254523611,-0.0829999999999999,-0.0748639619556502,-0.0664005270842106,-0.0612871567420795,-0.0575607310873163,-0.0544287563878669,-0.0519999999999999,-0.0510502650550962,-0.0504839538855403,-0.049575283894917,-0.0505370383803245,-0.0509473901265358,-0.051,-0.0519318491874376,-0.0519194716411634,-0.0524728055119587,-0.0532429506972211,-0.0543681300331842,-0.0569999999999999,-0.0575142575924345,-0.0532251066830907,-0.0483994628975136,-0.0464016143143512,-0.0446000275159945,-0.0429999999999998,-0.0414145099980298,-0.0395153570064128,-0.0381900075485943,-0.0361509758153772,-0.0347870782179223,-0.0329999999999998,-0.0311284121117773,-0.0306121285457272,-0.0285207875281934,-0.0260356096902381,-0.0217771099199594,-0.0120000000000001,0.0034696459742261,0.0214838847211482,0.0415041309059413,0.0663928131759444,0.0937852394592225,0.1279999999999999,0.1672764430289763,0.2067989169684539,0.2503173890353562,0.2908246858204728,0.333959735423743,0.3679999999999999,0.3733702369371993,0.3686163013460223,0.3244946947955877,0.2130030551340412,0.0605361304997296,-0.132,-0.3408972066898543,-0.5332330048906503,-0.6920211721921364,-0.7773314871420609,-0.8025373046316816,-0.799,-0.7566289463713439,-0.6868130164515746,-0.6079982167911034,-0.5267861320745182,-0.4500732112349207,-0.3779999999999999,-0.3114879084843117,-0.2524949554399747,-0.2057172161419813,-0.1741901617447045,-0.157998418594081,-0.1539999999999999,-0.1508985150551182,-0.146957623394656,-0.144683187763586,-0.1418459237775629,-0.1395443431631926,-0.1359999999999999,-0.1310477058220942,-0.1250152122624758,-0.1175533227391647,-0.1119723409383284,-0.1054141359659979,-0.0969999999999999,-0.0909775068840275,-0.0860241703157471,-0.0812485960340249,-0.0776693762249716,-0.0743195202777133,-0.071,-0.0663791599861604,-0.0579583840953469,-0.0481302887995838,-0.0373442657842054,-0.0245518092433488,-0.0159999999999998,-0.0118010680959822,-0.0080129565098549,-0.006033870511351,-0.0040391717690148,-0.0015845573005947,5.0527483431829337e-17,0.001664357210456,0.0033018377325686,0.0050966526206463,0.0063970092313347,0.0072066359434479,0.0089999999999999,0.0115036756440879,0.0139588577833325,0.0167741538367526,0.0209684852232167,0.0290059820399604,0.0399999999999998,0.0471063748859229,0.0517397885545001,0.0570961662540042,0.0598401222996354,0.0626730849043274,0.0659999999999999,0.0747334726325055,0.0938953004651527,0.1078380709376598,0.1125119846164069,0.116851885123727,0.1199999999999999,0.1232934207140722,0.1258307598089628,0.1257108900232762,0.1241040232354213,0.1200696838502761,0.1159999999999999,0.1121206233927376,0.104513786319589,0.0919129062424702,0.0770901000331359,0.0633406457553866,0.05,0.0372999913700888,0.0260433078243639,0.0116221127451233,-0.0082698888037538,-0.0259898715175516,-0.0379999999999999,-0.0497098274812607,-0.0594362758517953,-0.0651091341288263,-0.0697224560467193,-0.0723490947126787,-0.0739999999999998,-0.0757666566878213,-0.0766530819286522,-0.0775834486177795,-0.0781152413874036,-0.0778692858262634,-0.0759999999999999,-0.0726495484751779,-0.0694633174766155,-0.0654718356124427,-0.0616065213068407,-0.0582183478800441,-0.053,-0.0477949710021284,-0.0443268414988207,-0.0408835199893742,-0.038102766681186,-0.0367428977764097,-0.0349999999999998,-0.0339841461228862,-0.0341589913978928,-0.0334826527778032,-0.0327435675678747,-0.0317548233772003,-0.031,-0.0310913362141974,-0.0302504671903674,-0.0300385090305654,-0.0295623554420599,-0.0276603190444388,-0.027,-0.0262889348376525,-0.0246768377131694,-0.0229549705661338,-0.0215486526062964,-0.0208314020014397,-0.019,-0.0157519318321428,-0.0117235608188596,-0.0074529157129144,-0.0034590727571672,-0.0005487956224923,0.0019999999999999,0.0082992853285727,0.0171872234361352,0.0276645373623401,0.0424143600164497,0.0610854226099028,0.0849999999999999,0.114391699519725,0.150931645928879,0.1951813352515082,0.2417339505417755,0.2896328831384442,0.3359999999999999,0.3775860717719078,0.4079955813164807,0.4158078219479525,0.4011642063136567,0.347602335696252,0.2319999999999999,0.0672066148790195,-0.1313683126865229,-0.3498220479031667,-0.5531746909442791,-0.7109850042277556,-0.806,-0.8309500771058784,-0.793658641546219,-0.7112701969270759,-0.6053631003513688,-0.5000007482445095,-0.412,-0.3428830067350011,-0.2895011232897793,-0.2485471554089753,-0.2133344223597864,-0.1821207237053183,-0.1549999999999999,-0.1338960483278438,-0.1239526625617197,-0.1189214128532432,-0.1123533374605831,-0.1070084801393473,-0.1009999999999999,-0.0942651082989311,-0.0870263266900574,-0.0761691129738249,-0.0666556845101122,-0.0579564102336586,-0.0459999999999998,-0.0378661845460055,-0.0343704360091054,-0.0308779544152098,-0.0278016373336376,-0.0242343016907748,-0.0210000000000001,-0.0185803883642484,-0.0153347842287908,-0.0120899937623509,-0.0083956489249373,-0.0041813822341989,1.5158245029548803e-16,0.0050564462049537,0.0085243504883861,0.0093440974071132,0.0106945887791963,0.0122134699241492,0.0129999999999999,0.0146065422857634,0.0164048804455392,0.0179292830822312,0.0197387305505853,0.0212394338993258,0.0219999999999998,0.0227514339628175,0.0242937450412966,0.0260138673729003,0.0276492345222573,0.0294422501188798,0.034,0.0430615929248195,0.0519019563928535,0.0598552077578646,0.068263703507788,0.0753766979759025,0.0829999999999999,0.0919729066216644,0.1031768261536827,0.1143428082678526,0.1214490499684438,0.1271109534346204,0.132,0.1362295876427106,0.1392719769177949,0.1411049347823618,0.1417573166453234,0.1365862234945921,0.1299999999999999,0.1229324317374831,0.1126959917902315,0.1038822005980001,0.0935399999079168,0.0830043948405706,0.0700000000000001,0.0492740652376362,0.0294133981587359,0.0105992249065163,-0.0056824728157695,-0.015868062610895,-0.026,-0.0346173553338173,-0.0416720339870286,-0.050686111066288,-0.0613433021967268,-0.0704581764786277,-0.075,-0.0783234152321257,-0.0811962290580331,-0.0831253064932668,-0.0841140015912679,-0.0825906770228611,-0.081,-0.0787492857728679,-0.0745643619243082,-0.0710397615381197,-0.0671825736411492,-0.0604644338101486,-0.0529999999999999,-0.0477633330708488,-0.0447336923650056,-0.0430853758164376,-0.0411844906531397,-0.0398495030334312,-0.0390000000000001,-0.0372284285306252,-0.0368911020507799,-0.036962552641639,-0.0372903374525622,-0.0380536776714876,-0.038,-0.0396136217761641,-0.0408102393291658,-0.0417523481699879,-0.043647613905997,-0.0440337228171815,-0.045,-0.0459153390573789,-0.0466024600748493,-0.0470342130470895,-0.0449715392766133,-0.0425034773124219,-0.0389999999999998,-0.0347379571972958,-0.0309423867041806,-0.0255435399835882,-0.0198443839408377,-0.0150711766158316,-0.0099999999999999,-0.0034750336255551,0.004356981138047,0.014625251714027,0.0294561946947646,0.0479991934409343,0.0709999999999999,0.0989153147527627,0.1313783577972355,0.1696551784389531,0.2127356778250131,0.2595263317639061,0.3059999999999999,0.3483096793778129,0.3808301175785288,0.391656094486466,0.3842590548660193,0.3505036554329387,0.2619999999999999,0.1249380815942782,-0.0507155050169709,-0.2555048300529113,-0.454238048952461,-0.6306156005634646,-0.7549999999999997,-0.8057618742619718,-0.81513244117432,-0.7845930830906674,-0.7092868231938064,-0.618650602044123,-0.5279999999999998,-0.4467475588843998,-0.3758573382157172,-0.3111446672522889,-0.2591198628388476,-0.222853148704005,-0.1969999999999999,-0.1755207582089604,-0.161247871334611,-0.1502353969736251,-0.1388010273284314,-0.1318218755607094,-0.1249999999999999,-0.1188914916982566,-0.1142660502174195,-0.1086649875393393,-0.1043422331498942,-0.0986525186400888,-0.0909999999999999,-0.0812316595925898,-0.0701304531947992,-0.0600030624248458,-0.0501246518086127,-0.0412694569538429,-0.0319999999999999,-0.0227035741805748,-0.0146805700060851,-0.0091926857192819,-0.0077127677483844,-0.0067127279611647,-0.0049999999999999,-0.0032728420122478,-0.0023199022369504,-0.0011156006021016,0.0004973432781508,0.0012450896411953,0.0040000000000001,0.0058865213942987,0.0069908375632667,0.0093873212985823,0.0103083795319712,0.0126068262952548,0.0149999999999999,0.0172917750814347,0.020904887571231,0.0233752267397808,0.0261728298658983,0.0283705360895858,0.0309999999999999,0.0344018798477226,0.0378882964667962,0.043811934800547,0.0513819415121273,0.0656776544243111,0.0879999999999999,0.1094521320748063,0.124087442748065,0.1327645073894818,0.1394896913816775,0.1436270927498405,0.1469999999999999,0.1498971900832857,0.1489316743160988,0.1463544332220808,0.1420285895361741,0.1369973806863138,0.13,0.1197477834111911,0.1130652736686762,0.1067862640634974,0.096744286197097,0.0856921423256486,0.0729999999999999,0.0597082644410794,0.0457037708019276,0.0317345653893191,0.0159732345065624,-0.0070067905273263,-0.031,-0.05335366199369,-0.0754471790605941,-0.0880476941349996,-0.0924113839538472,-0.0955038524946531,-0.0970000000000001,-0.0986946583877368,-0.0989613680688187,-0.0955224024390437,-0.0892355455674387,-0.0830034750371003,-0.08,-0.0768033345642223,-0.0731386870624535,-0.0701990313513163,-0.0664979366507934,-0.0634692512658137,-0.0610000000000001,-0.0592796985090405,-0.0576818609270593,-0.0563361769486073,-0.0556046893904704,-0.0535489447636563,-0.052,-0.0497715919515627,-0.0451714612025754,-0.0394930804096729,-0.0340896248576695,-0.0317717779976462,-0.031,-0.0301622696101626,-0.0292884866932262,-0.0289021150802775,-0.028861787496432,-0.0278165625156838,-0.0279999999999997,-0.0281365622015596,-0.0273663762676575,-0.0260954752383016,-0.0246137571306916,-0.0251501172699645,-0.0249999999999999,-0.0256814235052983,-0.0264219502694829,-0.0255418628718198,-0.0264125246186103,-0.0257011505575976,-0.025,-0.0237178135809002,-0.0192210714955852,-0.0125569906541021,-0.0006979563662325,0.0142649774121705,0.0349999999999999,0.0613231809705684,0.093175043171787,0.1350721448540413,0.1804105064345241,0.2303009761921911,0.2789999999999999,0.3245958474614664,0.3670125145084472,0.3827059883652494,0.382483073529816,0.3649794330028625,0.2939999999999999,0.1770138144962622,0.017787343952862,-0.1828179848832549,-0.3943965023715198,-0.5964043686119643,-0.7539999999999998,-0.8350546102361993,-0.8545222497336799,-0.8251788631882776,-0.7442635518976912,-0.6359582771675688,-0.5319999999999999,-0.4449070961936737,-0.3783015586248945,-0.3249120090872675,-0.2783136566209782,-0.2415434412258255,-0.2160000000000001,-0.2004380784769728,-0.1882702602417771,-0.1746566785703635,-0.1600564202608155,-0.1450522283743305,-0.1309999999999999,-0.1168428774675667,-0.103479974486294,-0.0933463980065244,-0.0868679615302294,-0.0834017586650029,-0.08,-0.076588832690563,-0.0735088254695459,-0.0694899946460713,-0.0654064962846427,-0.0610182395572947,-0.055,-0.0481993127130903,-0.0432832169466213,-0.0404334098300743,-0.0380523374531918,-0.0354122239251439,-0.0319999999999999,-0.0286077883580336,-0.0258545144528563,-0.0239807086505803,-0.022180399273566,-0.0193485081118707,-0.015,-0.00835870211588,-0.0026017827733791,0.0013052879608791,0.0059645288773991,0.0110695845723692,0.0169999999999998,0.0215171713645187,0.0232649776458182,0.0254833602986625,0.0278046520459386,0.0292847130713767,0.0309999999999999,0.0327500498381254,0.0336642475998627,0.0348298799481085,0.0368419559577508,0.0398009097196929,0.0459999999999999,0.0541165950050163,0.066110886744593,0.0844579304991988,0.1007773271493524,0.1120787070773918,0.1220000000000001,0.1298480511088051,0.1341284503001153,0.1359858314257882,0.1376988170359463,0.1393327274896273,0.1409999999999999,0.1405229007404785,0.1363810362979878,0.12426219480607,0.1012043547358101,0.0819543094986448,0.068,0.0519175978766593,0.0378938243821285,0.0174653906827286,-0.0078594061382488,-0.0305062643245231,-0.0519999999999999,-0.064532957429011,-0.0713439945673247,-0.0771442033006195,-0.0799893119722724,-0.0823399421531093,-0.0819999999999998,-0.0804511498042792,-0.0765325677508339,-0.0703518592136674,-0.0640832651431939,-0.0523339805160592,-0.0419999999999998,-0.0384685617885037,-0.0359339518173881,-0.0339377703286546,-0.0323109307944093,-0.0307442809835813,-0.0299999999999999,-0.0299623513542692,-0.030059568527446,-0.0299131860373526,-0.0302014624842082,-0.0312853233353893,-0.0330000000000001,-0.0346671695969397,-0.0363648225515368,-0.0378961590097889,-0.0399592694383059,-0.0424263537150377,-0.0440000000000001,-0.0456559444387046,-0.0473157560472416,-0.0489006318015374,-0.0483735422759577,-0.0453093091975258,-0.0409999999999998,-0.0344481192742812,-0.0260557585539982,-0.0111258302294107,0.0041389449409821,0.0110993267772454,0.0180000000000001,0.0234224935353463,0.0263680957126431,0.0303891364601825,0.0328418188711026,0.0356447985159703,0.0389999999999999,0.0431481171529627,0.0474054572397258,0.0569685807886715,0.0767719978319712,0.1013126963319082,0.1329999999999998,0.170220589880858,0.2112281806681818,0.2555703538098364,0.2978513812022053,0.3418008715129035,0.3789999999999998,0.3982946615395054,0.3990668781420568,0.3745295281045769,0.3080693983737967,0.1866062599075933,0.0209999999999999,-0.1769572303501271,-0.3852186676726619,-0.5686996670782072,-0.702815345199884,-0.7633759879532289,-0.77,-0.7453929195142371,-0.6744347453875874,-0.5793674423807116,-0.4860682902584419,-0.3983677974451016,-0.3239999999999999,-0.261162843141684,-0.2111354545349006,-0.1744852819894504,-0.1518969801273948,-0.1427881739128969,-0.1379999999999999,-0.1346758468606307,-0.1303007561750397,-0.1245697046160758,-0.1180508699465495,-0.1075957357694256,-0.0939999999999998,-0.0781967875714297,-0.0635425069364689,-0.0537386779713158,-0.0480994129732719,-0.044289954916806,-0.0409999999999999,-0.0377350635646942,-0.0341262911232468,-0.0316506520646241,-0.0284654329864289,-0.0242287181088155,-0.0210000000000001,-0.0169491978081255,-0.0120616471475424,-0.0068385119528963,-0.0024841773954176,0.0006329314676503,0.0039999999999999,0.006555247802912,0.0089812354906462,0.0112108208958352,0.0124930442140333,0.0145276402120868,0.0179999999999999,0.0221777173956869,0.026273679028057,0.0306435557333962,0.0343279294764311,0.0377858953424154,0.0419999999999999,0.0446329737235828,0.0468011567787816,0.0499463883110119,0.0536237147514945,0.0593013709038866,0.0659999999999999,0.0725377643611991,0.0809441787528371,0.0912514525274898,0.1004127386182786,0.1087904417812055,0.1189999999999999,0.1278370558822479,0.1319379586126318,0.1348649639365371,0.1382741771514292,0.1402848064927686,0.1409999999999999,0.1395746603093785,0.1363379220261026,0.1330216380127507,0.1296567907004658,0.1262912181729488,0.1220000000000001,0.1169891212316188,0.112040306867417,0.1067676689281517,0.0999092491413675,0.0897174412203099,0.077,0.0614594312792347,0.0435600424915426,0.023882075963886,0.0026910564702038,-0.0137349104495429,-0.0259999999999999,-0.0400333298076719,-0.0542203975247302,-0.0645461269397378,-0.0694717654783895,-0.0726979083018428,-0.0759999999999997,-0.0777425306633087,-0.0792386088008446,-0.0811490718155724,-0.0822386950563857,-0.0819035473950374,-0.0819999999999999,-0.0814272226335034,-0.0788715793038333,-0.0770507456361256,-0.0750627458555326,-0.072516557133344,-0.0700000000000001,-0.0667105204500682,-0.0628893882073648,-0.0576605903662489,-0.0515739621029355,-0.0459262171286769,-0.0409999999999999,-0.036734774233833,-0.0337485897968857,-0.0320197746935643,-0.030422545851824,-0.0300265420444571,-0.03,-0.0291909879023276,-0.0282679661693227,-0.0278940759233023,-0.0279110331321769,-0.026716898725135,-0.026,-0.0252879579250159,-0.0240761952103618,-0.0241057028961265,-0.023864915206053,-0.0240925508508621,-0.0239999999999999,-0.0238789462229396,-0.0242586679292392,-0.0234185402600373,-0.0226206973329154,-0.0205538928236828,-0.0199999999999999,-0.0182269391270895,-0.0106511589725553,-0.0050808715188598,0.0037284296533691,0.0222140130842396,0.0459999999999999,0.0775828167838208,0.117391019846056,0.1633370210583521,0.2153052734146257,0.2684854699097153,0.32,0.3653008575728396,0.3872341868378263,0.3873232624145551,0.3657975350951571,0.2894917066788702,0.1549999999999999,-0.0257338166303662,-0.2407311234615994,-0.454667896842868,-0.6431860367223782,-0.7623848174266235,-0.8019999999999999,-0.8036439423907578,-0.7568777541929244,-0.6687261792489152,-0.5765235180557748,-0.4912241995305102,-0.4269999999999999,-0.3766524140733936,-0.3313903412482505,-0.2949355106904959,-0.262568885841519,-0.236126151317217,-0.2119999999999998,-0.1899197758039646,-0.1699343949160078,-0.1474464032840576,-0.1300901171899475,-0.1190328575228462,-0.1109999999999999,-0.1066025660846459,-0.1039402201692006,-0.1015284770018029,-0.0991222930457139,-0.0977796286300588,-0.0959999999999999,-0.093457795158998,-0.0911412054298415,-0.087845572971923,-0.082612887341036,-0.0756072761338543,-0.0700000000000002,-0.0651174983305836,-0.0597060887366696,-0.0557524359205052,-0.0506885835330138,-0.0450495422687142,-0.0420000000000002,-0.0395724824146797,-0.0368204888028908,-0.0350716957744537,-0.0329267307674996,-0.0292340051675172,-0.0260000000000001,-0.0227679727065885,-0.0187567665641061,-0.013666238574859,-0.005317563863844,0.0036810913942924,0.0119999999999999,0.0218342789887695,0.0338967211180121,0.050329485291248,0.0647278539269368,0.0692893143180488,0.0699999999999999,0.0717189603163246,0.0719714814804265,0.0683556963169467,0.0628461343819266,0.0580293777867671,0.0529999999999999,0.0508510474269388,0.0527512466125052,0.0562599734749887,0.0610280705127929,0.0676327001999736,0.0789999999999999,0.0924529937058197,0.1046560657209104,0.1142576117639245,0.1202249540294876,0.1260585541309681,0.128,0.1271255919928609,0.1244732134718281,0.1134857817038329,0.0989541834455105,0.0796723119332488,0.0600000000000002,0.0468268700014055,0.0306752401052414,0.0152145484888455,-0.0018335992588105,-0.0258555551572906,-0.0469999999999999,-0.064865045768201,-0.0779996966029376,-0.0882951043344103,-0.0987789790626969,-0.1035360668725085
-0.1059999999999999,-0.1078732747093606,-0.1084878355726243,-0.1097867549377159,-0.1097983376256346,-0.1087069046941631,-0.1059999999999999,-0.1018277319238118,-0.0977357060376669,-0.0931519497485968,-0.0877312288034118,-0.081856988988194,-0.0769999999999999,-0.0729428762071117,-0.0671167672753938,-0.0590732077812801,-0.0532608517757635,-0.0519588752013248,-0.0520000000000001,-0.0520324654021907,-0.0514592910094844,-0.0503851771135223,-0.049758178115685,-0.0487787005671318,-0.0480000000000002,-0.0472685714027801,-0.0456526309898654,-0.0441043188442802,-0.0420297867260597,-0.0396007140352439,-0.0379999999999999,-0.0334713581126591,-0.0256566141854601,-0.0201281391361296,-0.0166031691497653,-0.0135916455047364,-0.015,-0.0222418500532177,-0.0307881640239106,-0.0389424618760974,-0.0470879631311221,-0.0530723639276985,-0.059,-0.0643892582388886,-0.0656399109945579,-0.0626634706065948,-0.0531596083192146,-0.0328785841460083,-1.1684480543610535e-16,0.0388368826397294,0.0828116391909681,0.1352535303856242,0.1927834184295962,0.2587534305351883,0.3259999999999998,0.3883228868951708,0.4375885900499744,0.4533358314190459,0.4458220909643847,0.4022223130401059,0.291,0.1276097147479702,-0.0761134777755436,-0.302391350340367,-0.5165438982701162,-0.6928416791698785,-0.8059999999999999,-0.8555966687917692,-0.8521079256773518,-0.8019983640327881,-0.7183072279442874,-0.614398416202538,-0.5069999999999998,-0.4073599644584285,-0.3230035427911348,-0.2593223013690661,-0.2160152428817809,-0.1898491516269504,-0.176,-0.1722543186049877,-0.1698200047443967,-0.1655421636439235,-0.1630337262581734,-0.1590813995228412,-0.155,-0.1503321386891591,-0.1418804165870945,-0.1277589706076898,-0.1098582437033108,-0.0939969823104435,-0.0789999999999999,-0.0653958845877391,-0.0543858453601127,-0.0479258729885978,-0.0466950733657803,-0.0444375641450477,-0.043,-0.0423975675451002,-0.0399515266920103,-0.0375990894794932,-0.0350307296855052,-0.0338460639026501,-0.0320000000000001,-0.0293459166506645,-0.027442680948316,-0.023013532193919,-0.0182985379670237,-0.0140552201741337,-0.0090000000000001,-0.0054905893475624,-0.0031040596273294,-8.14976452243046e-05,0.0033742584790617,0.0066484768479675,0.0099999999999999,0.0133589724875225,0.0165383038904893,0.0211009758614158,0.0302272053250201,0.0408585305699588,0.0469999999999999,0.0504280692286678,0.0529588811123999,0.0561746718081373,0.0608787594651622,0.0646839010011774,0.0679999999999998,0.0712346203250207,0.0758422301121352,0.0810466346679006,0.0861787958166589,0.0922364307066612,0.0999999999999999,0.1132302487790435,0.1243660849420617,0.1307530986132794,0.1372621172710246,0.1374961142642626,0.134,0.1278247799061332,0.1184576492376691,0.108951868308517,0.0926224020580983,0.0746616744421852,0.0569999999999999,0.0365491627755484,0.0218323622512342,0.0089394401336366,-0.0058540430721377,-0.0198413475350849,-0.0349999999999999,-0.049420645098338,-0.061175482567659,-0.0698289134829199,-0.076599378778439,-0.0818404897957439,-0.0849999999999999,-0.0883634120891264,-0.0906671124562792,-0.0912107068555819,-0.090293384952081,-0.0859014551080211,-0.081,-0.0784610406103745,-0.0755204928075603,-0.0718370578603585,-0.0687974711781874,-0.065248805926498,-0.0619999999999998,-0.0595206980247378,-0.0569167596504075,-0.0546917012999102,-0.0514271371206386,-0.0456164517637236,-0.037,-0.0268800951543234,-0.0189412493585279,-0.0154424493201404,-0.0148640235105462,-0.0136463828442699,-0.0119999999999999,-0.0111429892637316,-0.0107401509330317,-0.0118778996490569,-0.0138183641225414,-0.0166760762552524,-0.0199999999999999,-0.023799237763915,-0.0311620972104589,-0.0360606673940974,-0.033150346024666,-0.0281024256414551,-0.0249999999999999,-0.0233963888300711,-0.020554502683063,-0.0168325824060877,-0.0137557075427224,-0.0103558319868041,-0.008,-0.0049254673400567,0.0003794110857921,0.0082488395644906,0.0225761807294437,0.0422362448036625,0.0669999999999999,0.1003011966977914,0.1420022217565145,0.1919544047831745,0.2473537290468391,0.3016640382597052,0.3549999999999999,0.4028751477747915,0.4266630052591639,0.4278884059994673,0.4074075448851169,0.3341124336025853,0.2,0.0165761010413866,-0.1992688187299945,-0.4149656000921418,-0.6067224529359273,-0.7332057249586719,-0.78,-0.7830329285438115,-0.7425388311643363,-0.6601779673624955,-0.5641355692630806,-0.4683307431503641,-0.3819999999999999,-0.3081742872739384,-0.2477542029338721,-0.1995617025194399,-0.1705224236886395,-0.1633761632427025,-0.159,-0.1560833615613662,-0.1546335909143616,-0.1509306680364654,-0.1485930190541342,-0.1351686743192801,-0.1139999999999999,-0.0934876902293662,-0.0714739690472081,-0.0599590613172033,-0.0591178974863459,-0.0588757580643226,-0.0579999999999999,-0.0563668518151125,-0.0546496332034556,-0.0529800240163351,-0.0514048118800383,-0.049510446750508,-0.0459999999999999,-0.0418614080253656,-0.036431366847907,-0.0265564923222838,-0.0163775812923576,-0.0097887921962058,-0.003,0.0037573851253362,0.0098445491896703,0.0143952103587352,0.0171199108377052,0.0207027948296352,0.023,0.0253846094549182,0.0277546261775307,0.0282148710399902,0.0297591583072331,0.0312525890058001,0.0329999999999999,0.034741678625963,0.0366197490275841,0.0402699743223558,0.0428771394341834,0.0456742013283282,0.049,0.0521391817748157,0.0578211577833832,0.0662212537379006,0.0734585305750997,0.0779115898597076,0.085,0.0956414641350098,0.1080333407775641,0.1193247524183479,0.1266759076895998,0.1332044212682105,0.1369999999999999,0.1401408041521027,0.1436380857188696,0.1441265224573028,0.1458299801433817,0.1456512753761104,0.144,0.1426476066389993,0.1389919157823788,0.1366755866045857,0.1282787819546569,0.1114269858042768,0.094,0.0757490609407346,0.0572464356201142,0.0390930833778876,0.0204305786058471,0.0012219451621506,-0.0159999999999999,-0.033823647207552,-0.0550057554190578,-0.0690631669121017,-0.0748901733230876,-0.0786052945841726,-0.081,-0.0836029466050694,-0.0847786398494503,-0.0855584581257069,-0.0858954485296147,-0.0847946142503932,-0.0840000000000001,-0.081652326965296,-0.0783737753297673,-0.0746150490179631,-0.0703342875321854,-0.0660302678349101,-0.0599999999999999,-0.0540139719785045,-0.0494716185523388,-0.0460635379726437,-0.042265492190556,-0.0369001367229271,-0.0319999999999998,-0.0277446281285028,-0.0247759963232012,-0.0227131790905438,-0.0198019838863216,-0.017701982496254,-0.0169999999999998,-0.019087808569981,-0.0245836312826943,-0.0306855896180193,-0.0383481159973267,-0.0463821301358457,-0.0509999999999999,-0.0542950714850546,-0.057748028439507,-0.0607047968609282,-0.0624283967962776,-0.0616651375901828,-0.0589999999999998,-0.0542790058666231,-0.0463726468677698,-0.0344334898793163,-0.0229100240166105,-0.0157442271978711,-0.0089999999999998,-0.0016585955744197,0.0081879932637187,0.0202896425869443,0.0343001031244008,0.0557541478887549,0.0799999999999999,0.1096950920219534,0.1491416880926831,0.1924014966189172,0.2408075755560349,0.2880666691755581,0.3319999999999999,0.3646691673672964,0.371537689963506,0.3645093021002366,0.3286466309626458,0.2376959008586379,0.1019999999999999,-0.0729460169433258,-0.2740608741790794,-0.4718354347269992,-0.6422371215198382,-0.7590826504461783,-0.8119999999999999,-0.820802446050006,-0.7982940486780523,-0.7346338642298248,-0.6405605105353691,-0.5398537711890874,-0.4419999999999999,-0.357071043937091,-0.2870407784499844,-0.2326682185254263,-0.1986912766137362,-0.1802832707479285,-0.1719999999999999,-0.1663663608912796,-0.1586927440198398,-0.1484667737123158,-0.136116523407988,-0.1263157832285532,-0.1189999999999999,-0.1138038624579122,-0.1097110951002109,-0.1060026100612315,-0.1044373267290362,-0.1011159186188011,-0.0969999999999999,-0.0937932341156433,-0.0892041453295368,-0.0828647118742093,-0.0721623631666485,-0.0596600078953889,-0.0499999999999999,-0.0424800619428924,-0.0345138905031011,-0.0260611589004334,-0.0194577086749904,-0.0110319817416668,-0.0019999999999999,0.0016439786131754,0.0038429372135714,0.0063738827341419,0.0072168088282704,0.0083100817765449,0.0099999999999998,0.0109121334483691,0.0114947126290557,0.0130342281867104,0.0144379801508736,0.0151453808974347,0.0160000000000002,0.0167823059328842,0.0182723970197397,0.0199434467455522,0.0222197959269214,0.0287310103338961,0.04,0.0541029423349499,0.0676163493725071,0.0774553905975516,0.0846493969570725,0.0899389620243187,0.095,0.100986781205958,0.1049030664681495,0.1078713758187615,0.1112581099394191,0.1133412906650369,0.1149999999999998,0.1158991927580306,0.1166394750252465,0.1169781255719975,0.1151248612184015,0.1138737999646751,0.113,0.1113057488039294,0.109787902785376,0.1074182896333424,0.1024434788606487,0.0913098103565152,0.0779999999999998,0.0667037119080351,0.0497132763340583,0.0280379564473789,0.0108835490997528,-0.0027646635070042,-0.0179999999999999,-0.0332775385817031,-0.046035985100865,-0.0588478636016072,-0.0723387215197881,-0.0840551919098434,-0.0909999999999999,-0.0935770076127996,-0.0960137575594777,-0.0981390015081536,-0.0995048666321471,-0.0999527013927161,-0.0990000000000001,-0.0967767309336324,-0.0920488548315854,-0.086775703807549,-0.0774197551173184,-0.0648046465097317,-0.0590000000000001,-0.0566155722928434,-0.0537459178883264,-0.0520606006166898,-0.0503882918336063,-0.0500386304233952,-0.0499999999999999,-0.0492292871483679,-0.0477160896007965,-0.0462694083931724,-0.0458199758885617,-0.0447585968522692,-0.0439999999999999,-0.0432158803493881,-0.0423004581707954,-0.0412240070822247,-0.0391957702835694,-0.0376865075357456,-0.0350000000000001,-0.0316057376596796,-0.0284425935001438,-0.0248857444958498,-0.0217354387772885,-0.018360082254497,-0.016,-0.013555091143931,-0.0113960302286594,-0.0102803276277328,-0.008099273266183,-0.006801231317635,-0.0049999999999999,-0.0031936901560681,-0.0019132151353837,0.0002711904118146,0.0016212181447595,0.0063417280312405,0.0149999999999999,0.0298022223970045,0.0542493958405213,0.0860674763027334,0.127971208435326,0.1773047884620087,0.2329999999999999,0.2909895127795449,0.3441339957921904,0.3894594884750261,0.408882194815273,0.4020387357908146,0.366,0.2712323328586439,0.1220197185563988,-0.0668210786068618,-0.282470182303857,-0.4904379301354512,-0.6630000000000001,-0.7789015426894704,-0.8282900634555656,-0.8189677186246356,-0.7630383277915964,-0.6772409491409058,-0.577,-0.4781973563116932,-0.3940759150087119,-0.3255990684915364,-0.2706291146964895,-0.228429390458816,-0.1949999999999999,-0.1670326101787614,-0.1430403936383482,-0.1213410382412538,-0.1058715701828275,-0.097669438243171,-0.0919999999999999,-0.0892034219347087,-0.0884282973811764,-0.0870963005435041,-0.0852508539925163,-0.0837453353261181,-0.0819999999999998,-0.0786786484685728,-0.0755282479374077,-0.0704222709619553,-0.0605302000609226,-0.0470794347302138,-0.032,-0.0192196921131636,-0.0086916284596746,-0.0004853468854581,0.0052176396363558,0.0111381885061925,0.0149999999999999,0.0167175762959008,0.0177818136005562,0.0186219573302622,0.0211562018481075,0.0233149430444863,0.0249999999999999,0.027532751567602,0.0294495961632146,0.0308207525407302,0.0333092063527937,0.0396194331591768,0.049,0.0575361192065142,0.0643845699147898,0.0710166125205802,0.0774034105950001,0.0816316435468206,0.084,0.0864776069954924,0.0889901910369167,0.0917986126788591,0.0955108613353347,0.09849532041463,0.101,0.1042663640610951,0.1089103042925171,0.118388247849999,0.131023619107425,0.1420419470407077,0.1509999999999998,0.1563220566345071,0.1595899526183424,0.1628729331495639,0.1644109516006098,0.1650851558282445,0.1639999999999999,0.1599836716448476,0.1546585939515707,0.1468644537365552,0.1344863501561085,0.1187586506271933,0.103,0.0879991044329328,0.072963500576423,0.0582889167977128,0.044688116768123,0.0311895194416003,0.0159999999999999,0.0001477015599059,-0.0153404837154769,-0.0280250481984399,-0.0355181313988043,-0.0410910785256241,-0.0459999999999998,-0.0508674673919747,-0.0563814111089271,-0.0596021628538485,-0.0622012714974901,-0.0656389965301537,-0.0679999999999999,-0.0697104983571162,-0.0708239293642776,-0.0708480411598548,-0.0690707686800774,-0.0665311851199325,-0.0639999999999999,-0.0598881914764001,-0.0557539458982454,-0.0502915860289328,-0.0410361038158578,-0.0326259341608342,-0.028,-0.0254543875852303,-0.0230203506080468,-0.0207483667729449,-0.0196738549882382,-0.0188141202871753,-0.0179999999999999,-0.0171615754197603,-0.0168030745783184,-0.0172564860694247,-0.0165917706638707,-0.0159676445856545,-0.0159999999999999,-0.0159529062760315,-0.0161547121238473,-0.0154710030858001,-0.0148809642468259,-0.0150826911205627,-0.0159999999999998,-0.0169686273424104,-0.0168962790722615,-0.0172734258300326,-0.0163630305533982,-0.0148075498745028,-0.0139999999999998,-0.0109306936271327,-0.0045535264544545,0.0098043731713939,0.0304053259477691,0.0513016909515714,0.075,0.1012344021835716,0.1339513401628649,0.176315814691425,0.2228778054479522,0.2703911706809384,0.3149999999999999,0.3550719919763259,0.3822047993947269,0.3884545341182601,0.3765058219560791,0.3279891270826377,0.2229999999999999,0.0680338235698152,-0.1259959484865662,-0.3406585274389925,-0.5432190075501069,-0.6992182800569641,-0.7899999999999999,-0.8168114149920181,-0.7865889672309158,-0.7168132078456945,-0.6306697421834936,-0.5429244852369092,-0.4649999999999999,-0.3991605521199766,-0.3411578748565892,-0.2905410960055068,-0.2482458551989605,-0.2163938979045749,-0.1909999999999998,-0.1686679490083645,-0.15350104117903,-0.1427232750067945,-0.1338175566271642,-0.1279629266940688,-0.1229999999999999,-0.1195030228042085,-0.1170355523929988,-0.1145018642677163,-0.1118256002182911,-0.1082779931595517,-0.105,-0.1010188888036415,-0.0950870035809889,-0.0864093740945439,-0.0756284661732379,-0.0648102620234591,-0.0539999999999999,-0.0468436338710032,-0.0433092207690461,-0.0402457185023897,-0.038225400059547,-0.0353498676220579,-0.033,-0.0314744031026892,-0.0288780776917849,-0.0267762638570162,-0.0234120854868933,-0.0191565499251448,-0.0139999999999999,-0.0072069922201391,-0.0023270677391632,0.0006658118886523,0.0028163409231531,0.0057053677092734,0.0089999999999999,0.0106650041789169,0.0128738189532061,0.015801182543698,0.0197256234468154,0.0236698295193424,0.0269999999999998,0.0319463033740333,0.0376562897575284,0.0479874308882359,0.0606402960886638,0.0682443359314025,0.075,0.0810928103392286,0.0856794488997943,0.0919729424345472,0.0986507147347901,0.1052650010277809,0.11,0.11322456610629,0.1174417630629099,0.1207842168216973,0.1225711652293173,0.1229098016098683,0.1209999999999999,0.1169552153239766,0.1117173483135693,0.1036909757838753,0.092059818533253,0.0778145627266241,0.0589999999999999,0.0403511183367778,0.0229902101747701,0.0026686585684212,-0.0138490774425792,-0.0280980034596552,-0.045,-0.060225170315103,-0.0734350951546711,-0.0838334987768727,-0.092334321077878,-0.099012670622074,-0.1019999999999998,-0.1045104629895822,-0.1064390953380808,-0.1079988150922604,-0.1094429035673274,-0.1101830412281225,-0.111,-0.1094829460093457,-0.1075319707603758,-0.1058218647696413,-0.1026705197697443,-0.099221041131065,-0.094,-0.0881577312846253,-0.0818361776335745,-0.0750932114357474,-0.0701470804724064,-0.064877486170986,-0.0599999999999999,-0.0572863783364531,-0.0567557984958946,-0.0572316940072791,-0.0567999158047643,-0.0571322235006186,-0.057,-0.056046821936269,-0.0560987162458355,-0.0555313781671169,-0.054705438587716,-0.0537810224422524,-0.0530000000000001,-0.05300770315463,-0.0529337773013974,-0.0531548579353863,-0.0526552167654643,-0.0519468527021951,-0.0519999999999999,-0.051215727952255,-0.050327677086579,-0.0491881536315143,-0.0472085913071767,-0.0457345866643661,-0.0439999999999999,-0.042217778467112,-0.0413963806711706,-0.0399622398677054,-0.0357136331158525,-0.0237897931669712,-0.0029999999999999,0.0215880624482985,0.0517204116384295,0.0891670884907757,0.1316717898996882,0.1800100487083556,0.2299999999999997,0.2792888501232419,0.3239473247606606,0.349299790002707,0.3539203362102835,0.3400742013934912,0.2899999999999999,0.1906086171287688,0.04525777623202,-0.1367238966440671,-0.3337386516485848,-0.5173892639275399,-0.6599999999999998,-0.7365977465180434,-0.7556617412871066,-0.7432426628893695,-0.6970124573751055,-0.623479062366244,-0.5469999999999999,-0.4717308721435942,-0.4019221833343018,-0.3417349618084693,-0.2867263527789314,-0.2405983230254839,-0.203,-0.1748910822847167,-0.1604670001691821,-0.1525996063710536,-0.1471280192943002,-0.1431980560620551,-0.1389999999999999,-0.1349192180779531,-0.129962187791222,-0.1252295546941109,-0.1192623010993392,-0.1114986862803613,-0.1049999999999999,-0.098414199020316,-0.0911595466802833,-0.0828828432716837,-0.0754079328369131,-0.0713389630029043,-0.0679999999999999,-0.0654378249765161,-0.0626094167947905,-0.0586849115060721,-0.0560896185605551,-0.0534183019606437,-0.0510000000000001,-0.0487217281538008,-0.0437898070967538,-0.036401702532298,-0.0294778359951431,-0.0237476165341512,-0.0150000000000002,-0.0040763547576201,0.0060298041495874,0.0153807479221899,0.0202019517424178,0.0211761386324249,0.0229999999999999,0.0247993537160649,0.0256026838071836,0.0268669930410117,0.0288769415081534,0.0316119362616126,0.035,0.0397087629575213,0.0470407011720863,0.0536815894814435,0.0596926030348397,0.0690963995538944,0.08,0.0924414782539499,0.103414422609608,0.108324373918221,0.1110825028596363,0.1134392749072836,0.1160000000000001,0.1179121137109911,0.1179298032745738,0.1181909124061881,0.1176389577237517,0.116890697495893,0.1159999999999999,0.1150755483761983,0.114145817604301,0.1107823297619511,0.1080704402461,0.1037982436348593,0.0969999999999999,0.0894269303159821,0.0723948502670846,0.0485904210058167,0.0262467801352191,0.0048719584705401,-0.0130000000000001,-0.0265282868930897,-0.0392613358546349,-0.0542731496985448,-0.0675837076603122,-0.0737821375066652,-0.0769999999999999,-0.0803940776168574,-0.0830998275706434,-0.0851458329025683,-0.0864269821224461,-0.0870768096836846,-0.0870000000000001,-0.086243897657083,-0.0847194184584356,-0.0829931775760837,-0.0811950819001568,-0.0783529896027018,-0.0749999999999998,-0.0716958284271473,-0.0678544329626397,-0.0629684249992794,-0.0582246997843519,-0.0541615169560955,-0.0489999999999999,-0.0417108957762952,-0.0329883626742328,-0.0270733265723634,-0.0257858556297334,-0.0246561372414084,-0.0229999999999999,-0.0221711075140942,-0.0212499307930183,-0.0209066483989145,-0.0211334708473575,-0.0224080044271735,-0.0249999999999998,-0.0266959632350106,-0.0291796425200934,-0.0341690559779557,-0.038400158061596,-0.0401858149970045,-0.04,-0.0383866862022902,-0.0365876149900509,-0.0351256798767612,-0.0330548861364353,-0.0305094212532515,-0.0279999999999998,-0.024687332351826,-0.0214243149212149,-0.0170909506420127,-0.0096477642887594,0.001732133914588,0.0189999999999999,0.0388701579459073,0.0613811913336938,0.0893146645426577,0.1216403330572611,0.1615538291599531,0.2049999999999999,0.2475270607047779,0.2881002322186217,0.3194757905903881,0.3393508448095743,0.341863924484627,0.3259999999999998,0.2862231934450519,0.1981132987575072,0.0649898459240624,-0.0969008822947526,-0.2789610300012594,-0.4549999999999999,-0.6007325954199731,-0.7036667407400091,-0.7615966808244377,-0.7768729773109196,-0.7494241686996185,-0.6889999999999997,-0.6083732412550985,-0.5212033052518206,-0.4369227141260459,-0.3592034130696979,-0.2954841791360069,-0.245,-0.2062719437788086,-0.1776324927640658,-0.1516873146154266,-0.1328124683433945,-0.1235982224796864,-0.118,-0.115272632566072,-0.113828852303668,-0.1115591766100685,-0.1088194091474177,-0.1052595038064714,-0.1019999999999998,-0.0987708621838439,-0.0947474107583112,-0.0893330920243596,-0.0771888185446532,-0.0625516484250917,-0.0559999999999998,-0.0528144253232921,-0.0489959785115662,-0.0467509390139526,-0.0435364256633735,-0.0405670131218432,-0.039,-0.0372864734903143,-0.0362747878512383,-0.0352811913691123,-0.0329527765028309,-0.0305533095180881,-0.027,-0.0182920788606412,-0.0061634443358481,0.0070974050266481,0.0194131247412064,0.0258720651079425,0.0300000000000001,0.0343741889821975,0.0369221772981902,0.0400100407113349,0.0431002062882325,0.0454562592490522,0.0469999999999998,0.046954136627795,0.0480636879065118,0.0504980876147429,0.0531309979509661,0.0568260100661095,0.0609999999999999,0.06500858133277,0.0718105528577593,0.083202660730963,0.0936742289151804,0.100077914139553,0.1049999999999999,0.1092128236036092,0.1132767279985788,0.117539023814949,0.1217482536136811,0.1272185915930219,0.1329999999999999,0.1357856374925942,0.137013683440922,0.1396745768467305,0.1386403721684327,0.1297970767666696
0.1179999999999999,0.1049169780552798,0.0899262859401067,0.0752011716914453,0.0596844576313546,0.0454062924263709,0.0319999999999999,0.0131089808141183,-0.0060736346171699,-0.0244481882823422,-0.0471576208542502,-0.0631823297009908,-0.0699999999999999,-0.0773915940178206,-0.0850504340172748,-0.0924625712635217,-0.0971551713330866,-0.0968914858516719,-0.099,-0.1013476227592587,-0.0968796745839835,-0.0895779981624211,-0.0818132785673439,-0.0748242655931444,-0.0699999999999999,-0.0642551344934549,-0.0579350309651168,-0.0494393724563452,-0.0390098132501095,-0.0318059076206771,-0.0259999999999999,-0.0208510694694936,-0.0166655625452725,-0.013014758820642,-0.0115760812901005,-0.0093852757900907,-0.0060000000000001,-0.0039887813322621,-0.0064262907413761,-0.0133941943005133,-0.018783494736691,-0.0228669122481108,-0.0270000000000001,-0.0302944545222059,-0.0338786051534813,-0.0359048860103364,-0.035783629795424,-0.0347545389226569,-0.033,-0.0297136849523169,-0.026819033727893,-0.0241609566931277,-0.0184997296824164,-0.0129776884590902,-0.0070000000000003,-0.001594034823523,0.0010784819178551,0.0074957399380038,0.016967735907763,0.0301774028178998,0.0489999999999999,0.0689059284042997,0.0907932126196916,0.1187771866478395,0.1557470844853231,0.1974473037337375,0.24,0.279777688535171,0.3146325013476593,0.3454426554232913,0.358588669332064,0.3555326906428735,0.3309999999999999,0.2517694425177721,0.1210832958056309,-0.0484712249834466,-0.2491505557761112,-0.4464933864573074,-0.6090000000000001,-0.7125132076562325,-0.7499122491289905,-0.733017840565251,-0.6750185242252922,-0.59509672764765,-0.508,-0.4258321413143496,-0.3575932154891442,-0.3016415444379886,-0.2532680648758829,-0.2098155176026262,-0.1749999999999998,-0.1521346681607757,-0.14085960652936,-0.138125132847635,-0.1403857663388585,-0.1448252953471096,-0.1479999999999998,-0.1521777539484343,-0.15370719790866,-0.1475624074091428,-0.1377025701114521,-0.1239937636793096,-0.11,-0.0991412205865362,-0.088170053801575,-0.0785748142254647,-0.0712039264686971,-0.0647853133632395,-0.059,-0.0531370788881703,-0.0478966189554315,-0.0426700428707266,-0.0341992377198426,-0.0256567510356972,-0.0219999999999999,-0.0195313239379826,-0.0174565669005725,-0.0161727276593943,-0.0142493539429453,-0.0126214309664581,-0.0099999999999998,-0.0089484044389418,-0.0086679952927312,-0.0071164775593436,-0.0070334661990382,-0.0055394455211705,-0.0039999999999998,-0.0033510425984529,-0.0010311153163699,0.0016932134486074,0.0058619570594887,0.011214173862506,0.02,0.0311151441296681,0.0391959685917055,0.0462050012186065,0.0522251588241838,0.0584404418528137,0.067,0.0768623570663444,0.0874252997647604,0.0952512433939582,0.1017692890382186,0.1095308113313517,0.1159999999999999,0.1210888856179894,0.1250032895255824,0.1268206228802819,0.1269497835139337,0.1270930131383958,0.1279999999999999,0.1296318813687406,0.1306749860131003,0.1273108354915869,0.1195942384457328,0.1099393522719101,0.0989999999999999,0.0888762079807062,0.0785741764819834,0.0623724833919871,0.041828346969524,0.0251665863579524,0.013,0.0005883058476139,-0.0117614868191898,-0.0218247801737055,-0.0327027269262392,-0.0455641106429065,-0.058,-0.0707273458925994,-0.0793755924825796,-0.0827963806823662,-0.0866185110322376,-0.0893737618957202,-0.091,-0.0920411045990495,-0.0913354518841862,-0.0905774492377073,-0.0894677319381427,-0.0874965191067149,-0.0839999999999999,-0.0806143214034098,-0.0765552638724117,-0.0697759053112262,-0.0636532237406332,-0.0563441412343652,-0.049,-0.0455020323248789,-0.0429245678482034,-0.0409419176928418,-0.0392957573197912,-0.0377699170021991,-0.0369999999999999,-0.0361632347329394,-0.035363026825372,-0.0344430521622791,-0.033736537506632,-0.0327753841321736,-0.032,-0.0319916416104868,-0.031998012786813,-0.0319813147412371,-0.0321669209628241,-0.0332409995817722,-0.0339999999999999,-0.0347918562049084,-0.0353013081889393,-0.0343739653761997,-0.0338082279112341,-0.0327407168335469,-0.0319999999999999,-0.0312810665808467,-0.0301056975286626,-0.0298322113795724,-0.0281097114975482,-0.0252855809646847,-0.0179999999999999,-0.0028891644622329,0.0197146991079717,0.0498991911293017,0.0866470768069874,0.1313569644848163,0.1779999999999999,0.2274418288098095,0.2792012100097908,0.3249169593347041,0.3688816946620302,0.393308008385534,0.3919999999999998,0.3728275866378047,0.3029997653767091,0.1770323351200043,0.0103112320798837,-0.19363089735772,-0.4049999999999999,-0.5947030681168647,-0.737695224194703,-0.811916595515681,-0.8203948634969694,-0.778427820877993,-0.7039999999999997,-0.6142575349624638,-0.5258025985346196,-0.4463390746500619,-0.3735962252402947,-0.3074085373875301,-0.2509999999999999,-0.2072655970091461,-0.1762100486935125,-0.1604714146705679,-0.1555789317288255,-0.1524570769191752,-0.1509999999999999,-0.1494730371226908,-0.1470238033433036,-0.1441517691863856,-0.1406375322065472,-0.1371577841680421,-0.1299999999999999,-0.1184513315326996,-0.1072887924324977,-0.1000907897365931,-0.0925803935810047,-0.0833096565498688,-0.0769999999999999,-0.0711665541981428,-0.0663453731856632,-0.062747843005542,-0.0583078501348702,-0.0555194597599108,-0.0519999999999999,-0.0470370815072181,-0.0414668360613911,-0.0353954130884542,-0.0296921798481766,-0.0239448068358965,-0.02,-0.0166372247311915,-0.0143558681817854,-0.0132892143624152,-0.0111206666599744,-0.0097367408901371,-0.0069999999999999,-0.003530764278446,-0.0006287075375647,0.0036242653506572,0.0078170220947314,0.0161383803108323,0.0269999999999999,0.0331999899867179,0.0368154212557305,0.0394457435756544,0.0424321476744427,0.0468509264468225,0.0499999999999999,0.0531761664850559,0.0574264054782394,0.0613153594568928,0.0660298050119592,0.0708805369797408,0.075,0.0805289459691366,0.0897997522682503,0.1037910659525634,0.1162741445148499,0.1231448835856416,0.1290000000000001,0.1328233183572418,0.1320799756891544,0.1288614734522088,0.1236427955941536,0.1164400845575997,0.108,0.0982041848049081,0.0863104698636211,0.0724332188712266,0.0563028578218912,0.0398930641684782,0.026,0.0133965082775965,0.0021310454072065,-0.0082939428654227,-0.0196528113580501,-0.031285338898513,-0.042,-0.0519686625068721,-0.0617954660200307,-0.068694698143423,-0.0745602910088936,-0.0811018005152971,-0.084,-0.086344304126229,-0.0892680557674868,-0.0909709974879664,-0.0924340673707776,-0.0916905137271534,-0.09,-0.086895907406174,-0.0825068610857167,-0.0781299650584203,-0.0681105240773471,-0.054433256226478,-0.0449999999999999,-0.0398235753348713,-0.0361112205690989,-0.0338337171416859,-0.0324006373696608,-0.0306905388396453,-0.03,-0.0300166527299925,-0.0299627466608187,-0.0300550173761686,-0.029845589203995,-0.0286589330420448,-0.027,-0.0269561031604648,-0.0264958597586713,-0.0256709873156763,-0.0262266448784317,-0.0258877764931432,-0.0259999999999999,-0.0254029725098905,-0.0234012153094676,-0.0226786071649113,-0.0212887333401351,-0.0197567275545053,-0.0180000000000001,-0.0146514589444409,-0.0119204123448046,-0.0092760984084992,-0.0054042638600522,-0.0026076796619299,-2.5263741715914668e-17,0.0078235391014597,0.0195802527030866,0.034823812127868,0.0559013751093327,0.0786283964959899,0.1049999999999997,0.1385430523772658,0.1783414869961552,0.2237048588571651,0.2710894428124873,0.3196617583625126,0.3619999999999999,0.3850101981211003,0.3871060912805392,0.3650375713027448,0.2987006771697321,0.1750876016951333,0.0069999999999999,-0.1884241627061048,-0.387579509724221,-0.5592554633037787,-0.6794178854780111,-0.7327413504633692,-0.739,-0.7170078205760434,-0.6560380537215709,-0.5750455201612749,-0.4972831541759446,-0.4209247851828112,-0.35,-0.2874212671351449,-0.2348664738497143,-0.1931095200541285,-0.1623809382614462,-0.1471076252756043,-0.1419999999999998,-0.1379273756986557,-0.1334825432963971,-0.1296708387773848,-0.1223488545942198,-0.1105284356439646,-0.0979999999999998,-0.0837209928561349,-0.0730524771403057,-0.0690466392639243,-0.0654849457155685,-0.0625202650048434,-0.06,-0.0574167951367436,-0.0551767694705854,-0.0522319270199121,-0.0504276187039294,-0.0485266086666788,-0.0459999999999999,-0.0421688770360012,-0.0355924975056074,-0.0293521041925181,-0.0213004548356806,-0.011078499765873,-0.004,-0.0003915437110289,0.0007261010434291,0.0020558520444148,0.0054678538805111,0.0085645284167661,0.012,0.0168931071942842,0.023369471740528,0.0337256548767817,0.0453732227751495,0.053329092426268,0.06,0.0668486522552321,0.0719958579573887,0.0772026675201736,0.0812273651667599,0.0819155782791651,0.08,0.0758449113271133,0.072253506496165,0.0686317646245718,0.0648751932400788,0.0669878104706794,0.074,0.0828638650085284,0.0947456555617949,0.107944953877882,0.121525779919033,0.1359521458038249,0.1509999999999999,0.16401386774139,0.1722345625847215,0.1793058088048833,0.1843913510984103,0.1833775874654703,0.1780000000000001,0.1682723097170905,0.1572524131590675,0.1455851978568215,0.1285778190146933,0.107341156621367,0.0789999999999998,0.0482389844990323,0.0251851929083604,0.0047880099840027,-0.0116860228389343,-0.0234501457424871,-0.0379999999999999,-0.0516631361699404,-0.0628735658329268,-0.072014625108334,-0.0759458981472614,-0.0756903136062269,-0.073,-0.0711429368046698,-0.0704659631685465,-0.0690836301777273,-0.0671272966805592,-0.0644495253570757,-0.0619999999999998,-0.0595244641434054,-0.0570065004917483,-0.0541880484459218,-0.0505374181493258,-0.0474061295137247,-0.0439999999999999,-0.0398843681691932,-0.0351089605821203,-0.0299000538017669,-0.0250765748116018,-0.0199578472088683,-0.0150000000000001,-0.0106720107043253,-0.0087126453761584,-0.0102570285623807,-0.0132874084913993,-0.0166707040317167,-0.0199999999999998,-0.0241256747785154,-0.0279325150111253,-0.0304626904315488,-0.0329067321851527,-0.0341967115795836,-0.0359999999999999,-0.038618519478125,-0.0399173691976942,-0.0392483586072395,-0.0348087061794303,-0.0288110025342917,-0.0219999999999998,-0.0135062535808973,-0.0075820649370541,-0.0032359860682644,0.0047235056113295,0.0149223804287716,0.0219999999999998,0.026908686049034,0.0323135822290662,0.0362339672870932,0.0444159602920604,0.0620606134042027,0.0839999999999999,0.1100377850175435,0.1422828980121508,0.1817396051922741,0.2302869099808755,0.2824970938833088,0.3359999999999998,0.384627751625672,0.4104890072485768,0.4137995218038342,0.391234701251221,0.3175288054553961,0.1889999999999999,0.0154332609599829,-0.1920344879724694,-0.408312342163365,-0.6051182380577069,-0.7432151390910592,-0.8039999999999999,-0.8128622230121993,-0.7811712666697515,-0.7073978822037109,-0.6116566529409737,-0.5138012975589097,-0.4239999999999999,-0.3476908186872582,-0.2836799244800123,-0.2300272091380938,-0.1875450248840381,-0.1597193394279345,-0.1459999999999999,-0.1390303484202241,-0.1349773898904339,-0.1326633977393705,-0.1296975924685355,-0.126329827645903,-0.123,-0.1204548376514086,-0.116918057253641,-0.1078939565837008,-0.0967619016702806,-0.0886281229690923,-0.0829999999999999,-0.078748910276914,-0.0752753346513952,-0.0716794360394636,-0.0646031532757275,-0.0553220254583682,-0.05,-0.047490999627977,-0.0450083502892926,-0.0422385098355617,-0.0383349792718668,-0.0341755163501398,-0.03,-0.0265569900315845,-0.0235658316025789,-0.0193895469027788,-0.0156362544684677,-0.0123011057117592,-0.0089999999999999,-0.0065020734840045,-0.0039197986839079,-0.0017551239705794,0.0018508550643922,0.0083745176135425,0.014,0.0174356752360672,0.0200595146206902,0.0224120045975146,0.0252224554685475,0.0287161822076592,0.032,0.0358397806954274,0.0436440116666433,0.0550924058950702,0.0661569777548989,0.0744298334068579,0.081,0.0883870791291346,0.0969800146530926,0.1078269454135587,0.1194629567850773,0.1286198233560011,0.1349999999999997,0.1376850896036248,0.1398165338920372,0.1423567616469796,0.1434482863267902,0.1453158177347409,0.1439999999999999,0.1385703467811736,0.1267956827598907,0.1062199779385396,0.091245830414672,0.0788780376837622,0.0589999999999999,0.0412611618558672,0.0232698167239374,0.0030085973573856,-0.0155767097292918,-0.0375878291787831,-0.0569999999999998,-0.0683200608537938,-0.0753086404371222,-0.0786200420151416,-0.0810505344747129,-0.0833697387127172,-0.085,-0.0868005279409062,-0.0870552342327268,-0.0873529853980395,-0.0882336035231713,-0.0879127776165309,-0.0879999999999999,-0.0873497876362073,-0.0855431609069383,-0.0842056273432025,-0.0819787998938694,-0.0795504718880587,-0.0769999999999998,-0.0737530000868059,-0.0685298431696685,-0.058646237565998,-0.0504964044666416,-0.0475595513865541,-0.045,-0.0432481557205686,-0.0416974918484816,-0.040556378996315,-0.0414521529801442,-0.0421344996490914,-0.0440000000000001,-0.0466489683393925,-0.0481569710834275,-0.0508522392713354,-0.054282331312066,-0.0562224921126942,-0.0559999999999999,-0.0536746329433384,-0.0498016931601459,-0.0451330419927521,-0.0397218666555738,-0.0338790025331469,-0.0290000000000001,-0.0247571372187494,-0.0217128739960748,-0.0200907989223422,-0.0181248036930231,-0.0153672119383372,-0.0120000000000001,-0.010213905855711,-0.0080880333488363,-0.001188664676565,0.0125366055585555,0.0350034936034312,0.0609999999999998,0.0909802897296867,0.1287078415085585,0.1707820213018969,0.2188336927122069,0.2674536124653356,0.3139999999999998,0.3508784982468921,0.3605691097490451,0.3579234979522624,0.3340317916314337,0.2562929589226321,0.1339999999999999,-0.0332497972350883,-0.2341115597713672,-0.4331596237583046,-0.6117413908439977,-0.7259099480208003,-0.7659999999999997,-0.7682478961919241,-0.7263819255774601,-0.6465320072479577,-0.5588085948555126,-0.472204041272925,-0.397,-0.3345004307396385,-0.2811339609259116,-0.238460715070274,-0.2025755162587756,-0.1799730872744883,-0.1729999999999999,-0.1704050181604997,-0.1691672663464348,-0.1683461827529762,-0.1659555400465609,-0.1634864859799784,-0.1599999999999999,-0.1551649154386925,-0.1476023453774609,-0.1346802821661444,-0.120654205537956,-0.1086128239560447,-0.096,-0.0848014724572079,-0.0764422309681869,-0.0674072192143814,-0.0589102741699486,-0.0529297082579482,-0.048,-0.043824400789372,-0.0395678695018642,-0.0362433755752238,-0.0341083345709091,-0.0315640338201231,-0.031,-0.0304500774184676,-0.027821080078679,-0.0261239687949062,-0.0239680665104455,-0.0216394510330471,-0.0199999999999997,-0.0174751567086162,-0.0155977706862487,-0.013791075385752,-0.0104219997710358,-0.0046067398583678,0.0029999999999999,0.0089944591473666,0.0146983233487415,0.0244396394147572,0.0369582020371253,0.0465523681208802,0.0530000000000001,0.0589697952022901,0.0634209168440978,0.0675397090132483,0.0713859131332355,0.0747962655144433,0.08,0.0850963330697151,0.0898467304629816,0.0952014608496051,0.0996622652182079,0.1038990934090262,0.1089999999999999,0.1155349224699672,0.1226796123673153,0.1274644412371543,0.1298872576645227,0.1325522417200535,0.1339999999999999,0.1318452241856685,0.126241247890234,0.1172804834803158,0.1066121755542385,0.0943710003241186,0.08,0.0628785789030394,0.0428477015099991,0.0236698883577143,0.0038741517144345,-0.0139873207550244,-0.0249999999999999,-0.0364230164380837,-0.048677402220909,-0.0596330259426585,-0.0720242649148021,-0.0829388717757316,-0.091,-0.0962158498245176,-0.0998556092941604,-0.1017361653305456,-0.0999082951044484,-0.0961354850940418,-0.0909999999999998,-0.0859619104946854,-0.0805847455249304,-0.0741959285981458,-0.0691202622451824,-0.0637657900546053,-0.056,-0.0473312759869115,-0.0432226964136194,-0.0427936133563239,-0.0413934135591552,-0.0410464549188721,-0.041,-0.0409173374612927,-0.041151413035754,-0.040812526896834,-0.0411881565663882,-0.0408304600762549,-0.0400000000000001,-0.0392075411864977,-0.0382628050406619,-0.037570806114126,-0.0366262041010068,-0.0358307743251406,-0.0349999999999999,-0.0350389537855282,-0.0338800150335547,-0.0321703426376236,-0.0317275031241841,-0.0294819161870571,-0.0280000000000001,-0.0264787938167609,-0.0244716680364372,-0.022893258147582,-0.0198376436024377,-0.0189404843635456,-0.0169999999999999,-0.0142802746361171,-0.0125072986294795,-0.007954796112284,-0.0001431425191448,0.0156471353870072,0.0319999999999998,0.0463808076685339,0.0672960533727871,0.0930156461691843,0.1263500441849116,0.1648491996817285,0.2059999999999998,0.2486855027520222,0.2900155670385544,0.3259817597980287,0.3390991317430457,0.3323444097466045,0.2970000000000001,0.2049786490590525,0.0621773917571928,-0.1216260532093683,-0.3234556173442274,-0.5097703757361803,-0.6499999999999998,-0.7162715274028736,-0.730005917120176,-0.7074256751870925,-0.6436143432637133,-0.5626728940782462,-0.484,-0.4180216179344366,-0.3686916624003976,-0.3290801928507564,-0.2944572977514497,-0.2616533122091488,-0.2329999999999999,-0.2084964693866566,-0.1882806074141415,-0.1740903765017666,-0.1622657150208892,-0.1492398084015581,-0.1359999999999999,-0.1279743025982851,-0.1236381708781666,-0.119811525013095,-0.1167640805060098,-0.1133581439964825,-0.1109999999999999,-0.1078837840315611,-0.1031046828365885,-0.097343957359501,-0.0899530537022257,-0.0824965726853431,-0.074,-0.0627365082312875,-0.0478476577986515,-0.0353775110975356,-0.0310237543204475,-0.0297789292067985,-0.029,-0.0282221614938002,-0.0272266438688388,-0.0268315260277843,-0.0274532376289819,-0.0293926330343902,-0.031,-0.0334300672355526,-0.0359755669162348,-0.0392574312345636,-0.0431851996173683,-0.0410043435967395,-0.0339999999999999,-0.0235965465365281,-0.0104945499511171,-0.0003708526043732,0.0088929363111801,0.0189104704231013,0.0269999999999998,0.0336345767762304,0.0409452900959451,0.0480152867043514,0.0526307683595256,0.0569020325116945,0.0609999999999999,0.0643175219006792,0.0677022697610098,0.0713304320269111,0.0784479552066117,0.089232640828176,0.099,0.1051386918189242,0.1088177839766449,0.1115678941906238,0.1139816618152533,0.1164537280666538,0.118,0.1182470379086132,0.1152925686629088,0.1090907780025288,0.1018362920748825,0.0902268133307872,0.0749999999999999,0.060060474308332,0.0439232159657583,0.0266730073769301,0.0110656607160795,-0.0027485788802492,-0.017,-0.0298916296731787,-0.0390261978842327,-0.0461191787949706,-0.0525836528814896,-0.0593806719379327,-0.0659999999999998,-0.0726349881624553,-0.0789698789666791,-0.083831436772715,-0.0892626425509194,-0.0936474343477694,-0.096,-0.0985411637404492,-0.1003992761715901,-0.1020199542282066,-0.1033900579623746,-0.1026114552376205,-0.0989999999999999,-0.0940310561218934,-0.0881622796113354,-0.0794872528656918,-0.0707629904775419,-0.0635603544923949,-0.0559999999999999,-0.0484986310467363,-0.0412753644781597,-0.0368666083977717,-0.0356940430072327,-0.0348130167183925,-0.0339999999999999,-0.0331273864040397,-0.0329272170287657,-0.0327792732269347,-0.0313224781021701,-0.0296730249527359,-0.0279999999999998,-0.0270856846793285,-0.0264545484925005,-0.0253645945970439,-0.0247887084056259,-0.0237546544956469,-0.0229999999999999,-0.0223097979250585,-0.0205524739572028,-0.0192964692181578,-0.0165599040924873,-0.0121417392884155,-0.008,-0.002900151065771,-0.0001370039407922,0.0009769888481328,0.0098087309983544,0.0266758850570814,0.046,0.0681511674535034,0.0933331765321012,0.121016075855164,0.1540787426850118,0.1947726262201853,0.243,0.2955323738965417,0.3462302388263099,0.3909185029484679,0.4245947554491359,0.437306760787462,0.4169999999999998,0.3500190066194354,0.2272266233375848,0.0529345815518673,-0.1565533041551873,-0.3747821098995489,-0.5689999999999997,-0.7106491513672225,-0.7843732057971025,-0.7933819113603491,-0.7529689063273318,-0.6794400703436684,-0.5899999999999997,-0.5002553292986607,-0.4166263053094787,-0.3396373663121602,-0.2701208906156218,-0.208297363912518,-0.1569999999999999,-0.1226378226888907,-0.1055131289883604,-0.0987900831558116,-0.0962053006472421,-0.0947196552295995,-0.0929999999999998,-0.0905173926155501,-0.0880338496709318,-0.0851454993562451,-0.0815993238317399,-0.0782834341622031,-0.0729999999999999,-0.065466907230419,-0.0586339789654493,-0.0516796490332485,-0.0439250883297958,-0.0364138674098832,-0.026,-0.0118768652252183,0.0022166492360241,0.0173491982183074,0.0329999470376541,0.04511030746333,0.0539999999999999,0.060072874435752,0.0643885808201425,0.0681693536224902,0.0712058905570961,0.0747469096264926,0.078,0.0798573070748086,0.0795969694726526,0.0782496999214461,0.07789702600146,0.0766320744963744,0.0749999999999999,0.0741437855366242,0.0737829365942433,0.0745285557754142,0.0753798877850908,0.0776011296306836,0.081,0.0863228277352447,0.0964899505463955,0.1069880528063487,0.1151038159845164,0.122326535730178
0.1279999999999999,0.135776879924348,0.148187649105127,0.1585095310522541,0.1637583862066005,0.1677213843560749,0.1699999999999999,0.171561767128878,0.1736092335196553,0.1740903156562898,0.1738831487654226,0.1725969028698668,0.1700000000000001,0.1674384279149073,0.1656294849093509,0.16350451753503,0.1589893109650059,0.1539902027488543,0.1479999999999998,0.1426862061201352,0.1385629219658716,0.1261829890233871,0.1047763591489187,0.0799416968971655,0.0559999999999998,0.0358047307884566,0.0171216522917659,-0.0005723947092134,-0.0202610341724154,-0.0392416970765065,-0.0499999999999999,-0.0560198598902432,-0.0599683528345153,-0.0624746023011653,-0.0648676249584199,-0.0662095089429046,-0.0669999999999998,-0.0663146835518915,-0.0646807616543654,-0.0626907904000788,-0.0598658412123843,-0.0575746852332209,-0.0549999999999998,-0.052375949123466,-0.0507486270680676,-0.0485442158604674,-0.0461562919842746,-0.0447429406824495,-0.0429999999999999,-0.0412145496130348,-0.0404074873294747,-0.0390510817338804,-0.0374837173018094,-0.0369176412673169,-0.036,-0.0343296033200516,-0.0327304764140902,-0.0306204330513354,-0.0279317643256594,-0.0255305033819941,-0.0229999999999999,-0.0204959820866961,-0.0176103354780485,-0.0129240724884136,-0.0059827051795446,0.001237990361046,0.005,0.0074288155421393,0.0097592354543982,0.0097146020476283,0.0081538196067137,0.0040037850565442,-1.0105496686365867e-16,-0.002351832334681,-0.0063156376180643,-0.0101820482109559,-0.0128869849768778,-0.0126444969828655,-0.0099999999999999,-0.0063298640984785,0.0040296063726239,0.0242689029681912,0.0511687012373913,0.0798735689204496,0.1119999999999999,0.1490263152654534,0.1921278600801354,0.2439417905663888,0.2992958362248454,0.3529256795649029,0.3859999999999998,0.3863630633300267,0.3529600285737086,0.2540579738056997,0.0850499974771194,-0.1241148818014816,-0.3519999999999998,-0.5600786939400693,-0.7155531282640455,-0.8013190958002887,-0.814943454170736,-0.7773042996688921,-0.7059999999999998,-0.6210823590908261,-0.5358525396449145,-0.453019018911795,-0.3802982631243392,-0.3169901578181179,-0.2639999999999999,-0.2230993674057799,-0.191741542561684,-0.1747627003405515,-0.1697307233193555,-0.1676709316742424,-0.1669999999999998,-0.1663670452753068,-0.1639986980007163,-0.161635727918141,-0.1585605777418546,-0.1539862896428018,-0.1469999999999998,-0.1355106742435449,-0.1235558230146008,-0.1115057252640146,-0.0971554126281096,-0.0833059634145563,-0.0699999999999999,-0.0588246601475282,-0.0502950171970755,-0.0422198431697128,-0.0355170303371918,-0.0299419716365482,-0.025,-0.0193115388816327,-0.0129826023459167,-0.0087708720468988,-0.0058996903892658,-0.0036177333462406,-0.0019999999999999,-0.0003286071494493,0.0012975020635277,0.0030989823610429,0.0043897223130785,0.0052237967415918,0.007,0.0086870524351445,0.0107835955615782,0.013706646936766,0.0160853359498046,0.0229625555327028,0.0349999999999999,0.045992106723096,0.0560129484263098,0.0659042906278692,0.0762941522847875,0.0871154125644337,0.0979999999999999,0.1105761845844375,0.1210032976813378,0.1277905070130812,0.1327061034668843,0.1354155377220934,0.1369999999999999,0.1378035609556515,0.1392846014523034,0.1406740296131436,0.1413185531382917,0.1419475222362302,0.1389999999999999,0.1340086541327144,0.1277956871087618,0.1170774266446342,0.1058233886029758,0.0974948028287544,0.0899999999999999,0.081745918532131,0.0724495208171635,0.0598999111713975,0.0427284827854635,0.0244565027543841,0.0080000000000002,-0.0070193598977485,-0.022418109644509,-0.0389287300866968,-0.0532478898815349,-0.0657364091195988,-0.084,-0.1041034344743601,-0.1132081759482744,-0.1144076803399561,-0.1154463771491351,-0.1161049491740003,-0.1169999999999999,-0.1179104841016731,-0.1181005893187826,-0.1176051275405279,-0.1166037508991567,-0.1158670869567378,-0.1149999999999999,-0.1134342200282812,-0.1109972083801733,-0.1086040424808065,-0.1055919074198268,-0.1010244912527631,-0.0960000000000003,-0.0902154223041176,-0.0842921900985815,-0.0784838005877208,-0.0728661330309479,-0.0680237843079395,-0.0630000000000001,-0.0601731379934895,-0.0595288714683156,-0.0578922030986395,-0.0566599588548262,-0.0557328313808958,-0.054,-0.053050934797706,-0.0529802226128416,-0.053017125168707,-0.0529786265673105,-0.0530205330084056,-0.053,-0.0529187350755833,-0.0536768701639949,-0.0541420782311094,-0.0539497718972134,-0.0539562051005533,-0.0529999999999999,-0.0520896407114656,-0.05148689101499,-0.0500535434934687,-0.0482750251179184,-0.0467534958999244,-0.045,-0.0388946601425545,-0.0273828315238308,-0.0087662705045239,0.0162703437951477,0.0426159751995908,0.077,0.1177507182532266,0.1605189996878217,0.2067847957941913,0.2500401504684724,0.2934017365045511,0.3219999999999999,0.3244106702154701,0.3076596860941561,0.2407818182813179,0.1106544966060429,-0.0638476927916471,-0.2669999999999999,-0.4700193364813015,-0.6410728978491459,-0.7404671254137901,-0.7702921166580451,-0.7623721348239864,-0.7119999999999997,-0.635498913961834,-0.5598474157098164,-0.490629745721388,-0.433441632329115,-0.3833444053736166,-0.3389999999999999,-0.2981582931843387,-0.2589288556533469,-0.2257979041147101,-0.1974944112429406,-0.1809295745539692,-0.1759999999999999,-0.1719901202750632,-0.1669210880972928,-0.1624542993199366,-0.1578776772594962,-0.1486935300590829,-0.1349999999999999,-0.1192591249488524,-0.1036245184024688,-0.0895344006895841,-0.0731753528201753,-0.0586499302053921,-0.051,-0.0466642629859092,-0.0439156543707747,-0.0414969542317239,-0.0391902890475757,-0.0377135272064429,-0.0360000000000001,-0.0343259787584445,-0.0325984620129895,-0.0316587857627465,-0.0322717164769486,-0.0317768305107307,-0.0309999999999998,-0.0304050073629222,-0.027422458366371,-0.024085123949697,-0.0202295471329859,-0.0149033974486716,-0.0089999999999998,-0.0015114354038028,0.0054332478898175,0.0122497727032815,0.0201647217678885,0.0273743226284939,0.034,0.0411838862159552,0.0520059040065794,0.0637468132111924,0.0719820204318079,0.079575631337887,0.0869999999999998,0.0922611627385798,0.0951493854943098,0.0973994711637377,0.1000576988801129,0.1024791727127695,0.1049999999999999,0.1074901247683481,0.1100805621252733,0.1120636680505035,0.1137953932337495,0.1166357142708601,0.1199999999999999,0.1234012422916447,0.1260451417904058,0.1285005471647103,0.1310463770165604,0.1349755872733115,0.139,0.1350357957430281,0.1218815084336036,0.1034617423604578,0.0825623979827176,0.061935312434033,0.042,0.0227966115038311,0.0037685106403144,-0.0163518534646919,-0.0394549556071254,-0.0591669432818925,-0.0699999999999999,-0.079210150815766,-0.0863827182664748,-0.0900024360072294,-0.0930666507445111,-0.0940946378633153,-0.095,-0.0958966239113747,-0.096612641103335,-0.0972445871934395,-0.0968454277246974,-0.0970342596319308,-0.0960000000000001,-0.093545647241788,-0.090454318005502,-0.086901269458914,-0.0837061113692352,-0.0803887607167604,-0.078,-0.0748072518321429,-0.0710917287615485,-0.0685249977574767,-0.0661085146212189,-0.0647825938522605,-0.0630000000000001,-0.0611685116397725,-0.0604892165437039,-0.0589529966700961,-0.0575765517833362,-0.0568515358687334,-0.056,-0.0551657374470377,-0.0543321618682685,-0.0535005760443898,-0.0526692766225939,-0.0518288459676734,-0.0509999999999999,-0.0501808697865807,-0.0492958948124985,-0.0485638045541929,-0.0475845672212375,-0.0469081088431595,-0.046,-0.0442479995007103,-0.0434198921826614,-0.0417452436104194,-0.0388766550037463,-0.0365574190318179,-0.034,-0.0300684369918802,-0.023573075629371,-0.0129096245405321,0.0052282416272762,0.0306624053499693,0.065,0.1086349977993748,0.1575740879368438,0.2125789854085227,0.2677402225197036,0.3216038562852544,0.3639999999999999,0.377672655458136,0.3741104331335801,0.3385378152381156,0.2448543877782645,0.1032678642460338,-0.0799999999999999,-0.2872255957041161,-0.491924933383797,-0.6681570632651936,-0.7794122805027247,-0.8237652953110389,-0.8239999999999995,-0.7834441413428501,-0.7012887942076805,-0.5984460542268104,-0.497566337530953,-0.4070683725149217,-0.3329999999999999,-0.2754694879863615,-0.2358548232068401,-0.2121737348075468,-0.1965122122466095,-0.1860179151088824,-0.1739999999999999,-0.1604694316233969,-0.1485687225928877,-0.1378495141282009,-0.1302539983254625,-0.123766176490715,-0.1189999999999999,-0.1149350045261732,-0.1104795524554728,-0.1067190097198919,-0.1021443202890065,-0.098274103387005,-0.0939999999999998,-0.089737207788861,-0.0857933819344365,-0.0816454727749362,-0.0789599886810338,-0.0751209767657724,-0.0709999999999998,-0.0655222093255684,-0.0572819333492885,-0.0493535188956456,-0.0423974708565942,-0.03694086585575,-0.031,-0.0258522136106843,-0.0208207728472462,-0.0135792561560926,-0.0081561751374189,-0.0043005302798933,-0.0019999999999999,-0.000424453925017,0.001525210148102,0.0027250739476066,0.0050763468301552,0.0074215175002327,0.0099999999999999,0.0132911444165275,0.0176105982208924,0.0239627510783239,0.0308058361684731,0.0386218187228215,0.047,0.0576713323118767,0.0680337447759051,0.0751080111271299,0.0835889342377326,0.0913997901724151,0.099,0.1068790775869862,0.1109192254536614,0.1136305118068934,0.1156765197649502,0.1173904565139136,0.1189999999999999,0.1190732416257867,0.1185460069087736,0.1164276759224834,0.1121109832174127,0.1068148139047465,0.0980000000000001,0.0839084783922908,0.0706813827947397,0.0584346827770965,0.0443953623453963,0.0314103617521809,0.0169999999999998,0.0025926566257657,-0.0100602302932587,-0.0216797219938537,-0.0300521320588442,-0.0374480725174597,-0.0439999999999999,-0.0520180529967245,-0.0620822297833514,-0.0723983990456233,-0.0852766756382728,-0.0956488499282666,-0.1019999999999998,-0.1063650056311552,-0.1095300810813206,-0.1129895509548754,-0.1141553824563936,-0.1138725233416725,-0.112,-0.1094323272758869,-0.1067021551478264,-0.1023012398902006,-0.0983504171325353,-0.091197587230204,-0.0819999999999999,-0.0751766109460538,-0.0697723927642887,-0.0655312455165752,-0.0614011991124859,-0.0585297931154817,-0.056,-0.0541416900410487,-0.0534769000856492,-0.0523051167113044,-0.0518343985191246,-0.050782634307135,-0.051,-0.0512480522781095,-0.0500321774166357,-0.0501978701159207,-0.0497607868055748,-0.0501704597432363,-0.0499999999999999,-0.0490375541208592,-0.0486007901797079,-0.0471681560128196,-0.046866171659257,-0.0442902117289156,-0.0419999999999999,-0.0392440009440871,-0.0318854274256483,-0.0244714894559384,-0.0125644619132665,0.0002911882082558,0.0129999999999999,0.032661995293859,0.0542079840174595,0.076839687436691,0.1003435045429454,0.1236911419745785,0.1469999999999998,0.1729884073764251,0.20485237599802,0.2376907119140929,0.2717059058566221,0.3025892873664045,0.3259999999999998,0.3364443289621444,0.3265712883779685,0.2977292700944647,0.2238748444250835,0.0890061764302924,-0.0879999999999999,-0.2908797854683088,-0.4872701041632454,-0.6442563548691717,-0.7417437543079995,-0.7708314171537597,-0.745,-0.6787250175579006,-0.5894755541710764,-0.4968124781887197,-0.4132659255747641,-0.3442289390952892,-0.2859999999999997,-0.23467942883158,-0.1887647544451151,-0.1533263791866624,-0.1297031588616436,-0.1162717905186013,-0.1129999999999999,-0.1099430941726699,-0.1059111640037261,-0.1036872851973223,-0.1010034377423748,-0.0998009935832888,-0.097,-0.090687967266096,-0.0806329895488922,-0.0700295652056515,-0.0639035443046466,-0.0575332311180319,-0.0499999999999999,-0.0412464702188445,-0.0288866075582701,-0.0180430833217067,-0.0121062302001241,-0.0081992127114723,-0.004,-0.0013117992264233,0.0002392423136375,0.0021131827693812,0.0035710723524997,0.0053859601450674,0.0070000000000002,0.0086271549867471,0.0103578651852546,0.0122763401115906,0.0151442579002226,0.0174750511603295,0.0210000000000001,0.0251354544026357,0.0314831513866842,0.0440280024897119,0.0541615116897673,0.0588460353138774,0.0639999999999999,0.0697997301177324,0.0761386809584621,0.0841288643799016,0.0965675469539678,0.110475429811179,0.1189999999999999,0.1233400480937937,0.1265322996232166,0.1305592603562915,0.134239970444502,0.1364265522024065,0.1389999999999999,0.1428836318849063,0.1487189724040471,0.1491221501848763,0.1441606246078239,0.1429657412778442,0.1409999999999999,0.138248266689132,0.1365989011486514,0.1318386511294848,0.1274518664164591,0.122964854051713,0.1179999999999998,0.1133064214894222,0.1054182900031254,0.0978076859788612,0.0936496087090701,0.0901514242861954,0.084,0.0752186242400825,0.0609592747179757,0.0404613790434029,0.0248313136348149,0.0151939729233485,0.0069999999999999,0.0012031660817568,-0.0057848359022491,-0.0140122243537396,-0.0248524256382277,-0.0371500076384578,-0.0439999999999997,-0.0481735076137462,-0.0518409280362483,-0.0548611286936375,-0.0583135913340636,-0.0602430040967119,-0.0609999999999998,-0.0610484811482049,-0.0609479116727023,-0.0610076148762322,-0.0611636064505226,-0.0622340086295407,-0.0629999999999999,-0.0638107249638006,-0.0642769062018156,-0.0631885691551859,-0.0609093420050647,-0.0572274119466306,-0.0539999999999999,-0.0501501707859473,-0.0435659688086356,-0.0382413173992599,-0.0368063867778425,-0.0370467382219935,-0.0369999999999999,-0.0369885860611783,-0.0369726629679501,-0.0373335972207574,-0.0384433195300348,-0.0391121357947968,-0.0399999999999998,-0.0402331006579564,-0.0382164878811372,-0.034994719342823,-0.0318366576553469,-0.0295694977662845,-0.027,-0.0244698983964161,-0.0215887389827301,-0.0176794264635413,-0.0151174348935048,-0.0123886793374283,-0.01,-0.0077811224304847,-0.0026789312341779,0.0048372005367435,0.0155550400239095,0.0259063584492206,0.0369999999999999,0.054007328972015,0.0764630593971938,0.1087949263678471,0.1505717341274628,0.1991996692248328,0.2509999999999999,0.3038756556897209,0.3579296942874466,0.3913393312140102,0.398695284075638,0.3810844926474305,0.3079999999999998,0.1716802521736319,-0.0149909703670093,-0.2317272884270328,-0.4424370397501094,-0.6165072241471761,-0.728,-0.7714977045964451,-0.7580973054984076,-0.7040034496923998,-0.632242836938193,-0.5558344408851013,-0.485,-0.421377869787136,-0.3608815143917502,-0.3050684452370716,-0.2551960766540239,-0.2190417188833467,-0.195,-0.1756027677954577,-0.1566540823539857,-0.1352951802558359,-0.1224531686666757,-0.1182726878644427,-0.1139999999999999,-0.1106281097793598,-0.1072605619299181,-0.104494097409623,-0.1017524524257264,-0.0983617239176713,-0.095,-0.09003939153691,-0.0851382352913108,-0.0785221953030486,-0.0667607211777747,-0.0535652239770613,-0.044,-0.0365247274904557,-0.0292782673971895,-0.0243253929187587,-0.0204890488186581,-0.0175569041983147,-0.0159999999999999,-0.0150228563033228,-0.0155538090163525,-0.0165690267142875,-0.0172790710457936,-0.0182472022195914,-0.0199999999999998,-0.0217434699841098,-0.0228245641655602,-0.0223357010998338,-0.0176308235868691,-0.0104641717652323,-0.0009999999999999,0.0114279612250728,0.0244522567225312,0.0384964001086901,0.0498577018939434,0.0559583378431082,0.06,0.0626365428452946,0.0642966848555809,0.066298925491817,0.0693259221925041,0.0725951067313201,0.075,0.0774057913243113,0.0806535347163863,0.0840997895757598,0.0897967126671228,0.0988123734868943,0.1059999999999998,0.1138206915999518,0.1256456901199683,0.1351225084806178,0.141242437671855,0.1457363252255138,0.1479999999999998,0.1474841152645861,0.1440311016114459,0.1381084459302398,0.1289850792204138,0.1176290662501366,0.1059999999999999,0.0954771718912396,0.0791709216525489,0.055529680754134,0.033164171263637,0.0091577747570236,-0.0090000000000001,-0.019932202198566,-0.0393281132750308,-0.0593899718270012,-0.0776652747988387,-0.0962003071543934,-0.1069999999999999,-0.1147087477342348,-0.1191678905822428,-0.1216891066056678,-0.1252120063125385,-0.1260492930821872,-0.1269999999999998,-0.127196738731795,-0.1262541870794791,-0.125320147912463,-0.1229513610478957,-0.12050786959654,-0.1169999999999999,-0.110004854781668,-0.098253556524912,-0.0856852910440482,-0.0743142912096287,-0.059760688068148,-0.0430000000000001,-0.0298305770312161,-0.0228843207419337,-0.0182934896883522,-0.015072606146273,-0.0153188638922368,-0.0190000000000001,-0.0256082465446967,-0.0326661947016358,-0.0417697621823031,-0.0492459118461983,-0.0512766109320617,-0.054,-0.0573388227869426,-0.0609292778607093,-0.0617079654141644,-0.0566805179776797,-0.0523115371607594,-0.0489999999999999,-0.0463734311503993,-0.0442264773812876,-0.0410019363252592,-0.0375046291904731,-0.0331462172238323,-0.03,-0.0275070019214501,-0.0254795843884398,-0.0241661907938621,-0.022160798642963,-0.0191516984791044,-0.012,-0.0002062638141233,0.0194892470140201,0.0425384350281826,0.0640713920056562,0.0935251284662369,0.1269999999999998,0.1653049936858313,0.2091616767503584,0.2516101679847774,0.2964999336644763,0.3227008102285056,0.3239999999999997,0.3073976826362574,0.2398698131321985,0.1168910534957747,-0.0457992712621238,-0.2414503250949985,-0.4369999999999999,-0.6016816387040149,-0.7136304214256023,-0.7605318655546498,-0.7517104851749677,-0.7030694798520681,-0.635,-0.5594726113364091,-0.4832905900483191,-0.4103503233819614,-0.3366320343754093,-0.269464831362024,-0.2119999999999998,-0.1691059909769501,-0.1557622282512982,-0.1563889723970633,-0.1540010352619285,-0.1542005079597242,-0.153,-0.1502508746068868,-0.1490390895183501,-0.1459202117652666,-0.1426807964889938,-0.1362326575898685,-0.1259999999999999,-0.1182305332305309,-0.1122971878041408,-0.1066289908036464,-0.1001343716099488,-0.0909723108836408,-0.08,-0.0676526588295529,-0.0545199867039642,-0.0449855657471193,-0.0406156832122847,-0.0373547618510666,-0.0349999999999999,-0.0334080558481857,-0.0314526922467067,-0.0306144490940639,-0.0293368555176978,-0.027762211653248,-0.027,-0.0262025306503933,-0.0248135044274231,-0.0228594431996531,-0.0211901263621757,-0.0152499587085531,-0.004,0.0070202775771775,0.0160636845719355,0.0229216860536695,0.0300084183843524,0.0373609780064249,0.0439999999999999,0.0522541197411767,0.0607231901821129,0.0688357302604368,0.075081230747601,0.0786617384249675,0.082,0.0837920592227739,0.0851807087162228,0.0871202843773288,0.0887035367659078,0.0917171492209892,0.0949999999999999,0.0974587839860939,0.1005756235928907,0.1040684239557809,0.1072859189490828,0.1106894302094879,0.1139999999999999,0.1173589655348586,0.1200544747562842,0.1234525497637941,0.1316426950312946,0.1358514652068425,0.1279999999999999,0.1162617593857888,0.1048007834544084,0.0928205116292093,0.0816628192270678,0.0706989601954865,0.057,0.0390125910905315,0.017532337136023,-0.0061831232558829,-0.0237946684427297,-0.0338853080226683,-0.0439999999999999,-0.0517585610475498,-0.0589776190843448,-0.0698884042668444,-0.0816354383415837,-0.0917342120209018,-0.0979999999999999,-0.1031002717699571,-0.1052422545428065,-0.1005820621723314,-0.0950631118876007,-0.0912992238836458,-0.0879999999999999,-0.0847394354639892,-0.0807472881989271,-0.0761766484692114,-0.0707206891777284,-0.0647787138825665,-0.0580000000000001,-0.0504358095544193,-0.043985914110764,-0.0396862171436019,-0.0370405375053461,-0.0344166974765199,-0.0309999999999999,-0.0268709727551953,-0.0225898978995874,-0.0188335953374027,-0.0159586547131946,-0.0134784340830233,-0.0109999999999997,-0.0107034105088329,-0.0128524827780967,-0.0159386218161936,-0.0192279107038173,-0.0213740932278286,-0.0239999999999998,-0.0274545576258817,-0.0295107829186889,-0.0303894227748595,-0.0292117167362597,-0.0264619239902181,-0.0239999999999999,-0.0194655718014308,-0.0100208524950528,0.0030583720686407,0.0161683938379895,0.0298815945937426,0.0439999999999999,0.0563213895974592,0.0721037907973047,0.093009887724924,0.1199040738721169,0.1570984838448494,0.1999999999999999,0.2485298857039732,0.3012900671200365,0.3524252281569137,0.3970544987826028,0.4177108409989179,0.4110000000000001,0.3680742108198653,0.2579004268120131,0.0859700703523745,-0.125100557917668,-0.3514633759840374,-0.5499999999999999,-0.691706856170737,-0.7640895047701641,-0.7674504711007776,-0.7182493761738041,-0.6358167426170974,-0.54,-0.4484423111808996,-0.374768309943439,-0.3197662506162462,-0.2747339113641537,-0.2340548141066312,-0.196,-0.1635338427541202,-0.1399966530392256,-0.1289230609827887,-0.1262027205829177,-0.1233863579742245,-0.1209999999999999,-0.1185489344230962,-0.1164068608980063,-0.1152880213936684,-0.1129559195106224,-0.110505709872599,-0.1069999999999999,-0.10134559355591,-0.0940871602131457,-0.0864795776098833,-0.0789256002666134,-0.0717032394237166,-0.0659999999999999,-0.0580183643342232,-0.0474128989340231,-0.03627325263701,-0.0266251029661076,-0.0210215618694255,-0.015,-0.008313900490782,-0.0004208921787683,0.0113045284151358,0.021771120150416,0.0293151306195558
0.034,0.0365216759733357,0.0389547478361818,0.0420593713837944,0.047211481639041,0.0517361610637986,0.0549999999999999,0.0583642729713638,0.0615856850513028,0.0651190412045162,0.06820609568209,0.0717613628828709,0.0749999999999999,0.0774537881214664,0.0801349571656263,0.0822602099309731,0.0854265436509335,0.0884980776624654,0.091,0.094391488114005,0.0969935970889986,0.0998454832932325,0.1036163625538668,0.1094133381154006,0.1169999999999999,0.1228201741685278,0.1302017292388806,0.1392880245492652,0.1446224144569216,0.1475461205349292,0.15,0.1517549179228789,0.1523097131962047,0.1511330757994035,0.1490296601105252,0.1449558043034268,0.1379999999999998,0.1282010594740614,0.1172555518081126,0.1059758482392603,0.0898661276211871,0.0715407543232153,0.056,0.0402410400288407,0.0243098314760796,0.008152118525245,-0.0085813837409669,-0.0240693732007386,-0.0399999999999999,-0.0552067376373771,-0.0688009844435693,-0.0809183742653453,-0.0883658184786433,-0.0929119497540547,-0.0979999999999999,-0.1023893892860241,-0.1045626851641755,-0.1055261574137648,-0.1062822375746961,-0.1072798082625165,-0.1089999999999999,-0.1078883733260944,-0.1018814696742959,-0.0949048374757831,-0.0883382860184489,-0.0817719605167063,-0.0770000000000001,-0.0736866174295124,-0.0698470088192178,-0.0648171804804874,-0.058099900081011,-0.0505650070498743,-0.045,-0.0416547815630095,-0.0378361589090687,-0.0333181376560641,-0.0296213883235834,-0.026383438800188,-0.0239999999999997,-0.0223921793120426,-0.0200430674459958,-0.0177123843448512,-0.0168582930754764,-0.0170358125759804,-0.017,-0.017725894422237,-0.0188559122561263,-0.0192261106622487,-0.0207737069794108,-0.0221646872832171,-0.0229999999999999,-0.0246946511710343,-0.0258144767056591,-0.0258650333612321,-0.0240912904228917,-0.0213819324115275,-0.016,-0.0062189168132336,0.0056001968134887,0.0193964106805921,0.0315397605371008,0.045388972201133,0.0669999999999998,0.0923398013809924,0.1244943997451966,0.1647870283498139,0.2067312227624634,0.2482125909357495,0.2859999999999998,0.3097076583497589,0.3135996194831318,0.2966290131004617,0.2378267580584299,0.124574230633458,-0.03,-0.215742545578194,-0.4104170124007203,-0.5853741440967838,-0.7193414198643849,-0.7969290955579341,-0.8199999999999998,-0.7922095270853041,-0.721530618905626,-0.6244232042181675,-0.5169428726294328,-0.415705159474829,-0.3269999999999999,-0.2550071390132489,-0.2015878305631789,-0.1612792584862376,-0.1359278687213793,-0.1258581166474071,-0.1229999999999999,-0.1212979624401341,-0.1202019670722984,-0.1196521057913162,-0.1183951646376528,-0.1166441709783918,-0.1149999999999998,-0.1133823812433584,-0.1114987553914116,-0.1105971944776052,-0.1091986224667679,-0.1064470270970323,-0.1029999999999999,-0.0964229076730063,-0.0902387080571037,-0.0834083822054527,-0.0723848492898518,-0.0620194086410901,-0.051,-0.0398199316851041,-0.0321966367834692,-0.0275547225178264,-0.025128269930611,-0.0224196533566642,-0.02,-0.0168881650825613,-0.0124189414958797,-0.0091680931897576,-0.0052798402862989,-0.0013100273324208,0.0019999999999999,0.0061606985095128,0.010183069420263,0.015922217819843,0.0271476413974888,0.0404094435149096,0.0489999999999998,0.0540920413849031,0.0583961494456118,0.0624823236381744,0.0665083470963101,0.069604224151855,0.0729999999999999,0.0756219569032552,0.0778082175933739,0.080724194900464,0.082777916258544,0.0856984844194474,0.089,0.0915217211314857,0.0938774430711557,0.0976639086513194,0.1055183373914944,0.1132408982096887,0.1169999999999997,0.1186678826348733,0.1208484375544186,0.1234263714862809,0.1240140745440353,0.1240119478672639,0.1229999999999998,0.1197180078809112,0.1160105338814624,0.1095268399506344,0.0976917606917238,0.083063051006148,0.0689999999999999,0.0542167673832063,0.0380467247336067,0.0236980938791791,0.0111771845647073,0.0012957943425486,-0.0079999999999998,-0.025495603017798,-0.0477742331768926,-0.0628546802999116,-0.0706319442716654,-0.0759450999099982,-0.0799999999999999,-0.0834112283295666,-0.0860367875778838,-0.0885338089156952,-0.090788118566019,-0.0923047968626556,-0.0940000000000001,-0.0949190912418346,-0.0955331696941925,-0.0966882566676769,-0.0969209879447145,-0.0955708551286774,-0.092,-0.0870184378202004,-0.0819740953294428,-0.0770877123581163,-0.0716157243861679,-0.0645689468728253,-0.059,-0.055689468991928,-0.0521321301831942,-0.0499180779440343,-0.048125461464981,-0.0455489034755939,-0.044,-0.0415847089586953,-0.0393556717674795,-0.0383670254542067,-0.0358339918352411,-0.0336946887955406,-0.0319999999999998,-0.0294505910025495,-0.0275928241952669,-0.0260780456941017,-0.0241080832023889,-0.0215108390622742,-0.0199999999999999,-0.0184639015157344,-0.0164115549176749,-0.0153715654444276,-0.0127870827735298,-0.0107518461743359,-0.0090000000000001,-0.0043517785743178,0.0046956964521831,0.018541428896886,0.0303024858650572,0.0430049312017231,0.061,0.0842700125020388,0.1160179410278439,0.1517238425993851,0.1912219669784101,0.230674798230655,0.2699999999999998,0.3032903555376778,0.3116824623207348,0.3081586133534024,0.2770131643552554,0.1853592591250231,0.0499999999999998,-0.1220838710413753,-0.3116958438189878,-0.4806003031378313,-0.6122497416966729,-0.6927409827655455,-0.7219999999999999,-0.7059528250267416,-0.6552416256846731,-0.58492170295196,-0.5048615405762473,-0.4311180489811941,-0.3649999999999999,-0.3034110845141394,-0.2493697992232609,-0.2050036006274254,-0.1790523246453497,-0.1686425397789355,-0.1649999999999998,-0.1634419745038619,-0.160927686160454,-0.1586952651655248,-0.1556161964308771,-0.1524425064019553,-0.149,-0.1412409385458808,-0.1281634866333602,-0.1124505681218051,-0.0969532982747386,-0.0835127789235056,-0.071,-0.056611391745168,-0.0467884199812684,-0.0430895530104521,-0.0396638426698017,-0.0377266244803705,-0.0359999999999998,-0.0349975261105056,-0.0346281483601915,-0.033107920328219,-0.0332151453067098,-0.0327254202534334,-0.0309999999999999,-0.0300652812601317,-0.0300226316216025,-0.0295992175864537,-0.0288224241640843,-0.0289855092371474,-0.0280000000000001,-0.0279246790864117,-0.0271202116151583,-0.0245907716930309,-0.0233592619043974,-0.0172311917004552,-0.007,0.0037183369998881,0.0149300899754599,0.0250497484559477,0.0372575264731681,0.0504726311872103,0.06,0.0643929919583107,0.0681101436231649,0.0721752235814904,0.0732942775851791,0.0756363648304347,0.078,0.079526524776917,0.0816854351382962,0.0821808388144489,0.08400104203708,0.0863827471190515,0.0879999999999996,0.0889500712293907,0.089445688889325,0.0907920645349307,0.0910272786095687,0.092424305389453,0.094,0.0954917294013939,0.0970423549635212,0.0924342754987612,0.0850560613004227,0.0757638780669161,0.0629999999999999,0.0513186017913291,0.0386850216194117,0.0243994345653307,0.010427479627862,-0.0039382599827314,-0.0189999999999999,-0.0340247173975641,-0.0490349261146852,-0.0630485565393743,-0.0716696839898843,-0.0756163874456899,-0.0779999999999999,-0.0796538386082696,-0.0813942688964381,-0.0828880723984501,-0.0848162929903768,-0.0861654339213884,-0.0869999999999999,-0.0879934009325051,-0.087345567012943,-0.0869017929138516,-0.0868580694380669,-0.0857704577524219,-0.0850000000000001,-0.0834932370511781,-0.0809138012657017,-0.0786673048075376,-0.0756801656035448,-0.0723109148488874,-0.0670000000000002,-0.0577504321132784,-0.0512816112660044,-0.0479603759892595,-0.0428980014404782,-0.0395875749838907,-0.038,-0.036308784249579,-0.0346876775527959,-0.0332587629572815,-0.032858690905327,-0.0317128201347578,-0.0309999999999998,-0.0310597563069942,-0.0308324958479772,-0.0315017055265814,-0.0323003887516023,-0.0331829164841661,-0.0340000000000001,-0.0355760106057825,-0.0374401540129682,-0.0391705160048467,-0.042201489789777,-0.0427853787677937,-0.0399999999999999,-0.0337860974123845,-0.0240297815378569,-0.0134980297233967,0.0022065452179155,0.0233428489052956,0.0449999999999999,0.069473066651365,0.0990542502029799,0.1321911333275043,0.167045895641661,0.201887527015272,0.2359999999999998,0.2710145424928383,0.3036603518923805,0.325194885751376,0.3319904706339436,0.3222159839727335,0.2799999999999999,0.1860275946675303,0.0437228883953984,-0.1349587986561145,-0.3323210574678231,-0.5193756368261164,-0.67,-0.7539843507518501,-0.7733042893270333,-0.7544271927187485,-0.6932417327028598,-0.603645922688381,-0.516,-0.4330885071805378,-0.3549388983810215,-0.2811880589170108,-0.2151061294921266,-0.1641191079947301,-0.1309999999999999,-0.1180193403829979,-0.1137027028902533,-0.1106435070206748,-0.114027853872602,-0.1187732423976374,-0.1229999999999999,-0.1283203143594252,-0.1295900803913636,-0.1273929166945534,-0.1200317360254017,-0.1044469920530491,-0.0859999999999999,-0.0681608803989009,-0.055206461421599,-0.04829678993144,-0.0430320037143292,-0.0393226743019509,-0.0349999999999999,-0.0306172452202377,-0.0275980723792423,-0.023288536416444,-0.0197880154590515,-0.016093809466644,-0.0109999999999999,-0.0060506610266809,-0.0007946895717104,0.0031515393884035,0.0061698340529053,0.0083224699632333,0.0099999999999999,0.0125266184606926,0.0148305684609009,0.018132465967373,0.0207831030971011,0.0224694121794108,0.026,0.0285813000005651,0.0321528896539704,0.0401857543707303,0.0475753546422901,0.0531809835135475,0.0599999999999999,0.0660824184207454,0.0698494792880256,0.0727831907042338,0.0767419446152452,0.0805621511305404,0.0809999999999997,0.0786513284448584,0.0748364251236975,0.0703981053030859,0.0695219080325519,0.0788235517437437,0.0969999999999998,0.1153715665285909,0.1340050382295059,0.1488148166210876,0.1548089158966854,0.1601640690825828,0.164,0.1655820058836947,0.1667749804286703,0.1639167860851505,0.160507409114515,0.1497100224055542,0.1269999999999999,0.1005621195526652,0.0731245457667752,0.0543266886467196,0.0438391886523037,0.0299191971132894,0.0149999999999999,0.0001633364084253,-0.0157212516632308,-0.0317312865675734,-0.0486126397007512,-0.0608367354906817,-0.0669999999999999,-0.0713076283072507,-0.0741383438858707,-0.0761869027663705,-0.0771943104176857,-0.0769072848306708,-0.0759999999999999,-0.0735370961463879,-0.0714695245617095,-0.0701667577934696,-0.06822754383292,-0.0666696103109588,-0.064,-0.0613018876573111,-0.0599241436396886,-0.0570243523946339,-0.0539077611982954,-0.0514519830950478,-0.0479999999999999,-0.0445773816810221,-0.0419537795610697,-0.0395374641685363,-0.0369677068613601,-0.0345220658679646,-0.032,-0.0294422196138735,-0.0275530188539686,-0.0263700165255543,-0.025894219578137,-0.0260991726499794,-0.0269999999999998,-0.0278842876203502,-0.0285249554924101,-0.0301671264896856,-0.0336096929471436,-0.0375830220995895,-0.036,-0.0277392898988411,-0.0203101114516917,-0.0145061621299472,-0.0089884249958055,-0.0053479812818777,-0.0019999999999999,-0.0001465819644318,0.0009768005953143,0.0041002686487984,0.0098882646154929,0.0217887213505433,0.035,0.0476168881640559,0.0689460240951196,0.0982360621789504,0.1350141204663608,0.1835221234404642,0.239,0.2956745352166333,0.3511240592706336,0.3946213501381522,0.4110765238447732,0.400702094707917,0.351,0.235012471148934,0.0604772488703558,-0.1530391591083349,-0.3839563558921007,-0.5887207489315666,-0.7289999999999999,-0.7903074084278037,-0.786809156603444,-0.7372249819644413,-0.6511601447924882,-0.546535407095455,-0.4420000000000001,-0.3540236337382317,-0.2850103140930946,-0.2300694743265691,-0.1986439615983582,-0.1876343389363028,-0.1829999999999999,-0.1804384880497209,-0.1780425532159911,-0.1755015612006824,-0.1728842029641222,-0.1690477158625647,-0.1619999999999998,-0.1520047703437046,-0.1425544906566026,-0.1335262972513745,-0.1245095948525012,-0.1163389997770307,-0.1069999999999999,-0.0983341953642914,-0.0920296265614043,-0.0834806303103188,-0.0750840861550151,-0.0701380822033568,-0.066,-0.0627041014465899,-0.0586264896031834,-0.0552940019251548,-0.0527564915843469,-0.0479537073953169,-0.042,-0.0314331659180254,-0.0212969525119457,-0.0160322517993299,-0.0088870873825251,-0.003216899287078,-6.947528971876534e-17,0.0042127272632334,0.0073524953482191,0.0082978570891647,0.0077057657232775,0.0066895038098513,0.004,0.0021762333817083,0.0004146070087145,-0.0024007475869663,0.0015750562936489,0.0094794793232695,0.016,0.0226942716999016,0.0288031227356083,0.0342396148744629,0.0413519188634419,0.0538904471261359,0.0679999999999999,0.0783744798756066,0.085117308364902,0.0897251330353901,0.0953207448856111,0.0996989549893437,0.1039999999999998,0.1100796212054436,0.1128245676323841,0.1130457512505613,0.1129153366091085,0.1131339308662098,0.1139999999999998,0.1134300573345929,0.1100580089667642,0.1047912807877636,0.1003524090471187,0.0961361098502467,0.0919999999999997,0.0864716623244415,0.0785155437383878,0.0685558863597081,0.0537171001179902,0.040854058046332,0.0289999999999997,0.0115122993220184,-0.0050870500572917,-0.0236762459186936,-0.0409948792250729,-0.0523087499467065,-0.067,-0.0794764544615218,-0.0852716303743517,-0.0892622428909333,-0.0920160428667472,-0.0944299980951619,-0.0959999999999998,-0.0977248222173098,-0.0981782369027363,-0.0982472737140739,-0.0991664827720794,-0.0976157716506727,-0.0969999999999999,-0.095640870226053,-0.0926530416871078,-0.090982203328003,-0.0873807460665031,-0.0845402646457209,-0.08,-0.0722331581247452,-0.0675593219869091,-0.0631129022536725,-0.0580646385755965,-0.0528323803854066,-0.0469999999999999,-0.04347513606934,-0.0414745843655835,-0.040576671066704,-0.0393602232770679,-0.0377592674305891,-0.0369999999999997,-0.0361398893003461,-0.0354683313371717,-0.0339728474632079,-0.0325772147627852,-0.0318371221542949,-0.031,-0.0302213456933674,-0.0291755160214471,-0.0288116670751438,-0.0270168077771595,-0.0245761252639146,-0.0209999999999999,-0.0127355317060076,-0.0057558947996309,-0.0013611626860463,0.0045827881501027,0.0113586150579176,0.0179999999999999,0.0246128924594625,0.0314712005255658,0.0380471587645262,0.0498124607186084,0.070850377155152,0.1,0.1397980090112187,0.1883725535416802,0.240501174922141,0.2923220474919855,0.3352029669088443,0.3569999999999998,0.3566895788517193,0.328765042233502,0.2488117722772708,0.1153515651476519,-0.0556478225364404,-0.2489999999999998,-0.4379762011609723,-0.5963300358250936,-0.6938853545657787,-0.7277136887143033,-0.7235689606723584,-0.6839999999999999,-0.6152426432627671,-0.5390865399088779,-0.4695337942175708,-0.4101705833210107,-0.3551147809459117,-0.3019999999999999,-0.2522876870862734,-0.2089791461972334,-0.1743404048654424,-0.1516883127454811,-0.141538102117492,-0.1349999999999998,-0.1305755614427812,-0.1271468757371705,-0.1213380298055975,-0.1161062412007643,-0.1123845747391636,-0.1099999999999999,-0.1067449748199195,-0.1037212780420241,-0.1017651882228223,-0.0988015266367387,-0.0965760383003023,-0.093,-0.0865789328280098,-0.0777975039269108,-0.0687550195596334,-0.0606610192477753,-0.0510126004241874,-0.042,-0.0342897113063362,-0.0296815888694564,-0.0281944959551378,-0.0261781765609153,-0.024690759204863,-0.0219999999999999,-0.0193873151364764,-0.0167362654962836,-0.0123070152576779,-0.0082829067790553,-0.0013605593169901,0.0059999999999999,0.0110268859821921,0.015602324443425,0.0190068662370287,0.0247918327441844,0.0323739755392665,0.0369999999999999,0.0394938833300187,0.0421137432515507,0.0439649173439303,0.0460868812611729,0.0496846938628476,0.052,0.0544055110940476,0.0571078379332262,0.0596490664789251,0.0638464154396502,0.06919118750936,0.0759999999999998,0.081969408959542,0.0874265733750684,0.0944176571031186,0.1045683909776724,0.1158909197983438,0.1209999999999999,0.1249903025777661,0.1287223458406974,0.1291828761344605,0.1304087025107454,0.1282607403853325,0.1249999999999999,0.1212104445535748,0.1143108411616013,0.1041352326114213,0.0862871637313416,0.0703653570534719,0.0570000000000001,0.0394890994936236,0.022391669834981,0.0030096974251651,-0.0137881925178829,-0.0253954169181665,-0.0399999999999998,-0.053872746839485,-0.0625508357955822,-0.0681372460907168,-0.0728187594947607,-0.0766835495967897,-0.0799999999999999,-0.0834304822604318,-0.0859316138349147,-0.0889940809233037,-0.0919818356608838,-0.0931682778392192,-0.0939999999999999,-0.0934006406667814,-0.0910129366759373,-0.088326296561601,-0.0839715511022593,-0.0775606754586746,-0.0680000000000002,-0.0539503137525265,-0.0403745885544916,-0.0306576202372923,-0.0255610049422527,-0.0236046271226845,-0.021,-0.0199724944157906,-0.0199793052994435,-0.0208627631285156,-0.0248120578830001,-0.0303444040501169,-0.0399999999999999,-0.0497096784630952,-0.0545347646174461,-0.058234216472344,-0.0605049848814048,-0.0580343674927685,-0.0510000000000001,-0.0449356762255967,-0.040093509408977,-0.035431222326346,-0.0333745305416239,-0.0316841044187457,-0.031,-0.0294984746158682,-0.0278601895628004,-0.028079505224656,-0.0259565652839409,-0.0250078047196016,-0.0239999999999999,-0.0213347000901889,-0.0196225710979822,-0.0134250435887112,0.0006667604218438,0.0229414704416482,0.0489999999999999,0.0791008727068613,0.115895775928997,0.1583641744077404,0.2087926433519821,0.2585242493384239,0.3049999999999999,0.3438296163528859,0.3602297254449501,0.3613339792983565,0.3396828419042814,0.2696573072284524,0.1479999999999999,-0.0176566166936381,-0.212814555495757,-0.414056776748933,-0.595285690296364,-0.7269844242799057,-0.7889999999999997,-0.7987685908856536,-0.7762519544095376,-0.7084428354816019,-0.6088596271880247,-0.5082130773548947,-0.4119999999999998,-0.328365744392863,-0.2647259034695484,-0.22142614061964,-0.1949501561608977,-0.179852871195933,-0.1739999999999999,-0.1691571375703297,-0.1642644721914221,-0.1605496113365531,-0.1517787770487997,-0.1394433545685368,-0.126,-0.1124526117665745,-0.1014991392168083,-0.0933972521984148,-0.0859387941721213,-0.0787698729511113,-0.075,-0.0725760374554058,-0.0698569317300177,-0.0676699306713232,-0.0648476038635804,-0.0625933285678349,-0.0600000000000001,-0.0573789956108493,-0.0552821937249495,-0.0518002009051347,-0.0490991310235843,-0.0462768338820252,-0.0420000000000001,-0.0378832933522836,-0.0330536038306494,-0.0280304074872694,-0.022781351774031,-0.0168373103330534,-0.0120000000000001,-0.008622800933878,-0.0053764824758334,-0.001993023918173,0.0015574830378938,0.0074103682085162,0.0149999999999999,0.0210200871934253,0.0258624894719768,0.03150207032528,0.0371257962576146,0.0420056366487,0.0479999999999999,0.0547004715523062,0.0612774230993933,0.0678540055315075,0.0727264734283988,0.0768551505005245,0.0809999999999998,0.0843667449427338,0.0876067975093643,0.0913107224785892,0.096045725702167,0.1024748788750582,0.1109999999999999,0.1194109239113096,0.1272806373260741,0.1324866290768073,0.1330974370125885,0.1357688402492568,0.1379999999999999,0.1372390086946593,0.1335551645020694,0.1186955846401099,0.0996157824278994,0.0810892124216244,0.062,0.0491973724532956,0.0367955740138587,0.0226652552510057,0.0097267693376782,-0.0050263955525017,-0.0189999999999999,-0.0308886409496918,-0.0401324454614101,-0.0469514850224142,-0.0539467691578592,-0.0630784521403505,-0.0750000000000001,-0.0876089256773458,-0.098135367536731,-0.1041199168311045,-0.1089997126485391,-0.1106440195637469,-0.104,-0.0949286840615535,-0.0843366620777546,-0.0749674457272157,-0.0705125733540661,-0.0659941451129677,-0.0610000000000001,-0.0552537834384185,-0.0496158976493767,-0.0459686717950136,-0.0427808350867234,-0.0406727778565702,-0.039,-0.0372593981836449,-0.0362745485901177,-0.0355501877197895,-0.0346155534265475,-0.0338786989004118,-0.0329999999999998,-0.0313479790410961,-0.0296613965180416,-0.0281945331539974,-0.0282508605886136,-0.0291448387505029,-0.0299999999999999,-0.0316796504978804,-0.0332021046061165,-0.0355492991441793,-0.03762377194095,-0.0379265778477785,-0.0359999999999999,-0.0318325633096005,-0.0278097459463721,-0.0229212946752541,-0.0183368218832264,-0.0140413155395594,-0.009,-0.0041142157735493,0.0017235476492557,0.0077463460414421,0.01735490600729,0.0279933625041318,0.041,0.0645778699653808,0.0920707754281515,0.1244833664766961,0.1648475841573591,0.21055149942904,0.2589999999999999,0.3044341030655106,0.3420931318524126,0.3558599674267017,0.3507039663624354,0.3241624675958291,0.245,0.1237814786479915,-0.0292657961204024,-0.2113543447214598,-0.3958525960738126,-0.5655969346439692,-0.6899999999999998,-0.7501879081979753,-0.7641546409152679,-0.7435455042914535,-0.6900397000724222,-0.6153831360082845,-0.5379999999999997,-0.4626540839272361,-0.393348605801564,-0.3354762880518095,-0.2837272578036413,-0.2357404426255444,-0.1929999999999999,-0.1601355618659926,-0.138713495105626,-0.1273147421926997,-0.1221341785518247,-0.1170289258609601
-0.1139999999999998,-0.1116298948882172,-0.1087786168012541,-0.1067688529335283,-0.1036258675820355,-0.1004050103258539,-0.0979999999999999,-0.09455835540026,-0.0822779500505078,-0.0637814031388529,-0.0457774591084237,-0.0291851906446789,-0.021,-0.0161062760976455,-0.0117406466420664,-0.0098622143750837,-0.0069553930104966,-0.0073023548565669,-0.0080000000000001,-0.0100911686810185,-0.0142259025253698,-0.0161498137429273,-0.021722464368542,-0.0264404129620141,-0.0250000000000001,-0.018763406923042,-0.0091002976444617,0.001157863135192,0.0103552837885095,0.0175254224688904,0.028,0.0384884768729514,0.0452730094034091,0.0518733080134159,0.0571912537672336,0.0661792247738082,0.076,0.0812259882808741,0.0844081471908398,0.0854038061165328,0.0866331458055007,0.0883647538795231,0.091,0.0936394800684511,0.0957320797822188,0.0988543450426431,0.1006201687914417,0.1038560730657205,0.108,0.1120229860915949,0.1166589606305421,0.1198110154185563,0.1234118141974763,0.1253060588179837,0.13,0.1367329970240271,0.1330139207996485,0.1221840387286411,0.1101153550506903,0.0989522590459108,0.0889999999999999,0.0787661981725469,0.071028694471591,0.0622861357859898,0.0495424517354769,0.0350891219398675,0.0209999999999999,0.0075199717026127,-0.0028260303519163,-0.0072586132744045,-0.0152375602133761,-0.0303582118682257,-0.05,-0.0730759501516027,-0.0873647542378361,-0.0932649899074543,-0.0993171977032636,-0.1023399857286868,-0.1039999999999999,-0.1043494041942478,-0.1020345337761091,-0.0986738752900638,-0.0892959604189004,-0.0734230484781815,-0.0519999999999999,-0.0293993577844826,-0.0178653160536291,-0.0136179692965218,-0.0095551610160299,-0.0077218114579773,-0.0060000000000001,-0.0071578205374887,-0.0120484076817149,-0.0170868959955274,-0.0239364472169553,-0.0299206009313349,-0.0329999999999999,-0.0354637728601455,-0.0385632589442768,-0.0414986200603945,-0.0393879277708774,-0.0340869161743011,-0.0319999999999999,-0.0312732640115773,-0.0296706991286306,-0.0280056535553539,-0.0263512877577526,-0.0245934647148117,-0.0219999999999999,-0.0194612496811729,-0.0170129845642032,-0.0148111689661989,-0.0133301763428424,-0.0102873870033825,-0.007,-0.0010967771498655,0.0123717980226521,0.0286092270548303,0.0421336249854125,0.0577768832445206,0.081,0.1016298214356188,0.1193943548547519,0.1416147564785256,0.1647630348427197,0.1973157119294734,0.2329999999999999,0.2709584932156785,0.3141895784447865,0.3311990513557741,0.3322156228557993,0.3142489361522751,0.2339999999999998,0.104973181884557,-0.0600595885559835,-0.2497658041692892,-0.4284095923359031,-0.5716130361525283,-0.6580000000000001,-0.690637864569812,-0.6820008985272471,-0.642724861789885,-0.5874865737016195,-0.5242941840961287,-0.4639999999999998,-0.40769892913097,-0.3578241022324104,-0.3133804888364691,-0.268076335314526,-0.2272021997042732,-0.1899999999999999,-0.1626499427368906,-0.1482587821220284,-0.1380758195931376,-0.1272525631172792,-0.113224566344392,-0.1029999999999999,-0.0962919514315939,-0.0914104935765882,-0.0914308778218273,-0.0924165530813739,-0.094486485020782,-0.096,-0.0967792457036656,-0.097373420948439,-0.0958370938043877,-0.0922024805659263,-0.0854366689194473,-0.076,-0.0621369654900897,-0.0467907055040801,-0.0324943555018396,-0.0214158159394741,-0.0175640919498515,-0.0149999999999999,-0.0131761938864426,-0.0118353796879881,-0.0101980573832796,-0.0096685291024876,-0.0075989278681882,-0.007,-0.0054979390921095,-0.0039717482266941,-0.003515196352209,-0.001108117652457,-0.001119031756184,-5.0527483431829337e-17,0.0017880723723658,0.0039953911134216,0.0093383682395654,0.0135203464941148,0.0179508732085443,0.0229999999999999,0.0317973496735709,0.0415724756403024,0.0466311886574137,0.0502424416354259,0.050976417371467,0.0520000000000002,0.0537796798143628,0.0555520834582532,0.0593072897902154,0.0620192029919486,0.0659042002937768,0.0699999999999999,0.0754286964365192,0.0841968985456909,0.0939608915639225,0.1035674289926436,0.1102067266326059,0.1169999999999999,0.1210156513129583,0.1193105515051876,0.1152425944210918,0.107446825856537,0.0964976429903814,0.081,0.0648975528853587,0.0502684409679768,0.0348548191122552,0.0223314247534905,0.0106481493805151,-6.947528971876534e-17,-0.0105338326667587,-0.0236330829988201,-0.0369657565742421,-0.0503618883149756,-0.0636815992810617,-0.077,-0.0887006488774362,-0.1009899537402727,-0.1120680710783051,-0.1180396702717083,-0.1228539875482233,-0.1249999999999999,-0.1252308872244486,-0.121758191233205,-0.1148773555362121,-0.1075921351061992,-0.0938663519326161,-0.08,-0.0684715807336569,-0.0566699813601942,-0.0486550724100259,-0.0429218200062051,-0.0394499177296333,-0.0369999999999998,-0.0367580122243068,-0.0377422903229587,-0.0390680615265645,-0.0421061298033756,-0.0431963396903299,-0.0459999999999998,-0.0479847097002758,-0.0484434080178986,-0.0489374993377798,-0.0453103394440583,-0.0425543419910909,-0.0389999999999999,-0.0361966475525921,-0.0345090754236917,-0.0309169030500574,-0.0295002593696779,-0.0262430841098697,-0.025,-0.0252609013345168,-0.0244586482673766,-0.0259549766825554,-0.0258888863640756,-0.0274332325548285,-0.0280000000000001,-0.0293055697903819,-0.0312729916599916,-0.02652986616555,-0.0206063235796075,-0.0119791101887116,-0.0009999999999999,0.0170289737562631,0.04339317934261,0.0709481979346559,0.1056417357302971,0.1424857624429083,0.1859999999999998,0.2348454802557054,0.2802734179968562,0.324393194435874,0.343982057250903,0.3432732063145309,0.3249999999999999,0.2546475044344082,0.1352990764705094,-0.0220019083842591,-0.2110745608404755,-0.4077281331376128,-0.587,-0.7222464939726235,-0.7939734593190079,-0.8013305104045547,-0.7594304101121029,-0.6839462235090535,-0.592,-0.499781021615294,-0.4147442219598626,-0.3414936686507211,-0.2800251967961557,-0.2356953925186549,-0.2069999999999998,-0.1874592573728005,-0.1795575504191879,-0.175189826241126,-0.1702043220155322,-0.1659674493360757,-0.1579999999999999,-0.1466031795172224,-0.1327548061849184,-0.1185781085490145,-0.1038722295591891,-0.0878940391755884,-0.0749999999999999,-0.0671156280215608,-0.0624324567766259,-0.0590691632880882,-0.0552695751970093,-0.0499204480861152,-0.045,-0.0364918770805038,-0.0238044211500001,-0.0166839594337276,-0.0140155358650279,-0.0115682423607597,-0.0099999999999998,-0.0090994942046652,-0.0085001949776735,-0.0069965684583423,-0.0053667362599268,-0.0036846908982681,-0.0029999999999999,-0.0023622356663879,-0.0004258160102742,0.0002679014693603,0.0021258012912842,0.0073020278630913,0.0159999999999999,0.0268323444049076,0.0376807203670381,0.0477947223914724,0.0540411556452662,0.0591438448020856,0.0649999999999999,0.0699716900432068,0.0751893328154977,0.0791420773158688,0.0823026756902876,0.0856571490573984,0.0889999999999997,0.092383936748725,0.0955159326610034,0.0995027253676964,0.1035842235723171,0.1079935610323883,0.1139999999999999,0.1214191715152883,0.1291787841748375,0.1357758237637725,0.1408482783405049,0.1447251953830006,0.1479999999999999,0.1498217797266809,0.1502788645199995,0.1486219636597701,0.1437154078941236,0.136281140014616,0.1259999999999999,0.1131905908400043,0.0941231813467817,0.0719971430178843,0.0542877737994802,0.0361653594649751,0.0169999999999999,-0.0027410512856126,-0.0237818045092023,-0.039386613890822,-0.0475600029828499,-0.0516952987699752,-0.0549999999999998,-0.0575528853056749,-0.0600160815509872,-0.0618618873995671,-0.0621136908982653,-0.0632229085361058,-0.063,-0.062114905816831,-0.060941247348943,-0.0587337804360874,-0.0574271732330113,-0.0542093679832087,-0.0510000000000001,-0.0485433854236277,-0.046377200787376,-0.0453295067107774,-0.0430333549763827,-0.0418609066272208,-0.0400000000000001,-0.0373147338911248,-0.0358786595732725,-0.0334031464512024,-0.0311444112034688,-0.0283931051061781,-0.0259999999999998,-0.0243429304550993,-0.0231039012251501,-0.0227547969792158,-0.0214432570114936,-0.020966319483416,-0.02,-0.0190193270535692,-0.0186123882157699,-0.0171208186331561,-0.0171804687929257,-0.0168419846024953,-0.017,-0.0187011608123494,-0.0202278200388319,-0.0221149225681712,-0.0237880394326152,-0.0281106554871889,-0.0329999999999999,-0.0334970132775397,-0.0294272656089905,-0.0229349803832792,-0.0138405528813683,-0.001608305158322,0.0079999999999999,0.0196503798952836,0.0390642507529355,0.0622698146876593,0.0893693206596414,0.12056447891412,0.1559999999999998,0.1954792311329896,0.2406205840464054,0.2892600931017276,0.3362801167295551,0.3710511901085948,0.3809999999999998,0.3742576500396626,0.3320504754117065,0.2302386550599509,0.0835252935224902,-0.1028194599455791,-0.3049999999999999,-0.4961890822877238,-0.6557308798659741,-0.7419190351436674,-0.76789881056233,-0.7573136862379357,-0.6999999999999997,-0.6142271827208038,-0.5226708479280985,-0.4371176820375443,-0.3666757451490053,-0.3094326121788315,-0.2629999999999998,-0.2264163592687621,-0.1960783848427985,-0.1702343529729293,-0.1536485442836517,-0.1442963957389805,-0.1360000000000001,-0.1299770504334254,-0.1246480048767666,-0.1177997745867709,-0.1118499036372785,-0.10702092794682,-0.1019999999999998,-0.097833657884528,-0.0924010280097576,-0.0825681214079329,-0.0696135044392314,-0.0565284090892379,-0.045,-0.032479772881031,-0.0222463830113168,-0.0178644029594198,-0.0147587945032688,-0.0127533529616822,-0.0119999999999998,-0.0118955656699312,-0.0126041164911915,-0.0138772037123766,-0.0156758904007852,-0.017488709068516,-0.021,-0.0215733945602416,-0.0171218932480947,-0.0064278846265854,0.0134892961870074,0.0291357002577792,0.034,0.0349362860308748,0.0354888482644575,0.0367382114807963,0.0370748095118796,0.03840016950705,0.0399999999999999,0.0407763635807643,0.0417965843293148,0.0425406045535165,0.0452816432734113,0.047227939428974,0.0509999999999998,0.0651896836754777,0.0839104427824141,0.0969142096068879,0.1049246223032348,0.1110359968746434,0.1149999999999998,0.1191362074881331,0.1228358842886109,0.12614453577852,0.1309417198291244,0.1346319451729772,0.1379999999999999,0.1413717442917598,0.1446751551076815,0.1474474254541757,0.1479727558961805,0.1465103698266629,0.143,0.1378156508242449,0.1244885050811943,0.1058483950647245,0.0866667811931978,0.0588821592301729,0.03,0.0049219994910681,-0.0179341095461333,-0.0332939559769889,-0.0438877608864963,-0.0512365730657826,-0.0569999999999998,-0.0614047941457009,-0.064440308104417,-0.0683276655070025,-0.0708785590410866,-0.0735972126269673,-0.0759999999999999,-0.0784126975935711,-0.0807327106413653,-0.0810439051848753,-0.0806953721775338,-0.0785035945122087,-0.0770000000000001,-0.0747481169199424,-0.0711808552146858,-0.0674826995917749,-0.0590469025545758,-0.0475224428056145,-0.0339999999999999,-0.0240993110744677,-0.0197135318027023,-0.0155597679275482,-0.0133068070462527,-0.0118333785892041,-0.0139999999999999,-0.0182757029701419,-0.0232885850016569,-0.0337823068003246,-0.0433468315737075,-0.0502810072491137,-0.0549999999999997,-0.0575856403114468,-0.0581839601959693,-0.0541692696956116,-0.0485904407726171,-0.0401100401800068,-0.0329999999999999,-0.03118920854886,-0.0302313632856425,-0.0296861552260886,-0.0284555161015067,-0.0279881867550815,-0.027,-0.0251850466249411,-0.0244391106933502,-0.0233511732044742,-0.0226733300650275,-0.0204604483410438,-0.018,-0.0100655927410466,0.0089925971106474,0.0319379244779677,0.0579587116504572,0.0884926444432124,0.1249999999999998,0.167208474286923,0.2122317033224429,0.2593601684363723,0.3046181195604449,0.3424661689919362,0.3619999999999999,0.3607299221773654,0.3338728190353393,0.2606861650005698,0.1371065943659118,-0.0278631424323699,-0.222,-0.4219350868842681,-0.5980246016743695,-0.726603635144534,-0.7965951230698559,-0.8066747791151692,-0.7689999999999999,-0.6964999611217386,-0.6050417278084611,-0.5141883570006814,-0.4309137677115017,-0.361445926235672,-0.3069999999999999,-0.2641610764682959,-0.2323774353893624,-0.2086171519523482,-0.1922223325644183,-0.1794573750537813,-0.1659999999999999,-0.1511248198178043,-0.1353285602984616,-0.1198233367824762,-0.1081941157508531,-0.1033446288714294,-0.0999999999999997,-0.0980925452733875,-0.0970910038002762,-0.094224340946473,-0.0922690897847968,-0.0893361249118922,-0.087,-0.0846874683401111,-0.081319428991026,-0.0767820612121071,-0.0661687573137052,-0.0549997634173666,-0.0449999999999998,-0.0340450068788815,-0.0244626719020907,-0.0164753188920124,-0.0110125912867853,-0.0060517808941343,-0.003,-0.0013788668734039,-1.763513225667642e-05,0.0001000432462864,0.001847664855991,0.0031971040792492,0.0050000000000001,0.0068396239240028,0.007977393155419,0.010715388275236,0.0128686803445597,0.0170549127413784,0.0219999999999999,0.0267981812033831,0.0329004558262101,0.0378949635770045,0.0430319643481874,0.0465473983351375,0.0499999999999999,0.0543437329503635,0.0570372706766293,0.059472278220265,0.0623617782685815,0.0685836314432801,0.0779999999999999,0.0888040662001676,0.0992174366652547,0.1086184934387945,0.1170641838510343,0.1232571202361872,0.1309999999999999,0.1371761932969546,0.1417043399220853,0.146662948253141,0.1461736860674876,0.1433560948363484,0.1359999999999999,0.1183884216322938,0.096462571607081,0.0805115171572307,0.0693780725224099,0.0550193425938891,0.0420000000000002,0.0282069646637039,0.0125689914275728,-0.0014854935334199,-0.0174549669013502,-0.0317343222113069,-0.0469999999999999,-0.0609628828684828,-0.070538480238051,-0.0823975627743041,-0.0925069771671998,-0.0991282639327314,-0.103,-0.1055085440460131,-0.107096720469483,-0.106586991259785,-0.1050209432537171,-0.0998421224360442,-0.0959999999999999,-0.092228729552932,-0.0859413142174759,-0.0815801554012222,-0.0773233134210668,-0.0745504871025303,-0.071,-0.0646489342965205,-0.0546222361029976,-0.0446142493673939,-0.0409883788453769,-0.037072533291392,-0.0339999999999999,-0.0324213428747606,-0.0309718597140764,-0.0308429668895023,-0.0296696772390771,-0.0315520740860123,-0.0329999999999997,-0.035189216861044,-0.0385131938995306,-0.0399472888754938,-0.0433152338816767,-0.0440181088903113,-0.0469999999999998,-0.0507901782417924,-0.0518912498852984,-0.054382468461001,-0.0532266102860792,-0.053164490201292,-0.0519999999999999,-0.050002327521443,-0.04936277410838,-0.0454854502681067,-0.0402533379729293,-0.0253316927800018,-0.01,0.0016995957494279,0.0213229416084186,0.0431615215026953,0.0692213397920149,0.1006989106055052,0.139,0.1822292094580433,0.2280638196371303,0.2775335442971011,0.3199303404817069,0.3552248078165119,0.3709999999999998,0.3545544706433718,0.2968891680459504,0.1836875952210812,0.0262988507018286,-0.1694425975549656,-0.3750000000000001,-0.5602313771442136,-0.7064210352334709,-0.7727695290267325,-0.7869743273190442,-0.7738407470384601,-0.716,-0.6418702341254651,-0.5658282868005777,-0.4916515673016184,-0.4287883505329893,-0.3691428188242051,-0.312,-0.2602642837218183,-0.218991622018543,-0.1901039887656656,-0.1743415892750809,-0.1678516577122423,-0.1609999999999997,-0.1550531094071978,-0.1490166455917837,-0.1411862773432079,-0.1321571097557665,-0.1220709973291448,-0.1139999999999999,-0.1079186356871508,-0.1046453486188855,-0.1030695286093216,-0.1013190371826159,-0.0996016249294007,-0.097,-0.0944555703971809,-0.0920752054105706,-0.089224862557502,-0.0849790397115316,-0.0771161343347273,-0.067,-0.0585532462290859,-0.0500299369391285,-0.039999487035106,-0.0323487471529312,-0.0270255773711613,-0.023,-0.020443558346849,-0.0180904644560436,-0.0153278049205341,-0.0134066450689151,-0.0113568763682085,-0.0059999999999999,-0.0007811174353667,0.0031446102220779,0.0079925503581115,0.0130398970721796,0.0178472264669611,0.0209999999999999,0.02430729672964,0.0271411171226698,0.0297408081880341,0.0333094413519688,0.0354288437180462,0.0389999999999997,0.042467203784667,0.0458562381679785,0.0519492214400056,0.0613677450023869,0.0746593698597267,0.0859999999999999,0.0976140111905931,0.1071379989026525,0.1111738284457684,0.1159090120491117,0.1182355560663053,0.1199999999999998,0.1204241243505626,0.1182842580455322,0.1175968167586214,0.114429574416173,0.111613475953186,0.1089999999999999,0.104806558980528,0.1003770843138318,0.0937986911834886,0.0852466331239485,0.0734492596537877,0.06,0.0415590117258343,0.0176620061348466,-0.0064712046185853,-0.0302846910987394,-0.0509614034736653,-0.0719999999999998,-0.0945706156958917,-0.1158669245988079,-0.1304264992170342,-0.1354674287613825,-0.1399163625219001,-0.142,-0.1420446083237165,-0.1389981125022782,-0.1266499490904266,-0.1098685382447847,-0.0884391817722564,-0.0679999999999999,-0.0534636558193206,-0.0428836874075977,-0.0364545268130721,-0.0308623103779983,-0.0275598922533376,-0.0259999999999997,-0.0272577173676452,-0.0313759597773875,-0.0357227449118506,-0.0411516371375811,-0.0460707840251612,-0.053,-0.0569992904850503,-0.0558640489276536,-0.052903235368608,-0.0484941404364911,-0.0481324631932657,-0.0469999999999999,-0.0458425282034438,-0.0459632136565858,-0.0433979357405887,-0.0431236903060646,-0.0413842993980575,-0.0389999999999996,-0.0382814727360145,-0.0365958178720904,-0.0351226768249843,-0.0332414675313924,-0.0316603519798634,-0.0290000000000001,-0.0244343387198441,-0.0148106885714312,-0.0035657970271044,0.0061187087762665,0.018440845923274,0.0279999999999999,0.0363728694244806,0.0429731439710525,0.0492347988250142,0.0586820267564654,0.0669151742308107,0.0829999999999999,0.1066293152915799,0.137653280949865,0.1775383232674081,0.2210654580848827,0.2715165692934204,0.323,0.3623840446910091,0.3717205516586441,0.3515170961937925,0.2824742085894384,0.1386855615089534,-0.044,-0.2523878411755784,-0.4609455494739068,-0.6279645808115647,-0.7500445762128889,-0.8030707535640704,-0.8069999999999998,-0.779128429358241,-0.6967366894107313,-0.5829843095422595,-0.4637398665636416,-0.3574039970032927,-0.2699999999999998,-0.2062853909348888,-0.1785205670237037,-0.1697450542997859,-0.165554458695767,-0.1608977889803776,-0.1559999999999999,-0.1533979197475019,-0.1510975556531229,-0.1422892230249174,-0.1222830991169852,-0.1022918536161868,-0.085,-0.0742274178435103,-0.0679957726745855,-0.0614813915106766,-0.0590102122480401,-0.0523848028345577,-0.0469999999999999,-0.0417031078078106,-0.0338819264334323,-0.0288606645277125,-0.0179814348588247,-0.0071627579377388,0.0009999999999998,0.0041195381207557,0.0045237852235287,0.0079667989133933,0.0076819407647239,0.0095223196714322,0.009,0.0077361669834751,0.0081018639155197,0.0056128843421889,0.0063278567687058,0.0030255236941141,0.0009999999999999,0.001779698986485,0.0063285703548684,0.0189129148464852,0.0309383521756016,0.0459163769738887,0.054,0.0592775093876215,0.0666950695027976,0.0702554393169276,0.0784775849274343,0.0824138371665385,0.0879999999999997,0.093800472369869,0.0950827658489169,0.0999535000677371,0.1017178183103714,0.1104533076646458,0.1209999999999998,0.1291519937020393,0.1362012591492288,0.1385758312807058,0.1464726881947052,0.150329368831102,0.1549999999999997,0.1606158592472394,0.1630255010104032,0.166772811581257,0.163064860213517,0.1620748361328124,0.158,0.1518071347192764,0.1443301001716748,0.1282688514914168,0.1185479181162128,0.1015406966355625,0.0790000000000001,0.0562027247841918,0.0323612900168125,0.0186686547828723,0.0058758777729181,-0.0038123833964454,-0.0169999999999998,-0.028023776221571,-0.0337942090652011,-0.0438525650274888,-0.0463951973887548,-0.0513321936013879,-0.054,-0.0558886064268646,-0.0591975657707281,-0.0564562295457484,-0.0592626934029931,-0.0558518463295902,-0.055,-0.0535199235889336,-0.0477397470498072,-0.0473408972267165,-0.0350031868336833,-0.0259414014036061,-0.0190000000000001,-0.0146851925960681,-0.01453191497936,-0.008690463803696,-0.0094529028339235,-0.0033397546710935,-0.0019999999999999,-0.0014766702527733,0.0038934503351374,0.0019414198934365,0.0075048300838104,0.0063114265492402,0.0100000000000002,0.0129244112906182,0.0112166796208206,0.0168954668113669,0.0114304712254701,0.0139771441345172,0.0090000000000001,0.004124911450789,0.0045384294360061,-0.0057541434968815,-0.0042699432762914,-0.0161752175753601,-0.018,-0.0145583640357717,-0.0169134492359218,-0.000432787368451,0.0086070889754367,0.0327823908539338,0.049,0.0687441450387889,0.1002267663751557,0.1164452432752568,0.153611443230681,0.1724809929240971,0.2049999999999999,0.2406747656684816,0.2658227781811887,0.3183609237404089,0.3465236042017875,0.3981366120082361,0.4089999999999998,0.3969170241562427,0.3764673460042066,0.227273589974182,0.0513313117037387,-0.1802175469291325,-0.3729999999999999,-0.5108721184102546,-0.6155744627192676,-0.5241013020314288,-0.5195896608900693,-0.2434865199004112
