0,1,2,3,4,5,6,7,8,9,10,11,12,13,14,15,16,17,18,19,20,21,22,23,24,25,26,27,28,29,30,31,32,33,34,35,36,37,38,39,40,41,42,43,44,45,46,47,48,49,50,51,52,53,54,55,56,57,58,59,60,61,62,63,64,65,66,67,68,69,70,71,72,73,74,75,76,77,78,79,80,81,82,83,84,85,86,87,88,89,90,91,92,93,94,95,96,97,98,99,100,101,102,103,104,105,106,107,108,109,110,111,112,113,114,115,116,117,118,119,120,121,122,123,124,125,126,127,128,129,130,131,132,133,134,135,136,137,138,139,140,141,142,143,144,145,146,147,148,149,150,151,152,153,154,155,156,157,158,159,160,161,162,163,164,165,166,167,168,169,170,171,172,173,174,175,176,177,178,179,180,181,182,183,184,185,186,187,188,189,190,191,192,193,194,195,196,197,198,199,200,201,202,203,204,205,206,207,208,209,210,211,212,213,214,215,216,217,218,219,220,221,222,223,224,225,226,227,228,229,230,231,232,233,234,235,236,237,238,239,240,241,242,243,244,245,246,247,248,249,250,251,252,253,254,255,256,257,258,259,260,261,262,263,264,265,266,267,268,269,270,271,272,273,274,275,276,277,278,279,280,281,282,283,284,285,286,287,288,289,290,291,292,293,294,295,296,297,298,299,300,301,302,303,304,305,306,307,308,309,310,311,312,313,314,315,316,317,318,319,320,321,322,323,324,325,326,327,328,329,330,331,332,333,334,335,336,337,338,339,340,341,342,343,344,345,346,347,348,349,350,351,352,353,354,355,356,357,358,359,360,361,362,363,364,365,366,367,368,369,370,371,372,373,374,375,376,377,378,379,380,381,382,383,384,385,386,387,388,389,390,391,392,393,394,395,396,397,398,399,400,401,402,403,404,405,406,407,408,409,410,411,412,413,414,415,416,417,418,419,420,421,422,423,424,425,426,427,428,429,430,431,432,433,434,435,436,437,438,439,440,441,442,443,444,445,446,447,448,449,450,451,452,453,454,455,456,457,458,459,460,461,462,463,464,465,466,467,468,469,470,471,472,473,474,475,476,477,478,479,480,481,482,483,484,485,486,487,488,489,490,491,492,493,494,495,496,497,498,499,500,501,502,503,504,505,506,507,508,509,510,511,512,513,514,515,516,517,518,519,520,521,522,523,524,525,526,527,528,529,530,531,532,533,534,535,536,537,538,539,540,541,542,543,544,545,546,547,548,549,550,551,552,553,554,555,556,557,558,559,560,561,562,563,564,565,566,567,568,569,570,571,572,573,574,575,576,577,578,579,580,581,582,583,584,585,586,587,588,589,590,591,592,593,594,595,596,597,598,599,600,601,602,603,604,605,606,607,608,609,610,611,612,613,614,615,616,617,618,619,620,621,622,623,624,625,626,627,628,629,630,631,632,633,634,635,636,637,638,639,640,641,642,643,644,645,646,647,648,649,650,651,652,653,654,655,656,657,658,659,660,661,662,663,664,665,666,667,668,669,670,671,672,673,674,675,676,677,678,679,680,681,682,683,684,685,686,687,688,689,690,691,692,693,694,695,696,697,698,699,700,701,702,703,704,705,706,707,708,709,710,711,712,713,714,715,716,717,718,719,720,721,722,723,724,725,726,727,728,729,730,731,732,733,734,735,736,737,738,739,740,741,742,743,744,745,746,747,748,749,750,751,752,753,754,755,756,757,758,759,760,761,762,763,764,765,766,767,768,769,770,771,772,773,774,775,776,777,778,779,780,781,782,783,784,785,786,787,788,789,790,791,792,793,794,795,796,797,798,799,800,801,802,803,804,805,806,807,808,809,810,811,812,813,814,815,816,817,818,819,820,821,822,823,824,825,826,827,828,829,830,831,832,833,834,835,836,837,838,839,840,841,842,843,844,845,846,847,848,849,850,851,852,853,854,855,856,857,858,859,860,861,862,863,864,865,866,867,868,869,870,871,872,873,874,875,876,877,878,879,880,881,882,883,884,885,886,887,888,889,890,891,892,893,894,895,896,897,898,899,900,901,902,903,904,905,906,907,908,909,910,911,912,913,914,915,916,917,918,919,920,921,922,923,924,925,926,927,928,929,930,931,932,933,934,935,936,937,938,939,940,941,942,943,944,945,946,947,948,949,950,951,952,953,954,955,956,957,958,959,960,961,962,963,964,965,966,967,968,969,970,971,972,973,974,975,976,977,978,979,980,981,982,983,984,985,986,987,988,989,990,991,992,993,994,995,996,997,998,999,1000,1001,1002,1003,1004,1005,1006,1007,1008,1009,1010,1011,1012,1013,1014,1015,1016,1017,1018,1019,1020,1021,1022,1023,1024,1025,1026,1027,1028,1029,1030,1031,1032,1033,1034,1035,1036,1037,1038,1039,1040,1041,1042,1043,1044,1045,1046,1047,1048,1049,1050,1051,1052,1053,1054,1055,1056,1057,1058,1059,1060,1061,1062,1063,1064,1065,1066,1067,1068,1069,1070,1071,1072,1073,1074,1075,1076,1077,1078,1079
0.116,0.1524572275170463,0.1685497579874311,0.213291100248672,0.2358023883047494,0.269880949589261,0.2879999999999998,0.3014066601333846,0.3122692960397548,0.3096113062062555,0.3155654344827089,0.3143321019902189,0.317,0.3189705874299881,0.3133540171797793,0.304548459992346,0.2838473713445614,0.2597443932391908,0.227,0.1946439760561481,0.1665454963389625,0.1445647921075888,0.1362334662211286,0.1257731047312729,0.1199999999999999,0.1176702645103522,0.1173298980945279,0.1250083442226292,0.1315131425335144,0.1396138051159176,0.1439999999999999,0.148498241793342,0.1548940005198205,0.1576589333407587,0.1634796444625534,0.1662260044200735,0.169,0.1719578598612242,0.1721944454762079,0.1741830048908355,0.1735064883931301,0.1744030949305555,0.1749999999999998,0.1747320633842633,0.1755565738501161,0.1744029353186967,0.177836971153781,0.1766681942378669,0.1639999999999998,0.1504579192307919,0.1381407547745641,0.1250259080347228,0.1118983526015845,0.1010566025943278,0.092,0.0821593399169529,0.0711307079622978,0.0618546769392076,0.0558606689622967,0.0511124067271308,0.047,0.042757742737266,0.0397985965293456,0.0376124133429136,0.0351021090441768,0.0337577232182003,0.032,0.0302958950304407,0.0286525513572359,0.0273836956747704,0.0265425640368233,0.0246081110081246,0.0229999999999999,0.0198583558262445,0.0159660968347823,0.0141780099290584,0.0143968639089261,0.0180456067352327,0.025,0.0332098364251447,0.044563748712534,0.0674735446812109,0.1010451416398668,0.1357245965349885,0.1659999999999998,0.1890324375367776,0.207314343856372,0.2187899274886799,0.2237503242867989,0.2291440264336923,0.2339999999999998,0.2369678741523609,0.2332334825676891,0.2212906105863,0.2098723161258567,0.2014899064561039,0.1949999999999999,0.1892045418805295,0.1832274836528792,0.177886651721966,0.1732224252838508,0.1692198573074509,0.1649999999999999,0.1594811224230337,0.1494079012293971,0.1307858071244934,0.1082224922699955,0.0911001748597598,0.0769999999999999,0.0597227684403567,0.0407870240570064,0.021616474704037,0.0071980798362581,-0.000125682233611,-0.005,-0.009206848425906,-0.0128917035009481,-0.0151748280702131,-0.0163669208741168,-0.015590833014305,-0.0119999999999999,-0.0063868243302002,0.0009375996481868,0.0093945462077492,0.0233736544901789,0.0402508946443243,0.056,0.0720411894444581,0.0864724803845038,0.1042693567215498,0.1202732967874234,0.1269333213585758,0.132,0.1363460501977642,0.1396455744899788,0.1426907479512185,0.1449218582136774,0.1474598818403774,0.1489999999999998,0.1506170547940989,0.1524034612878722,0.1537166398741482,0.1539453701655266,0.154148947484025,0.1549999999999999,0.1549421495368344,0.1557014625037074,0.156058737088806,0.1560454028771328,0.1559892897901739,0.158,0.160821450646155,0.1471744300421537,0.1040881698165113,0.0193039821517183,-0.1075722604436824,-0.2489999999999999,-0.3829652548539847,-0.501651790542772,-0.6061777024168586,-0.6957094870390982,-0.7701545520648374,-0.8379999999999997,-0.8930204057886276,-0.9200756926693384,-0.916944252556734,-0.8907033387531397,-0.8351981205353962,-0.757,-0.6967406773272533,-0.6702433666070935,-0.6691472395170512,-0.6888973415509133,-0.7211267798361707,-0.7599999999999999,-0.8006106464145083,-0.8451628930604005,-0.8964916823871817,-0.9538265350036864,-1.0180941626832043,-1.0779999999999998,-1.11516380791407,-1.1235173696988725,-1.10687519745039,-1.0586363854800915,-0.9872811839551564,-0.918,-0.862095519356355,-0.83487377934119,-0.82606221333854,-0.8143085599505336,-0.8119421843572138,-0.8289999999999996,-0.8717246455654258,-0.93130343468926,-0.9944901359988008,-1.061104967831701,-1.1107690138663826,-1.1379999999999997,-1.1500612306909572,-1.1415309686778663,-1.1210579942079744,-1.0971655589017388,-1.0736724304725451,-1.056,-1.0418877141703429,-1.02687363604045,-1.0135716181579555,-1.004759169661707,-0.996294155350488,-0.989,-0.9823759372299548,-0.9759869302045404,-0.9640553044924292,-0.9256631906977112,-0.8590082907559847,-0.774,-0.6781576199938869,-0.5857377643798062,-0.5068756324337104,-0.4493649428106928,-0.4012583265067003,-0.358,-0.3403766226773452,-0.3313239303120412,-0.3224889795546618,-0.3465149957549673,-0.3996719827125608,-0.4619999999999999,-0.5308730737856062,-0.6002130615095363,-0.660787928844325,-0.7065322584064297,-0.7379468931577468,-0.7479999999999998,-0.734684116962539,-0.7022145019255379,-0.6331784583780067,-0.5258781296248642,-0.4014771515715861,-0.2729999999999999,-0.1492274967715594,-0.027217127178459,0.1003963363623666,0.2336632194813618,0.3624529313640824,0.4669999999999999,0.5342560598432851,0.5648939287407901,0.5731292210204891,0.5692545740452397,0.5605015516261806,0.5569999999999999,0.5546792935487286,0.5517731947471974,0.5494077784143524,0.5454910130300556,0.5438298141379081,0.5419999999999999,0.5393785242955315,0.5372807065159079,0.533838178309937,0.5309839140128488,0.528527273651717,0.5269999999999999,0.526207033408233,0.5252488190683918,0.5245978003061912,0.523593541761813,0.5228546536316573,0.522,0.5226507105288605,0.523994744194994,0.5238135776582128,0.5242455651399835,0.5237213821213463,0.5219999999999998,0.521084007921953,0.5209336108557564,0.5210307657507653,0.5211313556625522,0.5222613640773074,0.5229999999999997,0.5237412618259415,0.5248377875726015,0.525275360121904,0.5265775314378761,0.5269374597095419,0.5269999999999999,0.5279702764228588,0.5273850304276194,0.5268118052936708,0.5271233230444952,0.5268843073121248,0.5259999999999999,0.5251449134422407,0.5243618268253006,0.5234972620808028,0.5225216914178598,0.5205673194888483,0.519,0.518191320576882,0.5172571607063596,0.5166367446677357,0.5153861257111877,0.5136551262615322,0.5119999999999999,0.5110706919379973,0.5105416143990357,0.5089240260736924,0.5075914034177442,0.506849500236311,0.5059999999999999,0.5044594994897379,0.5019619826371924,0.4996105927959118,0.4967358154893336,0.4933142516644946,0.49,0.4874134498829258,0.4851669640779144,0.4822263551027921,0.480559048475738,0.4798746047141715,0.4799999999999999,0.4816614496027043,0.4832359595200511,0.4854679015170533,0.4879327969940559,0.4906347960752343,0.4939999999999999,0.496515985878043,0.4990799698367571,0.501022022567337,0.5028879516550063,0.5054864632842678,0.508,0.5128285027594292,0.5182337952800393,0.5225723592199584,0.5260983645502767,0.5255307489377223,0.522,0.5171735205383698,0.5111497642323319,0.5063315851498777,0.5024105711450136,0.4981318765882466,0.4939999999999999,0.4899122662465628,0.4850035668450012,0.4803302664268336,0.4764205750094691,0.4721774894088151,0.469,0.4658588059943845,0.4610789631697661,0.4553384016910117,0.4452271387793592,0.4311813624349664,0.418,0.4020306005800896,0.3800111623645816,0.3589700400656647,0.343107126842524,0.3293226478866928,0.317,0.3061129419153879,0.2958519169384891,0.2862257861375676,0.2755795198704942,0.2650745907252025,0.257,0.2502630941230778,0.2442724699953999,0.2383336449228266,0.2307302975851628,0.2224407950143227,0.216,0.2102524360319931,0.2040837152097286,0.1994128181667157,0.1952985546083637,0.1912820629745185,0.1879999999999998,0.1838588537489975,0.1801340856870746,0.1772129528286224,0.1733499273881203,0.169164846120649,0.165,0.1615783919508815,0.1585068423092264,0.1545232342155988,0.1502342109758529,0.1447647556522477,0.138,0.1306026242591982,0.1223285165848427,0.1140766635089362,0.1054286469778673,0.0961353980225313,0.087,0.0785598028313837,0.0709854302353907,0.0636761417004747,0.0580587304029079,0.0543011469789828,0.051,0.0484600473134411,0.0460432259077485,0.0434472743095841,0.0411679574641122,0.0397758234534484,0.038,0.0346450642380155,0.0319474773725827,0.0292050718551436,0.0255345811125962,0.0224398059360339,0.0199999999999999,0.0183045943773113,0.0166827445895904,0.0150135194032461,0.0132889483843277,0.0117218246439354,0.01,0.0074337638027569,0.0057026592135748,0.0035355402377854,0.0012481141182906,-0.0004546745855887,-0.0039999999999999,-0.0074138005154959,-0.0105815785629383,-0.0140168025480624,-0.0175279415471612,-0.021814227938987,-0.025,-0.0282883132506659,-0.0312794514287059,-0.03291461705205,-0.0348619056761995,-0.0376453435107892,-0.041,-0.0434464811862755,-0.0471568093819938,-0.0512764372356814,-0.0543269711361383,-0.0589817039669289,-0.063,-0.0670828794412506,-0.0710204191895096,-0.0733359410040345,-0.0761547912188342,-0.0784121381248686,-0.0809999999999999,-0.0835761564918603,-0.0858805266444198,-0.0887704118916566,-0.0931761830958214,-0.1004009099086664,-0.1039999999999999,-0.1039625081683136,-0.1041186986955797,-0.1040713079910174,-0.1058829558972091,-0.1071137383058424,-0.108,-0.1090214625574071,-0.1084103096962017,-0.1069589316253581,-0.1034114976449817,-0.1006417961801233,-0.0989999999999999,-0.0964673345285422,-0.0945299997196627,-0.0934521684083104,-0.0924930018651519,-0.0907433071609335,-0.092,-0.0953697668198772,-0.0994227048083165,-0.1062208163837852,-0.112786681858814,-0.1251057661265779,-0.139,-0.1420722845642877,-0.1428642559036602,-0.1454269807957766,-0.1462116812571371,-0.1472369766350816,-0.1479999999999999,-0.14874098332837,-0.1503023669320182,-0.1519952309918303,-0.1538034073683724,-0.1566499131267944,-0.16,-0.1640197120588768,-0.1690458546063706,-0.1744885899071863,-0.1850418267782918,-0.1983478213126653,-0.2059999999999999,-0.2116652571179437,-0.218075960150066,-0.2221845959268744,-0.2248690047867381,-0.2229903712082841,-0.214,-0.2037949909637824,-0.1952978475282372,-0.1869943716601769,-0.178768399386557,-0.1717824700098229,-0.1669999999999999,-0.1628589651440782,-0.1586299458572374,-0.1545135240661101,-0.1504542563592102,-0.1474999022949915,-0.1449999999999999,-0.1417278490552571,-0.1382160642806561,-0.1352197774887346,-0.1311352504097147,-0.1259973786340803,-0.1209999999999999,-0.1145237154578879,-0.1057610652163595,-0.0920965280000046,-0.0753771207446678,-0.0599376572938002,-0.0439999999999999,-0.0288450409427641,-0.0149676447134458,-0.0041064349131701,0.0024272145832572,0.0094668692439086,0.0149999999999999,0.0168714430561574,0.0167737811251097,0.0136757982307912,0.0071756395264402,0.0007647230581058,-0.01,-0.0338134957552356,-0.0547031700205659,-0.0634082201309976,-0.0712015007552468,-0.0768332339844553,-0.081,-0.0846750335906837,-0.0852414321167929,-0.0840091237058158,-0.0803332283386417,-0.0761017874144809,-0.0700000000000001,-0.0631624237125371,-0.0571218446118649,-0.0483288514443443,-0.0377170108973014,-0.0284455147323272,-0.023,-0.017353495666949,-0.0110618918986239,-0.0057330262279157,0.0002999664205173,0.0050522114380277,0.0140000000000001,0.0251122453536659,0.0349811111326091,0.0481699209380219,0.0581784187445504,0.0626025227754377,0.0639999999999999,0.0647194992082372,0.0659030147215412,0.0661655502179477,0.0678011150135296,0.0692199048853679,0.071,0.0728444147402653,0.0735336197608839,0.0746819918041638,0.0751864831011226,0.0761930298603172,0.076,0.0758763396723956,0.0757558179779887,0.0737844833928136,0.0723757751235724,0.0693160890468266,0.067,0.0638811425822101,0.060457908811902,0.0591024822307597,0.0554729037268553,0.0538154807953227,0.0509999999999999,0.0481425290074528,0.0463902620446381,0.0390442883171806,0.030680275603931,0.0227307984156617,0.0229999999999999,0.028231697539839,0.0349711754964754,0.0585253952569439,0.0993487463829214,0.1596448358080443,0.236,0.32834476636065,0.4335336877178668,0.5374234658444236,0.64349152194059,0.7156511058332472,0.7369999999999997,0.7306926962398329,0.6679624838056719,0.5348602931858439,0.3581512378156369,0.1715000356831811,0.0069999999999999,-0.0987415458751865,-0.1283941521003129,-0.1203313520233022,-0.0744815865802543,0.0026127788593523,0.05,0.0694936603989347,0.0745986780080901,0.0626762280309441,0.0509135575250536,0.0425005914310379,0.0370000000000001,0.0320338988068505,0.0283374766540884,0.027708013516354,0.0267066713753741,0.0286938657030941,0.0330000000000001,0.0387084056355534,0.0448499156529566,0.0501356189605236,0.0544032149163812,0.0563877650122297,0.0599999999999999,0.0643352631585378,0.0675253436977206,0.0714699734857466,0.0756834568184023,0.0797722483020781,0.0829999999999999,0.0855565567155566,0.0874372718994516,0.0886979343368594,0.0888490149969762,0.0877885328943385,0.0869999999999999,0.0854494049307618,0.0830498668251613,0.0801849914794342,0.0763838404393377,0.0721565143235772,0.0679999999999999,0.0631075439086162,0.0578058756458178,0.0529439507284948,0.043285220396657,0.0291670444787766,0.0159999999999999,0.004029166173552,-0.0043645216930326,-0.0113083188570747,-0.0188069779567707,-0.0239083088790544,-0.0289999999999999,-0.0327124640684061,-0.0335648593420903,-0.0347909419914515,-0.0346880790887787,-0.0339667498234278,-0.034,-0.0330824899961498,-0.0335616480788753,-0.0341678508458349,-0.0341312278689518,-0.0351540376019956,-0.035,-0.0357722521995935,-0.0357501863268191,-0.0341376655918576,-0.0337946195809732,-0.0314298428893847,-0.0299999999999997,-0.0279357714805768,-0.0227456982000843,-0.0190536825129661,-0.0183566333269951,-0.0248584878451998,-0.036,-0.0527027899873479,-0.0741583807719711,-0.0884347583809734,-0.0973315298566051,-0.1041568385685495,-0.1079999999999999,-0.1046935067854867,-0.0954972213580842,-0.085544924742431,-0.0656976505040371,-0.0413961428804694,-0.0199999999999997,-0.0038299514738258,0.0024083650843523,0.010945259327456,0.018965083587593,0.0087569136793436,-0.033,-0.1012277098872776,-0.1750251676970428,-0.2450809703490599,-0.3022455452722504,-0.3531804258880436,-0.3969999999999999,-0.4225046318701053,-0.4470501795506774,-0.4700349781827764,-0.4964230067779913,-0.534182927167974,-0.5559999999999999,-0.562021520679897,-0.5666901209442196,-0.5695373307162308,-0.5717326487030681,-0.5719201858753589,-0.5719999999999998,-0.5714208623100672,-0.5689342984585279,-0.5666696033838775,-0.5636607058619904,-0.560373552988274,-0.5559999999999999,-0.5476254511203349,-0.5436250449483369,-0.5539872411998292,-0.5755929679403858,-0.6025461964539847,-0.6319999999999998,-0.672554768594175,-0.7162805303510634,-0.7382660634251511,-0.7470593436423142,-0.7496193104813623,-0.7420000000000001,-0.7255953249336283,-0.6846174373284922,-0.6060957280808157,-0.4891332128939889,-0.3458854965825876,-0.187,-0.0392643018878645,0.0479703057345569,0.0711167184269149,0.0274785562915254,-0.1066414022907948,-0.3039999999999999,-0.5101984787521884,-0.7040559034615816,-0.8678645043434257,-0.9486871477054816,-0.9635700712246408,-0.973,-0.9630933407589468,-0.9372838245617428,-0.9243303845144346,-0.9326831603158288,-0.9686235379021628,-1.007,-1.0227036537754646,-1.0164606102252671,-0.992270905173396,-0.9482833261269872,-0.9009885129390864,-0.877,-0.8657751906885086,-0.8616191219997443,-0.8704358301710295,-0.8835763354634342,-0.90240293816576,-0.927,-0.951961992506834,-0.979795333465628,-1.018294378340484,-1.0518265838597916,-1.0616071846631874,-1.0639999999999998,-1.0667549552402795,-1.0681049359143149,-1.0700187761344988,-1.069610665221169,-1.0671905268269892,-1.06,-1.0494567218393356,-1.0211115330358385,-0.9711912576764964,-0.9370739581961584,-0.9267350988381065,-0.921,-0.9167682428469496,-0.9118035896423016,-0.9046762196608444,-0.8949810699829015,-0.8625511888136509,-0.797,-0.7208644192000652,-0.6344189688560121,-0.5288680657540543,-0.4147139594462007,-0.2980724780339652,-0.194,-0.110252405122182,-0.0491677756407174,-0.0051364922527963,0.0444717658083924,0.0820632995890745,0.0939999999999998,0.1030538795701554,0.1108767382330743,0.116817377644421,0.1258300770637986,0.1364411740304395,0.1569999999999998,0.2046384690870929,0.2768447728981305,0.3350364009194448,0.3621931026462696,0.3745389451566492,0.3719999999999998,0.3577644905370226,0.3467002112180032,0.3408579350742326,0.3360085808104289,0.3311195317142432,0.3279999999999998,0.3248470077912143,0.3205334887336827,0.316706486089179,0.3121046090147412,0.3083486171237328,0.3039999999999997,0.2973933544805395,0.289094916144624,0.2744093565907212,0.260292788164612,0.2541406247397869,0.2499999999999999,0.2472847768191871,0.2458039491391953,0.2438372898233655,0.242489425576889,0.2405200831069019,0.238,0.2355350766258632,0.2325123750729539,0.2284758405154369,0.2245503882289404,0.2213581298159616,0.218,0.2153897541846321,0.2136342765896666,0.2120468332493717,0.2102546067537881,0.208786010353893,0.2079999999999998,0.2071013072157476,0.2070003260302136,0.2066345252245438,0.2056432630856038,0.2047539479026938,0.2029999999999999,0.2021009512054228,0.2009449754537239,0.1986727759267702,0.197795851091125,0.1966607686687508,0.1949999999999998,0.1942016779433495,0.1927201664252392,0.1912730156675788,0.1908301138010003,0.189730548837903,0.189,0.1890765926139083,0.1883458109671356,0.1875647081867314,0.1864540729489607,0.1845416996574708,0.181,0.1759068930022224,0.172158770800225,0.1693355207586384,0.1674592843247855,0.1669370059726368,0.1669999999999998,0.1678891959742504,0.1679679833567414,0.1686866605140953,0.1708534866076213,0.1722416130175051,0.1739999999999999,0.1751970187439364,0.1722452077228645,0.166566156679208,0.1628587980201641,0.1604901559663493,0.158,0.1563697676206437,0.1540372223458037,0.1518005608286813,0.1505546031623558,0.1500090206013439,0.151,0.1526115499176567,0.1549250137409831,0.1575302638421471,0.1600257709485496,0.1624070048946076,0.1640000000000001,0.1663627234396001,0.1697114701584934,0.1726880241525137,0.1746931493662384,0.176358515000274,0.1780000000000001,0.1781530531268352,0.1772787155404626,0.17663884627582,0.1752328310261754,0.1724141500665643,0.1700000000000001,0.1668583728808594,0.1625883336205594,0.1577280127848107,0.1470849260328859,0.1379960497210887,0.1380000000000001,0.1374587469933055,0.1355198822968838,0.1339137404812749,0.1334373280796555,0.1396197548668397,0.1469999999999998,0.1548801744825063,0.1657681921162959,0.171431279086298,0.1721970484106385,0.173221411319784,0.174,0.1748162377244561,0.1756747546512327,0.1763670004595612,0.1749675842342935,0.1697857667267075,0.164,0.1589717625990182,0.1544706365870204,0.1510053121693843,0.1476346627782648,0.1443576626387025,0.1410000000000001,0.137648643041557,0.1340091366911707,0.1280667525107208,0.1191048922386959,0.1091286760885648,0.1019999999999999,0.097707512250818,0.0947369231472343,0.0931152189639155,0.0910305777928998,0.0885655374297119,0.087,0.0854407381663747,0.0829442462549717,0.0809416166865823,0.0791605718041682,0.0764678795160593,0.074,0.0700353317207913,0.0641565904524097,0.0550577221604931,0.046138697528592,0.0437157603148453,0.0390000000000001,0.0338142500059231,0.0394286836776707,0.0519436300425233,0.0676899694778059,0.0855753537743381,0.102,0.1186456592288417,0.146324213563693,0.184764949019253,0.2284329426931353,0.2827025159042119,0.3459999999999998,0.4212563627424053,0.5084922180040314,0.5994780871762678,0.6726466316608536,0.7000796594318511,0.6919999999999997,0.6325325649856984,0.5106579834983891,0.3700754233419337,0.2291821821954081,0.1297086732881492,0.089,0.0707270222776268,0.0792655747880165,0.1005770102477755,0.1196498961933369,0.1301909641778185,0.117,0.0988849545512056,0.0750336264680051,0.0513690120868391,0.0423159188568385,0.0343608618135646,0.029,0.024146791056367,0.020242701310359,0.0192394939116921,0.0154090150763635,0.0138698195756839,0.012,0.0101626357123123,0.008506917061106,0.0044805170666387,-8.961211398021381e-05,-0.0075760873379348,-0.013,-0.015509536213794,-0.0175560065179592,-0.0187499805408847,-0.0208992146471737,-0.0221150543866047,-0.0219999999999999,-0.0203698294311442,-0.0191862423989149,-0.0182721542886523,-0.0163201593527897,-0.0159897568268597,-0.015,-0.014044344070388,-0.0135299209654797,-0.0122841346599537,-0.0118510054383704,-0.0107198073525313,-0.01,-0.0100392234378146,-0.0098837269292605,-0.0104211962557627,-0.0113926268213648,-0.0121127633258313,-0.013,-0.0147218502494735,-0.0156618031126977,-0.0168904866026643,-0.0186494438568383,-0.0204501415807685,-0.023,-0.0246547618429485,-0.0266051682644515,-0.0262147594974658,-0.0221832254264452,-0.0167506800374428
-0.01,-0.0056660875262628,-0.0017598546667843,0.0019095199497272,0.0039035680145875,0.0078650208347289,0.0109999999999999,0.0141562048576562,0.0180169490594748,0.0202560316875029,0.0234290428375123,0.0265110459387878,0.0289999999999998,0.0322978693917843,0.035711591408194,0.0389250749767339,0.0425399722081085,0.0469331661904271,0.0519999999999999,0.0571031477995987,0.0613015306022638,0.0656490867542645,0.0692989177509351,0.0728190388063458,0.0769999999999999,0.0795168413806956,0.0825838802097189,0.0856925632490125,0.087949895223485,0.0904248923626974,0.0919999999999999,0.0944310651338386,0.0970302009008918,0.0996062973163843,0.1015151314538365,0.1022106112714928,0.1039999999999999,0.104202287803667,0.1032821810780948,0.1022562540495452,0.1000441347117942,0.0974063076473146,0.094,0.0907471304808985,0.0861900236561097,0.0807226057291673,0.0738261740244424,0.0639860655591451,0.055,0.0466480574567862,0.0388976364518013,0.0314415263510414,0.0247196105960448,0.0231666587492483,0.0269999999999999,0.0351006205439815,0.0448310398787423,0.0556969280548442,0.0652124829866283,0.0696964867764119,0.074,0.0783119615774542,0.0817400096347713,0.0837117140629709,0.07955674598993,0.0712361335045506,0.0629999999999999,0.0576975453201,0.0544254840923313,0.0508351816850653,0.0479693405756358,0.0454963069772419,0.043,0.0405029205326628,0.0380130963348287,0.0354358670064085,0.0332278432641924,0.0316936851575134,0.0299999999999999,0.0283514184809561,0.0265600661512419,0.0254877875779595,0.0244541515138634,0.0226575217343021,0.021,0.0178484774320139,0.0131679224783368,0.0074974112906922,0.0017598643604546,-0.0043431263934783,-0.0119999999999999,-0.0229500675739723,-0.0409029080666294,-0.0608267442337553,-0.081987375720748,-0.1053898996589636,-0.1219999999999998,-0.1330859726359198,-0.1406536260857041,-0.142568115759485,-0.1410610841345372,-0.1371166432180087,-0.1329999999999999,-0.1288765840907353,-0.1246099307183704,-0.1206938752730101,-0.1186196681315336,-0.120711191311711,-0.126,-0.1347839653244125,-0.1478975211573167,-0.1676772002153013,-0.189016707626365,-0.2047740504037996,-0.216,-0.2198655538713358,-0.221021816972146,-0.2230146789439328,-0.2229521551952959,-0.2243644638299464,-0.2249999999999999,-0.225710144001537,-0.2259915726435306,-0.2232112199588825,-0.2211937409575418,-0.2169291588739297,-0.212,-0.203785662448395,-0.1878808513658305,-0.1757704131436176,-0.1701153583837778,-0.1663271611748667,-0.1629999999999997,-0.1602338773933794,-0.1599357719226661,-0.1601011774848338,-0.1623486904708619,-0.1668887912259313,-0.1709999999999998,-0.1759910098739714,-0.1804663663758013,-0.1844540839649855,-0.1885062030284278,-0.1916189580219668,-0.1949999999999999,-0.1969092887583659,-0.1970430241008154,-0.1964976333333385,-0.1934923238080206,-0.1890917110655362,-0.1839999999999999,-0.1775521412396506,-0.1677339208756316,-0.1519641783361054,-0.1361619159334189,-0.1235087778685564,-0.111,-0.1034319995817415,-0.1042552621603186,-0.1091832546121852,-0.1162827895867973,-0.1291520303854181,-0.147,-0.1624873586620342,-0.173540881516395,-0.1810996039794633,-0.1854956268029685,-0.1885552949843158,-0.1909999999999999,-0.1934727051701623,-0.1960580498513172,-0.1982126982458774,-0.199204580502451,-0.1988820542628112,-0.198,-0.1956979792850237,-0.1917174110794222,-0.1875579774465693,-0.1827241889151831,-0.1722513502773634,-0.155,-0.1365977810990082,-0.1181038171686604,-0.0968493278774683,-0.0740166376377915,-0.0561480269517102,-0.047,-0.0419193298320099,-0.0375495804161226,-0.0338780895355755,-0.0309005904955987,-0.0285731671971912,-0.0269999999999999,-0.0269145175650186,-0.0271292279237478,-0.0267966058989548,-0.0274869633278983,-0.0293869088233118,-0.031,-0.0333251816291457,-0.0371807777915248,-0.0421540558019246,-0.0490860175689972,-0.0611749248292864,-0.083,-0.1045325865226108,-0.1235808774450617,-0.1574952249294714,-0.1998599875776096,-0.2414040646546815,-0.283,-0.3233180658999605,-0.3677400429933853,-0.398016620389389,-0.4084398722298932,-0.4205927412318787,-0.427,-0.4212251082760932,-0.4042113894865469,-0.3677575284810561,-0.3188562371705285,-0.2694895677667366,-0.2279999999999999,-0.2006697515569017,-0.1873619266912418,-0.1839373683218056,-0.1893113264450878,-0.2032524238238534,-0.2209999999999999,-0.2388695872667268,-0.2520504637486033,-0.2613667561886354,-0.2650132544167249,-0.2535394256762963,-0.231,-0.1987238677514233,-0.1591448817514538,-0.1222061668226822,-0.0850643665087927,-0.0538947988731638,-0.0359999999999999,-0.0239209152084672,-0.0166386338394819,-0.0127215616679943,-0.0080000304643558,-0.0030106887297275,0.0019999999999999,0.0069908670874336,0.0123712642185594,0.0200747808330319,0.0325323736390711,0.046609293332052,0.0569999999999998,0.0646372330129624,0.0708750864873236,0.0758528790889099,0.0787219167319409,0.0774128968635429,0.073,0.0678605432648613,0.06467887149817,0.0628322406791726,0.0595546483737481,0.0564749050753367,0.0539999999999999,0.0521460458689759,0.0519616907164637,0.0519542974153598,0.0521990584182575,0.053272023415914,0.0549999999999999,0.0566971536014865,0.0586637360026953,0.062499531133096,0.0664652392251188,0.0695294266188485,0.0699999999999999,0.0646014930122791,0.0566162109101776,0.0510793257285595,0.047752009369963,0.044264640394061,0.041,0.0385396966541054,0.0354251539915728,0.0319313956793065,0.0287198422534359,0.0252936920918915,0.022,0.0194718802446128,0.0170102090726593,0.0145504402365292,0.0117619341951099,0.0083713611275037,0.006,0.0029083364732839,-0.0024324459593487,-0.0089469338182501,-0.0128161916147245,-0.0100588456068226,-0.0049999999999999,0.0006559239370964,0.0074568322725784,0.0138083084864348,0.0209685848404546,0.0285426446351426,0.036,0.0397303857833961,0.0415318545038891,0.0453757768483697,0.0478087838923428,0.0506500708783129,0.053,0.0552986638864011,0.0584277212114046,0.0596389675195218,0.0622008232519418,0.0643303922913043,0.067,0.0704525588214765,0.0734659940010917,0.0773426940571235,0.0862180917611144,0.1156977197203412,0.1619999999999999,0.2232027608643167,0.3031658958696039,0.3939323285923653,0.4992391843056308,0.5960819795359532,0.6619999999999999,0.6908246045679689,0.6744823719249666,0.6164078241963339,0.4950707455565766,0.3243431110168158,0.1469999999999999,-0.0016369625936074,-0.0773997246188712,-0.1075574288601654,-0.112364038388529,-0.0827181296347435,-0.0479999999999999,-0.0153866085577438,0.0021963187594649,0.0070764799437951,0.0168158851538784,0.0202421103814597,0.0230000000000001,0.0214658535223664,0.0136197011283468,0.006914988516963,-0.0009903276017582,-0.0059613143106603,-0.0139999999999998,-0.0220476820013235,-0.0259008872827353,-0.0271396093803586,-0.0230722255170612,-0.0193097548744687,-0.0149999999999998,-0.0129863388050457,-0.0121838151810182,-0.0094594888647891,-0.0087606667143255,-0.0064484614150787,-0.0049999999999999,-0.0027339093654882,-9.951196730711192e-05,0.0003527611809653,0.0033820287055287,0.0052123081011305,0.007,0.0080973612803822,0.007788659537012,0.0079532275720119,0.0063294383005432,0.005956547226528,0.004,0.0027833908989857,0.0035278878114777,0.0019794165033559,0.0025110531536609,0.0029336984842512,0.0029999999999999,0.0038665329583627,0.005046940903905,0.0073359799985775,0.0083551316463511,0.0105376466296015,0.0119999999999999,0.0126083471589569,0.0150545690776324,0.0173574298139174,0.0201582122543115,0.0223903340875159,0.0250000000000001,0.0283656394129148,0.0316181227065969,0.0349753287193158,0.0387011872845135,0.044058458182282,0.048,0.052042104987523,0.0560879781018868,0.0582596077018214,0.061217148611706,0.0633842210326882,0.0659999999999999,0.0678578209663421,0.0690166718241168,0.0713713843904931,0.0723174314875973,0.0746004685116533,0.0769999999999999,0.0793332699761603,0.0823753756833792,0.0834905155090814,0.0842688229911809,0.0838069508395,0.0830000000000001,0.0814295200937298,0.0800245504473449,0.0795568655572544,0.0767672222111976,0.0745310725641891,0.0699999999999999,0.0694201201270855,0.0814214374172348,0.0937351444572215,0.1023456409663963,0.1105811699935947,0.118,0.1247824288108833,0.1306593124079746,0.1363101793522272,0.1405507849797813,0.1449902850482711,0.15,0.1549868888231886,0.1591902250592914,0.1607618323212813,0.1631631602275464,0.1652235425498262,0.166,0.1676701978349108,0.1692505578345468,0.1711862888134928,0.1723019009509923,0.173242581622852,0.174,0.1739005386503854,0.1747536633068895,0.175011140016698,0.1751117393119994,0.1747874238619373,0.173,0.171362582235599,0.1691048611224474,0.166422797440022,0.1640639721589419,0.1614176149690035,0.158,0.1539153142935847,0.1486395217383816,0.1418265543251902,0.1358017299495885,0.1311183635614447,0.127,0.1228898062219947,0.1185038105051124,0.1150554071749965,0.1112915191402166,0.105824199780117,0.1,0.0942172850717065,0.0878345582318223,0.0800940313778192,0.0693351314025163,0.0579457296507689,0.0499999999999999,0.0440224806760936,0.0399796904815091,0.0375934816388074,0.0350589369114779,0.0338234617270154,0.0319999999999999,0.028667156721174,0.0253718685827339,0.0219361991050125,0.0187318313211692,0.0152904200498497,0.012,0.0087449519876218,0.0047470323420656,0.0001592333120644,-0.0051701423071511,-0.0097514272673918,-0.012,-0.0128188325297305,-0.0137925843958382,-0.0139473218328849,-0.0144392852172699,-0.0163379344375398,-0.0169999999999999,-0.0177611113668159,-0.0187129141754708,-0.0198051781752601,-0.0216204475974388,-0.0220791739945796,-0.0239999999999999,-0.0266773584833657,-0.0281470087866856,-0.0305828643316368,-0.0327284519076473,-0.0343280455470235,-0.0359999999999999,-0.03767477145195,-0.0392620033648434,-0.0414319500367766,-0.0438447180038831,-0.0452897962375124,-0.0469999999999999,-0.0471583944311157,-0.046806161199136,-0.0469373824403648,-0.0451712587267325,-0.0437751345439365,-0.0419999999999999,-0.0402322198706871,-0.0384554786454744,-0.0343700634990059,-0.0306405007663678,-0.0273954395610231,-0.0259999999999999,-0.027450154681948,-0.0315066904594858,-0.037665872976598,-0.0407629593902454,-0.0424503396027723,-0.045,-0.0466890467892445,-0.0483450118373918,-0.0499544581841467,-0.0517236299482422,-0.0532939312869384,-0.055,-0.0567070895596587,-0.0582958814127688,-0.0597534812132452,-0.0601454286245985,-0.0612348663812243,-0.061,-0.0599604351162878,-0.0603077074744883,-0.058935167997518,-0.0576817604599191,-0.0566957879380377,-0.055,-0.0541894156884718,-0.052767144280098,-0.0509199606918682,-0.0495086952475935,-0.0489698712814871,-0.0489999999999999,-0.0490241003495473,-0.0484902695761683,-0.0473399406479771,-0.04672055224998,-0.0442861105908074,-0.0399999999999998,-0.0357192872056224,-0.0339215134101652,-0.038675078958725,-0.0479993796039169,-0.0577841822759146,-0.064,-0.0680179790340448,-0.0731956364561104,-0.0773421910570214,-0.0820894826232369,-0.0867720384605451,-0.0900000000000001,-0.0934008418060516,-0.0960221118078244,-0.0985414847902758,-0.1009237288603652,-0.1036149150896201,-0.1089999999999999,-0.1271765545763981,-0.1588772819390605,-0.1813570240227649,-0.1917553806155473,-0.2020175819422021,-0.2089999999999999,-0.20895905644697,-0.2013813585352315,-0.1897178701116649,-0.1738929156726291,-0.1525158681271427,-0.13,-0.1072738325156431,-0.0881858597648089,-0.0736051788013424,-0.0648117268584002,-0.0701579439524462,-0.083,-0.0924329780478478,-0.1005431711945465,-0.1087116895210046,-0.113312532141551,-0.1154503672427881,-0.118,-0.1189752463122964,-0.1194759518317287,-0.1206988700976612,-0.1211513746209871,-0.1223267046484552,-0.1239999999999999,-0.125661718649735,-0.1269144242031949,-0.1269200387728242,-0.1271356434591202,-0.1268357776136034,-0.126,-0.1260249122198715,-0.1254177689202763,-0.1245231776318588,-0.123311286416543,-0.1203767077081827,-0.118,-0.114870769730915,-0.1109849166243451,-0.1077523944852845,-0.0958194529965876,-0.0791593177722377,-0.071,-0.0661122289028462,-0.0608483990416237,-0.0558831855486264,-0.0492360523106589,-0.0427193625192357,-0.0360000000000002,-0.0300459936652571,-0.0245188451091314,-0.0182938504215602,-0.0128499285694248,-0.0067140521321489,-0.0009999999999999,0.0039308109474522,0.0092244666874184,0.0131341164400312,0.0162831594781605,0.0196851897385704,0.023,0.0262969959695661,0.0298177645003685,0.0322174642132318,0.0335572098204848,0.0353700258516003,0.037,0.0387359262444497,0.0392220777218142,0.0388517617163978,0.038939765768774,0.0377138195497527,0.037,0.0355615506434908,0.032767533154998,0.0310915841411274,0.0292061627625759,0.02776116692371,0.0260000000000001,0.0234732792837659,0.0210568918971994,0.0184766786215558,0.0157472273189843,0.0108940289733862,0.006,0.0025588566594432,0.0008151363941936,0.0018701330959334,0.0039970560092026,0.0078500690945572,0.011,0.0139958698818324,0.0198269572449364,0.0242188902228997,0.0245624696696666,0.019647870449349,0.012,0.0018360484695408,-0.0150830869181185,-0.0346306729211869,-0.050796716729092,-0.0603780549057106,-0.0649999999999999,-0.0683679212455931,-0.0716206354120507,-0.0748467200229311,-0.0762582114659562,-0.0741380753053126,-0.066,-0.0564475884571746,-0.0502886227681695,-0.0443980477218406,-0.0389330048325809,-0.0340660757846077,-0.03,-0.0258450810318468,-0.0226005971399012,-0.0209203019040332,-0.0176441182039884,-0.0156759478880995,-0.012,-0.0062764542356721,0.0038731476520062,0.0288853303200254,0.0663278667089361,0.1174313904340291,0.1819999999999999,0.2618417440960486,0.3566559493141298,0.4565717315602994,0.5586922152490864,0.628675493803421,0.652,0.6472234637401743,0.589425671550694,0.4711801852570328,0.3179583254312321,0.1554353204160933,0.0199999999999999,-0.0588336578046914,-0.0799298342365343,-0.0671624937090602,-0.0270939175028577,0.0169165575001383,0.035,0.0433955899664209,0.0368674440211529,0.0129704941704827,-0.0073467220308318,-0.0224849402334907,-0.0289999999999999,-0.0329078834601064,-0.0370932712214228,-0.0348916276075773,-0.0275265351240174,-0.0184946153569306,-0.015,-0.0119736782854625,-0.0078066596057077,-0.005874362045793,-0.002649104756268,-0.0007532224518401,0.0009999999999999,0.0027492906238447,0.0042931144735394,0.0054100033100147,0.0047760815346671,0.0049851934788502,0.0029999999999999,0.0011149062014727,4.919577391566085e-05,-0.0026871233452032,-0.0049684377684221,-0.0088673330982013,-0.0119999999999999,-0.0143780625762151,-0.0172608237054646,-0.0189114657404258,-0.020743542882473,-0.0223512474913895,-0.0249999999999998,-0.027555398141383,-0.0304342627346314,-0.0339481653683977,-0.0356233334013351,-0.0387814398818465,-0.0419999999999999,-0.0444141234217803,-0.0472107185044042,-0.0489600732752392,-0.0507057929321524,-0.0523757368188006,-0.0549999999999998,-0.0567995057767685,-0.0589045302901646,-0.0650964733653426,-0.0709915265548505,-0.0729887829165038,-0.0689999999999999,-0.0600918447090539,-0.0481540483673978,-0.0315058150957693,-0.0149275385929693,-0.0042699393540857,0.0049999999999999,0.0189372412271392,0.0335579432428504,0.0474345390652342,0.0610415424210944,0.0691762516518878,0.0739999999999999,0.077570220321894,0.0793029866106398,0.0810901548167692,0.0825693750778167,0.084395404006811,0.086,0.0875970452647863,0.0894609476086648,0.0908411791555505,0.0928209115694328,0.0942244807285036,0.096,0.0985925910361367,0.1002952417651485,0.1023606303137406,0.1052044483442132,0.1087911115160919,0.113,0.1171458042543115,0.1218078788967662,0.1275089860179943,0.1332699793234972,0.139250158759384,0.1450000000000001,0.1484403953782602,0.1515969275720096,0.1547418418733274,0.1568400085775965,0.1595859705695832,0.162,0.1636819310582746,0.1652935689080393,0.1671089892538862,0.1683643111846141,0.1692577095330813,0.1709999999999999,0.1718908471749601,0.1726734740707797,0.1731082871149471,0.1731482924922421,0.1741688984412506,0.1739999999999999,0.1739109340129294,0.1741235885308172,0.1738888751249906,0.174065430464425,0.1739888124039241,0.174,0.1731872562285294,0.1728263292177758,0.1729936243186041,0.1704332158250731,0.1616183381010659,0.1469999999999998,0.1314497706508371,0.1125330219231133,0.0962661130000867,0.0851945216382798,0.0653137975740228,0.045,0.0359874917253729,0.0320018351686149,0.0299673574358208,0.0282645880433589,0.0267851563419468,0.026,0.0251657102237471,0.024324997784065,0.0235762006386499,0.0222878229151133,0.0193775608883892,0.0169999999999999,0.0146451162852566,0.0112451210227972,0.0083791937713277,0.0062395781594511,0.0046855717557654,0.0029999999999999,0.0021373490948296,0.0008369466754934,-0.0008671186861911,-0.0010344692542811,-0.0023942867717223,-0.004,-0.0055250579490166,-0.0080801921005659,-0.0103370554928901,-0.0133105905908764,-0.0166543671361281,-0.0199999999999999,-0.0233454110806899,-0.0266898881048155,-0.0296631250534886,-0.0319173996033638,-0.0344798313619513,-0.0359999999999999,-0.0375575991439551,-0.0395535155941902,-0.0404542369319948,-0.0414003226045653,-0.0421244721446634,-0.0429999999999999,-0.043868944119892,-0.0446251577421103,-0.0454913927771243,-0.0465368317576244,-0.0483097380096871,-0.049,-0.0505002894932923,-0.0526079405395415,-0.0536443419167367,-0.0561627672925921,-0.0583097902853864,-0.0599999999999999,-0.0624969298363911,-0.0650113433668794,-0.0672105048828274,-0.0685016881245983,-0.070431632002444,-0.072,-0.0735189361692996,-0.0760863182020577,-0.078349694048951,-0.0811650869455779,-0.083397056450779,-0.087,-0.094408626499609,-0.1013065216654149,-0.1040152761872066,-0.1012519966990029,-0.0944930975934231,-0.087,-0.0803276096839824,-0.0731723775607454,-0.0655001207188798,-0.0603290395697114,-0.0575079411078925,-0.0550000000000001,-0.0524378142799983,-0.0506282799478354,-0.048727155585644,-0.0458195161009836,-0.0436573435855579,-0.042,-0.0402826386459693,-0.0391925260939089,-0.0389490074345154,-0.0389856365036944,-0.0390840599851137,-0.0400000000000001,-0.0407888804768551,-0.0426951070402513,-0.0460448931689035,-0.0494453281578348,-0.053937361854599,-0.0579999999999999,-0.0620749854789159,-0.0664539096227739,-0.0709719976334814,-0.0806356061800619,-0.0933785157822837,-0.1019999999999999,-0.1069882836989988,-0.1129884989433307,-0.1205505401391623,-0.124946358396664,-0.1201965410110128,-0.107,-0.0920059199482328,-0.0768134740638984,-0.0635710610290574,-0.0550203028920836,-0.0489418187103916,-0.0450000000000001,-0.0416813895454383,-0.0387850156012582,-0.0367284711572088,-0.0337870183649354,-0.0316819991609587,-0.0300000000000001,-0.0282742916119101,-0.026786655631355,-0.0248212235838997,-0.0236471705299571,-0.0228222716200773,-0.022,-0.021173599047774,-0.0203709922405025,-0.0191265005919036,-0.0173984654259178,-0.0170072902046871,-0.0170000000000001,-0.0177067893029358,-0.0192761089548551,-0.0216239042670677,-0.0256379954446766,-0.0284287683204099,-0.0309999999999999,-0.0336882341492965,-0.0350704400305038,-0.0380040696162633,-0.0410426497077593,-0.0436049502997087,-0.047,-0.0488306400593538,-0.0496641377436337,-0.0502077056652184,-0.0498543346461222,-0.0500497017156037,-0.049,-0.0464176076216326,-0.0443395441672717,-0.0401142484718582,-0.0352298276207298,-0.0310796289044688,-0.0260000000000002,-0.0225510553580694,-0.0194082380735375,-0.0162757237569731,-0.0141113421486071,-0.0114801792233187,-0.009,-0.0056354108212023,-0.0034186999579388,-0.0021391788111189,-0.0004479793647599,0.0001505120493183,0.002,0.0037089085081968,0.0058505018805973,0.0080322657512566,0.0079458151128116,0.0093879321909708,0.01,0.0098107281043302,0.0108753416335243,0.0109118396677048,0.0111460967106395,0.010846633215927,0.01,0.0091669388515631,0.0087814533800092,0.009479256032395,0.0105085064401791,0.0123490848408694,0.013,0.0130260054726812,0.0116536512376081,0.0068805196804528,0.0024377222385882,-0.0004656063433995,-0.0019999999999998,-0.0043249212282789,-0.0073406882750155,-0.0087619129406482,-0.0110957948422846,-0.0133454965868052,-0.0149999999999998,-0.0167617214783042,-0.0176626669632704,-0.0185681850459374,-0.0191308341107118,-0.0188854938494217,-0.0179999999999999,-0.0171927921886244,-0.0157800857836951,-0.0139551498873454,-0.0121710698144501,-0.0094929665058073,-0.008,-0.0064450828662966,-0.0044905145705574,-0.003184306914049,-0.0012074868781893,0.0003551567101675
0.0039999999999999,0.0085375625700987,0.0085890273243923,0.0028701360632984,-0.0073170925953871,-0.0165313337601082,-0.022,-0.0260765091079454,-0.0310945431493126,-0.0351894252918547,-0.0384676502094984,-0.0427765067733909,-0.0449999999999999,-0.0473702693908083,-0.0497559227923431,-0.0502556201462435,-0.0515746495704905,-0.0519770927673549,-0.0519999999999999,-0.0513253744149786,-0.0496408582967167,-0.0477357359839432,-0.0448516075744162,-0.0425217702542453,-0.0389999999999999,-0.034786718791588,-0.0307743678739783,-0.0256127544899401,-0.0145419610625947,0.000716423605169,0.0099999999999999,0.0223947184335954,0.0419032358237993,0.0623991715850112,0.0832417194576917,0.1081606325569468,0.152,0.2058624612834247,0.2673527642641169,0.3445906316182829,0.4263502948104516,0.5178658509959597,0.6030000000000001,0.6629671079452578,0.6941385880870432,0.6848369548749013,0.6430177461632934,0.5505104162301973,0.4109999999999998,0.2645695320756955,0.1341782242590583,0.0678027319353875,0.0549743348048897,0.0450020813799434,0.04,0.0346596829480043,0.0275932946969904,0.0235133413478015,0.0176293046015594,0.0131541247350528,0.008,0.0044166996655384,0.002068772204937,8.172455648463659e-05,-0.0001319872498108,-0.0010923526721282,0.0009999999999999,0.0044898769942284,0.0068901682127819,0.0099183554874653,0.0133671423644671,0.0168479025527559,0.027,0.0493885325942798,0.0674069864821113,0.0748834738681965,0.0817933325700529,0.0867489334654181,0.0899999999999999,0.0925732591025013,0.094941998484465,0.0972312518814991,0.0985515492118712,0.1003077098346503,0.1010000000000001,0.1025515104410917,0.1040198333803362,0.1041181995156994,0.1057031785097013,0.1058232375900782,0.105,0.1050442064498937,0.1044371890339658,0.1033337566869544,0.103146068926219,0.1041609449570456,0.104,0.1046108352822921,0.1065460195061733,0.1074390276900365,0.1084270736179904,0.1090990440331151,0.11,0.1109570803623976,0.1109469530690016,0.1111448337382664,0.1106759933414331,0.1099181525185523,0.11,0.1100086234571162,0.1103916246676093,0.1123901185818533,0.1150263947448625,0.1175139435420057,0.12,0.1216702275323755,0.123839686929198,0.1266398147045691,0.1288942701389391,0.1315616017919086,0.1339999999999999,0.1357304246225038,0.136747160547395,0.1374502416395334,0.13832411274443,0.1392850986344743,0.142,0.1453982781204751,0.1485117580128321,0.1524664928132478,0.1566917766806317,0.1607580742600628,0.164,0.1679896521614557,0.1731144815810409,0.1778152202416445,0.1832325739771598,0.1877267209158093,0.191,0.1944629413010546,0.1964098264096967,0.1982825619407893,0.2011359821227543,0.2034226785290104,0.2059999999999999,0.2093619022793669,0.2121262816304136,0.214369095510802,0.2171426587702166,0.219340590313626,0.2209999999999998,0.2235081135803161,0.2254654562284553,0.2269157716073971,0.2285954699065787,0.2289758515299323,0.2289999999999999,0.2291048455495337,0.2283078257613295,0.2276171270715695,0.226370827143998,0.2246973915618834,0.223,0.2204556913979913,0.2186492122223745,0.2166450989577112,0.2139733193933071,0.21141910074645,0.2079999999999999,0.2054477876433854,0.2025646041191275,0.1987884036686339,0.1958305429806588,0.1922171646048679,0.188,0.1815767105654128,0.1738048737149504,0.1669301789906151,0.1608144207097144,0.1574311293396666,0.153,0.1471127015979367,0.1396462378873137,0.1218468097626133,0.0968082374464838,0.0720768729087752,0.0459999999999999,0.016849032641904,-0.0102475390427706,-0.0299318323819229,-0.044169539683838,-0.0534049961471978,-0.057,-0.0521177018355702,-0.0400624861716535,-0.0261783736032244,-0.0013929430643143,0.0281072933359424,0.0439999999999999,0.0523524816680157,0.0602937659395017,0.0664159300080914,0.0702373792007668,0.0723698298878539,0.0729999999999998,0.0698709967755991,0.065706128493688,0.0607897379538542,0.0546434015316205,0.0502159094431198,0.046,0.041785112837131,0.0377345995858426,0.0334405277689859,0.0293671342323514,0.0251591976848263,0.0209999999999999,0.0167873876864939,0.0132162129693788,0.0103597423146932,0.0081647693148473,0.0053096566461482,0.0019999999999999,-0.0003631435015016,-0.0046585828295569,-0.011373499839188,-0.0240635108684942,-0.0412962092444604,-0.056,-0.0752733292481873,-0.099126236234843,-0.1207536596771648,-0.1433877026393881,-0.1679334951080064,-0.1909999999999999,-0.2082441270277078,-0.2208000991710878,-0.2298863993383846,-0.2345816387409574,-0.2389357209138619,-0.243,-0.2456043087199694,-0.2469659135928291,-0.2464546615867183,-0.2433898089196101,-0.2378184167897729,-0.2319999999999999,-0.2253512057575799,-0.2192328444217358,-0.2129777171748344,-0.2046433923492991,-0.1977749233272357,-0.192,-0.1890263762681075,-0.1900510695139069,-0.1930730216049358,-0.1981366188243542,-0.2028762203484878,-0.207,-0.2096034719174705,-0.2123433339864412,-0.2163106473612397,-0.2191974729588563,-0.2241599605294149,-0.2289999999999998,-0.2323102619035359,-0.2356656027794896,-0.2395882538752045,-0.2454144576622924,-0.2549320018742858,-0.287,-0.3479468472384681,-0.4203412708906463,-0.4936422876827173,-0.5617067501604031,-0.6316214940922839,-0.707,-0.7817439856309016,-0.8603463324614963,-0.9419960072386594,-1.017184606132395,-1.0658602376858537,-1.0849999999999995,-1.0961421953941397,-1.1031549403490255,-1.1082999956052626,-1.11393630236391,-1.1162923499181183,-1.116,-1.1104247748190617,-1.1024796018687784,-1.0827871428076323,-1.043248542928072,-0.9869727729586364,-0.9069999999999998,-0.8163828049020908,-0.7191766832728543,-0.6036532421899525,-0.4783648566198361,-0.3560060954088695,-0.2660000000000002,-0.2160414268215451,-0.1909730947666267,-0.1991808083786095,-0.2385829657382041,-0.3240679293334529,-0.4630000000000001,-0.6133607436650085,-0.7466038019579094,-0.8341996649242609,-0.862191276974121,-0.8442908099011305,-0.761,-0.6031319310815856,-0.4136603476960138,-0.2300244970072697,-0.053557630193823,0.0939765733440319,0.1789999999999999,0.2132442388750943,0.2018749143138607,0.1415357402561446,0.0408049153291134,-0.0997234539767691,-0.265,-0.4459336708034631,-0.6245888773064,-0.7724921540959745,-0.8824705693760232,-0.9356744642014978,-0.939,-0.9107869109612226,-0.8381043716115281,-0.7364659065084105,-0.6347556603744015,-0.5594184218902365,-0.526,-0.5131024317890676,-0.5158730858472959,-0.537890756438863,-0.5704161127446725,-0.6174313266743627,-0.6699999999999998,-0.7212647376441341,-0.7737684567556758,-0.8097459976189798,-0.8317773072781703,-0.8587408493252043,-0.8849999999999999,-0.9069246828375505,-0.9246686337385536,-0.9315450293250253,-0.924365658580142,-0.9042664579190576,-0.8779999999999999,-0.8487066630396402,-0.8237492929412585,-0.8026040072428946,-0.7601313275292951,-0.6874257959830767,-0.59,-0.4683851926075999,-0.3346400940614888,-0.2073526665391152,-0.0993311360286699,-0.0071125452677711,0.0819999999999999,0.1610484841440397,0.2007972277548283,0.1964755797037227,0.1699195746291055,0.1104864995879934,0.0159999999999999,-0.0675966796044838,-0.1166305496517231,-0.1415547856382664,-0.143792973626084,-0.1241427491232739,-0.1010000000000002,-0.0731908126572273,-0.0220861951283581,0.0481915912991296,0.1413382082517757,0.2405648915390179,0.295,0.3108050431419401,0.3225478715244131,0.3321975115149834,0.338176902237696,0.3428220855728412,0.3459999999999998,0.347746833960512,0.3488568908033402,0.3484275455638926,0.3459191475647189,0.3434976511736457,0.3399999999999999,0.3358383866066903,0.3308038781896987,0.3233598150363257,0.316359413113747,0.3095530250784022,0.3019999999999999,0.2945189637062793,0.2869308982860685,0.2796587342662231,0.2715523999166263,0.2620683704740909,0.2529999999999999,0.2454226753062894,0.2381106829712967,0.2303538801250606,0.22325979564034,0.2167660642008054,0.212,0.2101196544223424,0.2102909061124817,0.2127609612552973,0.2165750827122163,0.2209588900642128,0.2260000000000001,0.2301917375535415,0.2348113774343966,0.2401367893609025,0.2451370833075754,0.2527431747138656,0.2609999999999999,0.2676412548758614,0.2744706783262068,0.2810357474726119,0.2927227766857999,0.3124924303103804,0.341,0.3846584642902972,0.4396235513699645,0.5041337721226785,0.5777429480050335,0.645265751873233,0.693,0.7128680871483061,0.7147457747694962,0.709317656512,0.6815844478850243,0.6354159080786543,0.588,0.5348178301550464,0.4726917066944012,0.4040058545854004,0.3305066326935464,0.2659844295930023,0.232,0.2246659442213666,0.2196737047075446,0.2139146300067538,0.210779598423194,0.2074168519584262,0.206,0.2044611873461956,0.2024755192939038,0.2012206651166127,0.1990149209474376,0.1964904297462489,0.194,0.1922976350629785,0.1906172496087928,0.1896675638405461,0.1902315138408542,0.18982812264943,0.1889999999999999,0.1881746731354588,0.1873827460051773,0.1860866194121506,0.1844835033462596,0.183842796725331,0.182,0.1802196685722994,0.1788527123214426,0.1767837796211136,0.1755410187295709,0.1734878937893907,0.1709999999999998,0.1685416952168321,0.1659661909172339,0.1632233770212802,0.1596310728907447,0.1577481773952406,0.156,0.1542391124552352,0.1523897900329517,0.1490122945720504,0.1474297827608592,0.1426315149460038,0.137,0.1318852866895762,0.1053042666138786,0.0496833254994755,-0.0237288560125805,-0.1008368899973332,-0.1649999999999999,-0.2089022545045219,-0.2305471816173863,-0.2360956926897696,-0.2346317880345118,-0.2238205049930111,-0.1989999999999999,-0.1592854514416015,-0.1103619838080929,-0.0537209179211838,0.013660097799362,0.0743198167427115,0.109,0.1234820149097097,0.1272164288100728,0.1219791647792028,0.1139680549839971,0.1078536838339899,0.102,0.0975470978034989,0.0958794443905489,0.0973064509472625,0.1022875791594692,0.1081323883844084,0.114,0.1207089601181619,0.1257178076657697,0.1235782640047396,0.1133748057513832,0.1034012202361915,0.0979999999999999,0.0938571992757874,0.0896024500644549,0.0858268948789541,0.0829425788036829,0.0805469634400571,0.0789999999999999,0.0796000422731108,0.08239356473156,0.0868083258979461,0.0922969478107263,0.0981175306600215,0.103,0.1078854504352241,0.1136556824577714,0.1197408443918685,0.1269484615104787,0.1330213123581212,0.138,0.1439354375442565,0.1484395616151325,0.1525635373301025,0.1562196443581697,0.1585036441915697,0.162,0.1653698965024049,0.1691096016742194,0.173718086296072,0.1774841175517564,0.1819505107112808,0.186,0.1892402570705205,0.1933724954150295,0.1971209487680778,0.2002660451559404,0.2037080452978208,0.2069999999999999,0.2095301558100268,0.2119987203365061,0.2142264841934526,0.2153616876521339,0.2161206539559126,0.216,0.2151326971977063,0.214482437991216,0.2127560987429869,0.2096961424062717,0.2062933749555865,0.2019999999999999,0.1949160831053557,0.1835795641871791,0.1690666852410451,0.1540148934430853,0.1389560631987107,0.124,0.1105797563275454,0.0974231777511056,0.0839744536429822,0.0703999548292814,0.054742064193273,0.039,0.024044833236344,0.0092187657977346,-0.0028347710013326,-0.0129958866294089,-0.0231091147505324,-0.0359999999999999,-0.0514130171998886,-0.0609950348915396,-0.0657451542310982,-0.0712389747924814,-0.0758085677088065,-0.0799999999999999,-0.0842515115733609,-0.0877375377219004,-0.0906713234471664,-0.0927461486821132,-0.0942411318058808,-0.0950000000000001,-0.0958328522356716,-0.096182658030407,-0.0958087478142546,-0.0961832372317092,-0.0958331741856847,-0.0949999999999999,-0.094214692523816,-0.0932318157956726,-0.0926425318576172,-0.0915046830911344,-0.0909968744443355,-0.0909999999999999,-0.0909358152994253,-0.0911586009452863,-0.0907214903977775,-0.0914996328822636,-0.0918475421576583,-0.09,-0.0883508708905887,-0.0861117356309507,-0.0834316653015895,-0.0810289974610006,-0.0784958206852125,-0.076,-0.0734828877068077,-0.071052330559917,-0.068393186484459,-0.0662485583753712,-0.064731488923585,-0.0639999999999998,-0.0640307907833265,-0.0638486214797963,-0.064749059709114,-0.0669785770632082,-0.069485880107134,-0.0719999999999999,-0.0760298448901084,-0.0804897421792192,-0.0848526843739601,-0.0920036956646422,-0.0982936653119109,-0.1119999999999999,-0.140684332421524,-0.1711823473285122,-0.2006703076279453,-0.2234067436690371,-0.2335583743054503,-0.2419999999999999,-0.2489726820516024,-0.2540566588122365,-0.2578382491192912,-0.2576353413041888,-0.2568296572173629,-0.2549999999999999,-0.2524911686200892,-0.2499075150917801,-0.2482784446323665,-0.2475762066895782,-0.2456574323834778,-0.245,-0.2427697462270784,-0.2391583565501622,-0.2358919322133587,-0.2310402366335859,-0.2273180826699644,-0.223,-0.2194011650987179,-0.2172887895958315,-0.2138773025458349,-0.2106654505210964,-0.2059748853691402,-0.2020000000000001,-0.1987876862741473,-0.1951196987076635,-0.192002709533182,-0.186811864599205,-0.1818500212460715,-0.1689999999999999,-0.1436291281825453,-0.1146467289115158,-0.0825672537018653,-0.0582345770625382,-0.0488202421663785,-0.044,-0.0398694458816048,-0.0349851199524038,-0.0307056725237129,-0.0277708941664802,-0.0244178336903867,-0.023,-0.0221897570625184,-0.0217760373354268,-0.0222560793495403,-0.0216279246058839,-0.0209115314631504,-0.021,-0.0225596877416761,-0.0244949113561006,-0.0258018965510696,-0.0278905942802486,-0.029075858406458,-0.0290000000000001,-0.0290570088026568,-0.0283908891362557,-0.0274931947489085,-0.0266201289323805,-0.0259397650722615,-0.026,-0.025253043475704,-0.0242080359712758,-0.0236458054816892,-0.0225113123982912,-0.021995928632937,-0.022,-0.0211991555105825,-0.0203078948123396,-0.0195123744626433,-0.0186642611746214,-0.0178322760153614,-0.017,-0.0161491628831811,-0.0157872954670622,-0.0165633288261771,-0.0170824039996461,-0.0169960317242476,-0.0170000000000001,-0.0162230968887003,-0.0152639851655918,-0.0145648108350233,-0.0136174202273599,-0.0128598966254673,-0.0119999999999998,-0.0111384038221161,-0.0103923352440685,-0.0093966169127987,-0.00891168938814,-0.0090316582865219,-0.009,-0.0089296974243836,-0.0096398095745644,-0.0102150794820961,-0.0098370261607432,-0.0101071734556125,-0.0099999999999999,-0.0090692732784167,-0.0090728225163623,-0.0085184816370816,-0.0078909183271855,-0.0079621753289858,-0.0070000000000001,-0.0061041699078795,-0.0054318253096541,-0.0043700202005693,-0.003909748052211,-0.0040874395469143,-0.005,-0.0059237705048742,-0.0060239805019071,-0.0060246236307135,-0.0058382322193038,-0.0046976348024459,-0.0030000000000001,-0.0013378919759115,0.0003593722140309,0.0019266414294911,0.0038940766183599,0.0065342063442323,0.0089999999999998,0.0114851482427938,0.0140083366191275,0.0165345136098735,0.0187984189727794,0.0203214174653667,0.0229999999999997,0.0271154720831306,0.031855083538914,0.0371995721836795,0.0416701525051287,0.0458005240350012,0.0479999999999998,0.046453080252486,0.04421721636622,0.0403029604381697,0.0348962420023365,0.0299502589724118,0.0239999999999998,0.0189491501048053,0.0131180423498984,0.0054381545159689,0.0002868047340717,-0.0038989755318124,-0.0079999999999999,-0.0098741803983777,-0.0100701641555891,-0.0099550522808274,-0.0100174175374129,-0.0100104366796875,-0.01,-0.0091740097767521,-0.0088481088550554,-0.0090791832506103,-0.0091390006411595,-0.0101802113890117,-0.0099999999999999,-0.0105909541582537,-0.0125680147095194,-0.013456424007865,-0.014240635697677,-0.0138900473995289,-0.014,-0.0133138545008074,-0.0125657555743498,-0.0134949214416449,-0.0125346522139257,-0.0133446461546951,-0.0139999999999999,-0.0145638150600221,-0.0161987128098937,-0.0159573074879507,-0.0201894699882969,-0.0231421658166401,-0.022,-0.0095431073620057,0.0276162548788212,0.0792111058631241,0.1459404084716594,0.2285714546109671,0.3269999999999999,0.4392475924488203,0.5545792484534,0.6675097868617722,0.7258239122784859,0.7261533040963363,0.695,0.5757709537199862,0.4007379727655702,0.2277115235798941,0.0531533443291201,-0.0529071135566696,-0.078,-0.0873373911512176,-0.0929550702966877,-0.0959051783837111,-0.0989981156652012,-0.1001611397030736,-0.1009999999999999,-0.1033176927318547,-0.1062452436372687,-0.108844285217569,-0.1133801198524,-0.1046133442236858,-0.0839999999999999,-0.0731295265256656,-0.0670319245332227,-0.0598697023748018,-0.055574704223829,-0.0523980010062757,-0.0499999999999998,-0.0483014370078961,-0.0467930508115833,-0.0442706756875936,-0.0404636495651958,-0.0375127279149082,-0.035,-0.0316581574124558,-0.0288297826220278,-0.0269126119588181,-0.0255544811503383,-0.0248737473818364,-0.0239999999999999,-0.0231442133892362,-0.0223599063188349,-0.0214866972250403,-0.0206558952465654,-0.019863185108816,-0.0189999999999998,-0.0173078112447196,-0.0162752377990971,-0.015200695518811,-0.0132496806069274,-0.0116261545266681,-0.009,-0.0071888959657007,-0.0058923443776619,-0.0037219577551971,-0.002723841096882,-0.0017793614654051,-0.001,-0.0002289521947026,0.0007759705860486,0.0013735902080605,0.0024416864474691,0.0031063036470321,0.004,0.0048597061109326,0.006091232633069,0.0082797856128617,0.0093792751247693,0.0115932471743,0.014,0.014778868894893,0.0163476850642317,0.0176165219570091,0.0183003969830106,0.0191581221186713,0.0200000000000001,0.0216131443927553,0.0234108263847921,0.0248885622956584,0.0269062702816301,0.0295737526714829,0.033,0.0372096188476089,0.0407373107817205,0.0440062270062443,0.0471413534746192,0.0494579088897416,0.052,0.0544595688342596,0.0576199372311943,0.0606783187716982,0.0630493318948435,0.066803928686454,0.0699999999999999,0.0724502504824761,0.0754638637859772,0.0800716920392643,0.0867512979943026,0.0933393811986777,0.1009999999999999,0.1079813821646475,0.112382755888777,0.1162791078045296,0.1189010144962707,0.121657927451156,0.1249999999999999,0.1275204475720133,0.1300007548509526,0.1324788195609851,0.1350281100788824,0.1374805809972358,0.14,0.142520982149974,0.1449668288247614,0.1475278110355109,0.1500011242834854,0.1524387141020903,0.1539999999999999,0.1555923186747253,0.1575102858368683,0.1582871658340301,0.1574784711739107,0.1556423990610994,0.1539999999999999,0.1508266320870531,0.1470828047004527,0.1443236044006506,0.1401986259230721,0.1363417981168914,0.1329999999999999,0.1288416514271543,0.124683920037294,0.1204688620454244,0.1163489285123145,0.1122104067001103,0.1089999999999999,0.1057953216890036,0.1016440495830824,0.0973380716197031,0.0914033200723085,0.0846766658491319,0.0779999999999999,0.0712829869522032,0.0647934281349934,0.0577600295433527,0.0518788284895226,0.0470039629726165,0.0419999999999999,0.037789002442852,0.033711975908433,0.0294622201110275,0.0253691722571957,0.0211082023324377,0.016,0.0094324949906673,0.0024446382956558,-0.0031580589819597,-0.0079249855757232,-0.0130318953059597,-0.018,-0.0223135844235611,-0.0250838738724995,-0.027754826727922,-0.0314990585395111,-0.034576879658787,-0.038,-0.0414706394098226,-0.0438974193664328,-0.0469719784284708,-0.0501840352977834,-0.0523627872743016,-0.054,-0.0556944905141259,-0.0568346889835046,-0.0570484557476909,-0.0569639724409504,-0.0570364545538629,-0.0569999999999999,-0.0561521303969999,-0.0558799543703786,-0.0560591088857441,-0.0561137478379105,-0.0573077303797152,-0.059,-0.0614720170942977,-0.0635463910419838,-0.0647852125567558,-0.0668604626433763,-0.0681702245779,-0.069,-0.0691578332842159,-0.0682383853507116,-0.0676828290833745,-0.0663245195378348,-0.0647173489289324,-0.0629999999999999,-0.0604593089825607,-0.0585886472662236,-0.0570226326563699,-0.0554575225685589,-0.0549938865014089,-0.0549999999999999,-0.0549207503129894,-0.0556741262514966,-0.0561498814523461,-0.0559260404726091,-0.0560223210356809,-0.056,-0.056050631023204,-0.0553659145423799,-0.0548347532692152,-0.0549420736562948,-0.0536994124453173,-0.0529999999999999,-0.0530391348352186,-0.052917287173595,-0.0531059412082928,-0.0528889916253189,-0.0531176410171556,-0.0539999999999999,-0.0549027294086306,-0.055010839335915,-0.0553554669268007,-0.0562544544623179,-0.0558877776600597,-0.0559999999999999,-0.0560945465679142,-0.0558366769905766,-0.0561966609436658,-0.0558119874754239,-0.0561319269799463,-0.0559999999999999,-0.0550085230283514,-0.0556388760404847,-0.0561722396970535,-0.055879095035475,-0.05612614633329,-0.057,-0.0570977623646764,-0.0568026915394788,-0.0575498201390679,-0.0581092776821925,-0.0579588179687518
-0.058,-0.0580888458644422,-0.0573056334312588,-0.0569048119542936,-0.0568733426820583,-0.0557527052105175,-0.055,-0.0542144499407212,-0.0532789341880036,-0.0525024650383679,-0.051858231976311,-0.0519918081411739,-0.0509999999999999,-0.0500686731344766,-0.0494877539714113,-0.0483337647863734,-0.047800272261935,-0.04676685494409,-0.0459999999999999,-0.0444893410006714,-0.0423594348899861,-0.0416897701234892,-0.0403038664378051,-0.0387233254841509,-0.0370000000000001,-0.0351823111759023,-0.0348656532265864,-0.0353847943641185,-0.0364277449683396,-0.0371092537015751,-0.038,-0.0389022485632946,-0.0395280161224392,-0.0407088588698398,-0.0409791221543569,-0.0410513898616988,-0.0410000000000001,-0.0401713946042004,-0.0393498312959357,-0.0384741978333849,-0.0376758517058103,-0.0368786754711969,-0.0369999999999998,-0.0378027706149449,-0.0391872567393631,-0.0411487170617318,-0.0425406612340765,-0.0444082086439345,-0.0459999999999999,-0.0475744587697135,-0.0495446962165018,-0.0504384483737918,-0.0514519128890068,-0.05202569072806,-0.052,-0.0520305959837576,-0.0519269199757213,-0.0521092160998736,-0.0518690028522274,-0.0521436296250301,-0.0529999999999999,-0.0537925420893957,-0.0548007048676405,-0.0550050693476025,-0.0551828041536722,-0.0562343249138804,-0.057,-0.0570152659314515,-0.0570024328224488,-0.056964104758035,-0.0570810191465779,-0.0568673352784077,-0.056,-0.0560053327531581,-0.0554147914920407,-0.0547960274905191,-0.0549631625259614,-0.0536980476629328,-0.0529999999999999,-0.0523172494475935,-0.0505973191739567,-0.0491043061471763,-0.0472330586636586,-0.0457338695325577,-0.044,-0.0415207142328344,-0.0389537313531809,-0.0366212944857745,-0.0336657136250371,-0.0305022163427756,-0.029,-0.0265937157879664,-0.0243381582377659,-0.0235975240303154,-0.0226164002650245,-0.0217811920143866,-0.0199999999999998,-0.0190482122486823,-0.0184550320031163,-0.0176884334063577,-0.0182161774009948,-0.0178941011325827,-0.018,-0.0180636044679774,-0.0179741032438099,-0.0176273554729996,-0.016949767369527,-0.018257867120489,-0.0179999999999999,-0.0185380752609549,-0.0206258466874999,-0.0216469795394592,-0.0239845408930106,-0.0251345365262974,-0.027,-0.0296449593692593,-0.0316732679213129,-0.0352207518071694,-0.0379615220111169,-0.0405049278951957,-0.0419999999999998,-0.0427674419139376,-0.0437714935420748,-0.0444583666252181,-0.045026075871161,-0.0437365658218794,-0.044,-0.0441933225785785,-0.0436898363032903,-0.0443139103295089,-0.0438890366842597,-0.045399895148374,-0.0459999999999999,-0.0466021596960924,-0.0480971134602,-0.0477416650378483,-0.0480931817934013,-0.0466143077287257,-0.0459999999999999,-0.0446119975760224,-0.0422639163011806,-0.0409129202581907,-0.0357742304541044,-0.0324728815329786,-0.0269999999999999,-0.020711509180048,-0.0163983415090082,-0.0062618848178688,0.0097451271365802,0.0449108850010199,0.0969999999999999,0.1587526865095654,0.2362474625073852,0.3271908574082494,0.4294233808633484,0.5261861519014024,0.604,0.6372473329681336,0.6223436910640011,0.5801781884756176,0.4723966976776497,0.313179138210051,0.1519999999999999,0.0187735051058142,-0.0373482151708402,-0.0544486540065361,-0.0566715733420885,-0.0259901072729949,1.0105496686365867e-16,0.0218751989997174,0.0314959006905722,0.0122644436801216,-0.0083738899728533,-0.025292601389578,-0.0389999999999999,-0.0499647388541633,-0.0573869543505214,-0.0573719043464526,-0.0545182942565751,-0.048874602119382,-0.046,-0.0444558497319158,-0.043356868285639,-0.0450270636562214,-0.0446815872741686,-0.0452746825547421,-0.0459999999999999,-0.0459589401227138,-0.0456149912965759,-0.0441856282581429,-0.0439552613221439,-0.0426092000926671,-0.041,-0.0394260708473059,-0.0375037417546803,-0.0361878228772594,-0.0341697585634424,-0.0327663731597887,-0.0309999999999999,-0.0285187598821839,-0.0255054422748257,-0.0217983687154596,-0.018978037886661,-0.0165039806419611,-0.0139999999999999,-0.0114283314650694,-0.009685087779602,-0.0075717784155368,-0.0052018014817505,-0.0036104493417443,-0.0009999999999999,-2.249802555173138e-05,0.0009292258380808,0.0036946452940494,0.0058233588093843,0.008636093840276,0.012,0.0161835483205905,0.0193026996549739,0.021255844362224,0.0240373974732555,0.0251334139493727,0.0269999999999999,0.0296677677397471,0.031153686639049,0.0335838046027869,0.0357192682935814,0.0373407480381455,0.0389999999999998,0.040607691224929,0.0428896665330397,0.0458668573230311,0.0495691444641564,0.0538899689497189,0.058,0.0613005925320896,0.0652520372350794,0.0694960993840253,0.0738754740882451,0.0789833581527063,0.0829999999999999,0.0863686337954853,0.0891165385986287,0.091410562191972,0.0940493178050751,0.0964888550498728,0.0989999999999999,0.1014321777407025,0.1046763072915701,0.1075941248867285,0.1101519319702558,0.113709045093144,0.1169999999999999,0.1211474520991748,0.1247880138174897,0.1282512481860195,0.1326771034636205,0.1354621876427463,0.138,0.139783910699783,0.1411621105275134,0.1431733119014916,0.1445357792653992,0.1463957325721239,0.148,0.1496740155077948,0.1507717749746619,0.1517606120581266,0.1536474547486869,0.1540749135259702,0.156,0.1579272094363906,0.158344483866503,0.1602558679207827,0.1612033828309586,0.1623535628215588,0.164,0.1648146725502876,0.1657384000433809,0.1664085512915725,0.1673059069068364,0.1667682244247998,0.1659999999999999,0.1653450082722711,0.1634534942798203,0.1626607912177421,0.1612572966453901,0.1598473179707959,0.159,0.1564953180640289,0.1546043567093029,0.152702362828975,0.1498846379452753,0.1475580245135143,0.145,0.1417193679262044,0.137865848572806,0.1324885036513795,0.1246537073514514,0.1164282350098871,0.1089999999999999,0.1022523607083322,0.0958582495542437,0.0884462504382351,0.0811440659539119,0.073277458244853,0.064,0.0548528095201564,0.0451932385759604,0.0341012604221494,0.019862223285666,0.003974725609579,-0.0079999999999999,-0.0142732192237065,-0.0170742068103109,-0.0195275624896279,-0.0217887676921012,-0.0232973992709067,-0.025,-0.0266735134483766,-0.0283452293616671,-0.02993704768938,-0.0318894091925726,-0.0345349092703497,-0.0369999999999999,-0.0394856198077231,-0.0420136821380312,-0.0444973525450488,-0.0469876221227474,-0.049522110298126,-0.052,-0.0537190136621948,-0.0552188141245908,-0.0576150494672978,-0.061981594482846,-0.0668511462565738,-0.07,-0.0725889334813125,-0.073506489093814,-0.0716436480507823,-0.0687994593329199,-0.065216516353457,-0.0609999999999999,-0.0567543813310483,-0.0533630872611379,-0.0493527691688393,-0.0437345381182658,-0.0392318016699762,-0.0359999999999999,-0.035542053562768,-0.0390808550826382,-0.0442288011379612,-0.0506210514463244,-0.0558475282992025,-0.0599999999999999,-0.0658058149405958,-0.0711918444791143,-0.0755934979008757,-0.0793475745185311,-0.0811375660900306,-0.08,-0.0774389832106415,-0.0752245900045676,-0.0717866161795867,-0.0694147244522162,-0.0688171493626695,-0.0669999999999999,-0.0660303660431459,-0.0655644495405944,-0.0639472903766493,-0.0625143947849698,-0.0619759941298573,-0.062,-0.0611844485523402,-0.0608151698802914,-0.0611749268669451,-0.0608439036484108,-0.0611438418686581,-0.062,-0.0628272872666777,-0.0636671359221616,-0.0645389254466412,-0.0651373018604446,-0.0649470196265735,-0.065,-0.0650368671392626,-0.0649434192433754,-0.0650578461321262,-0.0649569154415981,-0.0650196407009475,-0.0650000000000002,-0.0650031667184668,-0.0649320806644555,-0.0654318482106474,-0.0661687173895852,-0.0660019394029442,-0.067,-0.0672322867207801,-0.0661185594006668,-0.0658303985581452,-0.06416507984995,-0.0628781770224023,-0.062,-0.0602239734676543,-0.0594550371041932,-0.0579303187665095,-0.0566699805859349,-0.0556933333773694,-0.054,-0.053957604697576,-0.0535131490739539,-0.0523736913958563,-0.0517320123178956,-0.0508175702266152,-0.0499999999999999,-0.0491022670354069,-0.0489987397423403,-0.0486184979717286,-0.0477785136312147,-0.0480877961888075,-0.048,-0.0479417470230217,-0.0480841781466684,-0.0479340442887525,-0.0479255098973464,-0.046638374490399,-0.0449999999999999,-0.0441232196890165,-0.0438220662005319,-0.0444973687729442,-0.0452830272945318,-0.0462615076993133,-0.0479999999999999,-0.0497013548215033,-0.0512614303929885,-0.0531346830336716,-0.0543560723998483,-0.0552516896560475,-0.057,-0.057936951159585,-0.0585047941192322,-0.0597152588976158,-0.0599824041416635,-0.060047905195253,-0.06,-0.0591639534047498,-0.0584105470286404,-0.057087330144835,-0.0553202863530828,-0.0536074825955939,-0.0510000000000001,-0.0483988358873017,-0.0466511796698432,-0.0449943911783872,-0.0433354953996216,-0.0417065610123642,-0.0409999999999999,-0.0410425780119721,-0.040841486609256,-0.0415552081062626,-0.042044226799059,-0.0420875281917595,-0.043,-0.0430756269873889,-0.0429193768718145,-0.0430493411649261,-0.0430055200737607,-0.0429222034569203,-0.042,-0.0411772577931535,-0.0398094719632417,-0.0378872190155418,-0.0363981847636806,-0.0346536052535839,-0.033,-0.0305323320540982,-0.0284555104521478,-0.027200786933712,-0.0251709764772665,-0.0237653667243834,-0.0219999999999999,-0.0194850687362217,-0.0170305808317536,-0.0144980107132198,-0.0118406705736799,-0.0082608428799958,-0.005,-0.0016877257026618,0.0012213793041579,0.0032613592791618,0.0062273227581695,0.0083043936881287,0.0099999999999998,0.0117805252399533,0.0126438258016364,0.0135560740957336,0.0142915173924226,0.0151379248937435,0.0149999999999999,0.0148831649224139,0.0152270272392902,0.0146689119769798,0.0155005300760703,0.0159545409822934,0.016,0.0169722411140482,0.0163699600478938,0.0158462585674428,0.0160650442135758,0.0159785486309782,0.0159999999999998,0.0160451629719636,0.0154377207740444,0.0144439388680142,0.0134588153143461,0.0101430949923044,0.0059999999999999,0.0027019229910205,-0.0008114395376647,-0.0035036230011738,-0.0060512995343101,-0.0084502655249402,-0.011,-0.0136141812089339,-0.0152980426986998,-0.0170995673108948,-0.0185275397718923,-0.0204922893660911,-0.0229999999999999,-0.0247341064412911,-0.0257639234890955,-0.0264179267354076,-0.0272778600757443,-0.0267957976588834,-0.0259999999999999,-0.0252720750452123,-0.0237019234031558,-0.021684252885531,-0.0188974095719052,-0.0164484675132106,-0.0119999999999999,-0.0068772478796678,-0.002184234822453,0.0030392372590515,0.0090256586394481,0.0254112207856539,0.0560000000000001,0.1056534646574302,0.1718282151140598,0.2504018286902711,0.3514594427974022,0.4550173637870547,0.5549999999999999,0.63667457512428,0.6596542837549789,0.6544072850191187,0.6051322355516288,0.4703523826947883,0.3049999999999999,0.1337477917698536,-0.0144744016390696,-0.0882137902458976,-0.111747053238989,-0.1019715903017366,-0.0629999999999999,-0.0321984819119554,-0.0226875569432208,-0.0180442497459446,-0.013690802189103,-0.0129093970569603,-0.0109999999999998,-0.0098729578139979,-0.0102812917550585,-0.0098591114484287,-0.0122403716639981,-0.0141803626744768,-0.0149999999999999,-0.0166987370736051,-0.0181960252380328,-0.0204704640305054,-0.0230088717577177,-0.0254412224705343,-0.0269999999999999,-0.0286292770663196,-0.0299181052265783,-0.0302228050750967,-0.0315983582649237,-0.0319461494941548,-0.0319999999999999,-0.0321472068909454,-0.0312532910598409,-0.0304357272055236,-0.0276052364197269,-0.0245016523815877,-0.0219999999999999,-0.0186024771312682,-0.0160212747240303,-0.0131082140488587,-0.009645665020006,-0.0063124196085022,-0.0029999999999999,-0.0005037880653562,0.0025080620656749,0.0061765141140573,0.0090355079980203,0.0115018460440291,0.014,0.0164731636251348,0.0190999312921351,0.0210651498182532,0.0226781431599711,0.0242514590987303,0.0249999999999999,0.025821494822812,0.0266133182792711,0.0279221056443706,0.02950906110614,0.030159399817606,0.0319999999999999,0.0338074736797603,0.0346630807642841,0.0352108222417374,0.0349599255877456,0.0364358913117969,0.0379999999999999,0.0387092471902585,0.0404536869218183,0.0414707529583042,0.0425763656501907,0.0443437300116606,0.046,0.0476909516007357,0.0492680886169277,0.0511087231932311,0.0525224603117857,0.0545012608327536,0.0569999999999999,0.058639249078767,0.060909780095623,0.0635253615273668,0.0661327235775568,0.06981435127536,0.074,0.0781302668696221,0.0828630718954913,0.0881786961387168,0.0926771776239546,0.0968697271359801,0.1009999999999999,0.1043030899261836,0.1082627897608883,0.1122738410610453,0.1149867550910177,0.1175207690286486,0.1199999999999999,0.1224673112271118,0.1250952413619259,0.1270978767678161,0.1286024974694958,0.130379866793807,0.132,0.1328224385030734,0.1341869174090693,0.1361365353990412,0.1375521272607841,0.1394058456878865,0.1409999999999999,0.1425279550113966,0.1451257789442796,0.1469636949634406,0.1489384452023949,0.1514325028707309,0.1529999999999998,0.1546463545023014,0.1563323986778258,0.1580595659720759,0.1594419933814999,0.1601315050757465,0.1609999999999999,0.1625443256256582,0.1650653697125242,0.1672623108711362,0.1707335768475172,0.1759684693464439,0.178,0.1729467847575187,0.1615718373158744,0.1514805202199641,0.1438821472905137,0.1353699216077094,0.129,0.123230198784636,0.1176999040045907,0.11338021289581,0.1072906547660793,0.0992138556820059,0.089,0.0788473522280179,0.0700643209020038,0.0632470751397798,0.0573803924057564,0.0478839189504683,0.038,0.0275280048330608,0.014574589228084,0.0044236018620569,-0.0024399710553065,-0.0066771096262064,-0.0099999999999999,-0.0127151709333516,-0.0140345406798478,-0.0170416658049208,-0.0200163059457167,-0.0226061565935651,-0.0259999999999999,-0.0292894355864815,-0.0328332169322473,-0.0354298584855268,-0.0383011828985662,-0.0415805245039836,-0.044,-0.0465028950902205,-0.0489538236682298,-0.0516200943687212,-0.0537099118354932,-0.0553544456066081,-0.057,-0.0578536499067006,-0.0586735122023415,-0.0594554617597039,-0.0604073185769702,-0.0610903588776106,-0.0619999999999999,-0.0644472580041121,-0.0670533653898436,-0.0692495230006279,-0.0701497525342483,-0.0699299014836281,-0.0689999999999999,-0.0665467517996118,-0.0639837431952783,-0.0614602817482516,-0.059103007836259,-0.0563391480968334,-0.0529999999999999,-0.0518974742758524,-0.0534395475717787,-0.0585883050631227,-0.0657643910940025,-0.0708539264555382,-0.0749999999999999,-0.0791818387552647,-0.0833411311423685,-0.0872181027330687,-0.0900400836735597,-0.092441459977445,-0.0939999999999999,-0.0948578874438706,-0.0952267841248449,-0.0941977565346346,-0.0920741165126982,-0.0894236279139343,-0.0859999999999999,-0.0818404963702337,-0.0776929487425858,-0.073399975964146,-0.069634251826307,-0.0662062604612183,-0.061,-0.0558499638099816,-0.051715979857279,-0.047619486201306,-0.0454169104595807,-0.0450049998465877,-0.046,-0.0484833705713604,-0.050941588279916,-0.0539093149115681,-0.0572442062342657,-0.0593196935951244,-0.061,-0.0634646649289086,-0.0660373016377601,-0.0684704187215664,-0.0710149707877255,-0.0735029014669113,-0.0759999999999999,-0.0777427835444598,-0.0792065011148246,-0.0811799907822564,-0.0823552398535061,-0.0831470309704202,-0.0829999999999999,-0.0813345130401055,-0.0797637702688377,-0.077538454440464,-0.0750580900165344,-0.0723711353623489,-0.0689999999999999,-0.0665029318976254,-0.0634365593523052,-0.0602025172693312,-0.0583543928502386,-0.0566505083523264,-0.055,-0.053323053332534,-0.0517527588261737,-0.0495395640033393,-0.0471970333284249,-0.0456404738602945,-0.043,-0.0411459680892138,-0.040418619878081,-0.0396316159220256,-0.0404873521207048,-0.0409816394180979,-0.041,-0.0418492731426878,-0.0425556157917763,-0.0439627070280167,-0.0456241665452101,-0.0474380658294323,-0.05,-0.0517961272154455,-0.052641543412475,-0.0535893946860226,-0.0540715747315007,-0.0540402890108413,-0.055,-0.0559517888765914,-0.0559766953706096,-0.0560848707798994,-0.0557682563291053,-0.0547878567608982,-0.0540000000000002,-0.0539693750112718,-0.0539984794987132,-0.0542964014169361,-0.055500913674856,-0.0560153000299213,-0.0560000000000001,-0.0560217684397546,-0.0559614218464803,-0.0560222219292833,-0.0561206105877158,-0.0572867980190946,-0.0579999999999999,-0.0579026637860566,-0.058717585811621,-0.0591066195878681,-0.0589271349721189,-0.0591287784650963,-0.061,-0.0636312752399756,-0.0652173522307352,-0.0673350014521248,-0.0677186495651634,-0.0655193463994571,-0.0629999999999999,-0.058880668381079,-0.055515298915159,-0.0546038724058062,-0.0533873724933458,-0.0516624617999275,-0.0499999999999999,-0.048327006619929,-0.0466790455687308,-0.0449853936801032,-0.0433459572166076,-0.0416592891659731,-0.0399999999999999,-0.0383422383835431,-0.0366470278035308,-0.0350336611246881,-0.0332788901380192,-0.0317588474710088,-0.0309999999999999,-0.0302046140057795,-0.0292609461954197,-0.0286218181676901,-0.0273958305084216,-0.02566514168089,-0.024,-0.0215713331089006,-0.0188785458821339,-0.016688858257525,-0.0136391544996478,-0.0104531442241969,-0.0079999999999999,-0.004683812656699,-0.001826575068625,0.0003571978668788,0.0030844782716834,0.0055117385361965,0.0089999999999999,0.0124872298338556,0.0152444386364676,0.0206704480832312,0.0277892416518312,0.0326020629923479,0.0320000000000001,0.0264144268784545,0.0190348184200158,0.0115058711845648,0.0038285496789665,-0.0046750564800807,-0.011,-0.013636066841356,-0.0154021603077507,-0.0168176656621929,-0.0191864555002208,-0.0225834742381385,-0.0229999999999999,-0.0190073705524329,-0.0144717820566989,-0.0105868544711514,-0.0070383501941471,-0.0118619229520535,-0.023,-0.0285008729759982,-0.0313699569402963,-0.035329272121818,-0.0379144039672347,-0.0405723388072427,-0.0429999999999998,-0.0446735482185065,-0.0463264549521819,-0.0480405816848111,-0.0494713027477947,-0.0501161894745487,-0.051,-0.0511680967386891,-0.0502133706257394,-0.0497553198851486,-0.0480807607492789,-0.0455799208000657,-0.0439999999999999,-0.0416092740676322,-0.0384190870053023,-0.0345886282337971,-0.030272983911735,-0.0244680413094268,-0.012,0.0081622664143456,0.0355356848260429,0.0721415109715102,0.1192332265000119,0.1790065994068276,0.2509999999999999,0.3340287544551725,0.4277039292087294,0.525843892513464,0.6162653941872562,0.682413011737205,0.7069999999999997,0.6778611942217865,0.5901933799497345,0.4527526099690391,0.2914392148234975,0.1327943291809249,0.0099999999999999,-0.0464517471894694,-0.0574973190802258,-0.0411172510156336,0.0077795314491197,0.0500465395366682,0.0679999999999999,0.077032775483459,0.0689417035219941,0.0509601096047326,0.0298244992618314,0.0070831854561932,-0.0049999999999999,-0.0132331577915068,-0.0205380751036348,-0.0232543362888357,-0.0239687968865923,-0.0212528476551788,-0.0179999999999999,-0.0155130286417722,-0.0133964365551526,-0.0126143956508734,-0.0113967864741845,-0.0096474986211479,-0.008,-0.0064047986073373,-0.0040066339860229,-0.0018365245619594,-0.0004159587032932,0.0013591277196103,0.003,0.0047107117602402,0.0057419375878296,0.0065044761706649,0.0071346674299697,0.0069718644521221,0.0069999999999999,0.0062251184433191,0.0052993017980377,0.0044233083070106,0.0040991955212324,0.0051770295287243,0.005,0.0056118541913344,0.0075113758843375,0.0087367782448488,0.0110805091618662,0.0133677332760824,0.015,0.0166865008255127,0.0182874245448721,0.0200610601899352,0.0216092001756651,0.0233656298405069,0.025,0.0279179691313601,0.0352274183401345,0.0442653327898425,0.0494864195574171,0.0512864167547945,0.053,0.0546907421166487,0.0563107661554015,0.0579978832091826,0.0597131468049742,0.0612258393400462,0.0619999999999998,0.0636191191009838,0.0649154088879092,0.0652100912370172,0.0667530558318211,0.0682019604551931,0.069,0.0698495610055199,0.0706271932582831,0.071554597262013,0.0722785077060507,0.0732042539496996,0.074,0.0747514720607661,0.0762931448336367,0.0780208727157821,0.0796420039440292,0.0813951797329178,0.0839999999999999,0.0872967668188072,0.0911761977071698,0.0957195259370503,0.0992811172360193,0.1028001965511764,0.107,0.110340084683036,0.1141693009981257,0.1186546366882319,0.1225188429627145,0.1269856668116312,0.1320000000000001,0.1362180831277193,0.1402804769299349,0.1443439769431883,0.1467169264570879,0.1484198735404513,0.151,0.152759317117299,0.154197061895381,0.1561743247143035,0.1573695014745381,0.1581588253445469,0.1589999999999999,0.1605733980037813,0.1625356157754175,0.1634260360070023,0.1646103998850024,0.1662777182379513,0.1669999999999999,0.1677498992833394,0.1689022269174237,0.1685830716041124,0.1678473606488538,0.1679853165358829
0.1669999999999999,0.1661148357794958,0.1649353648985326,0.1627061144645747,0.1616128177981932,0.1594374093252543,0.157,0.1546350670398567,0.1517094357300268,0.1499374215256465,0.1463936471515548,0.1435078648150961,0.137,0.1219677486888905,0.1097373163225689,0.1000549559917797,0.0905803009986687,0.0835047726055711,0.074,0.0646992647711404,0.0553764431757594,0.044594570983296,0.0354697144803377,0.0261367040517356,0.0189999999999999,0.0155911601410901,0.0123499842076749,0.0092693343249793,0.0073367661839132,0.0055921273732058,0.0029999999999999,0.0004128758089313,-0.0013532770187016,-0.0032433243048434,-0.0063767462387295,-0.0095578827991752,-0.012,-0.0145074459096135,-0.0169565568014223,-0.0195921674562746,-0.021860870004661,-0.0246722233944076,-0.028,-0.0304402572528462,-0.0336974332455868,-0.0365442230040033,-0.0392221213962202,-0.0426160038564179,-0.0449999999999999,-0.0475171396744778,-0.0494426555624284,-0.0509557770880034,-0.0526309743435873,-0.0544467196441503,-0.0569999999999999,-0.0593441099715365,-0.0637941335697082,-0.0688421475659758,-0.0722553374712677,-0.0740856483750781,-0.072,-0.0686360176834767,-0.0653058445762132,-0.0624371908730742,-0.0596617188660275,-0.0550986934380759,-0.0519999999999999,-0.0494840639588099,-0.0483699556397745,-0.0504792511132836,-0.053221887671072,-0.0581475068702352,-0.063,-0.0662160669378111,-0.0709048020892046,-0.0758087662810422,-0.0790639271461868,-0.0799462780696299,-0.0779999999999999,-0.0746263688473493,-0.071901802112459,-0.0697754967692678,-0.068866615636103,-0.0689598375327191,-0.0679999999999999,-0.0671402779419979,-0.0662849189566696,-0.0659601778982035,-0.0656491281243077,-0.0635971111117389,-0.0629999999999999,-0.0630815729087165,-0.0628617043959869,-0.0631499647502596,-0.0628818341968551,-0.0630558840665901,-0.0630000000000001,-0.0636931163871188,-0.0649400293050096,-0.0648598073338146,-0.0653055004271611,-0.0661595623595873,-0.0669999999999999,-0.0671455743060416,-0.0662434694183427,-0.0659125569032464,-0.0660643578460111,-0.0659078037981274,-0.0649999999999997,-0.0641346566723503,-0.0633752148381203,-0.0624670813488194,-0.0616787444429861,-0.0608399589116067,-0.0599999999999999,-0.0590836001487031,-0.0590383522652986,-0.0585513955762451,-0.0578802588360947,-0.0579461036927194,-0.0569999999999999,-0.0569463016396899,-0.0565347063472412,-0.0554091825050523,-0.0543921624240608,-0.0513381771443567,-0.049,-0.0465695173719322,-0.0447494175631478,-0.045962181947767,-0.0477889226212671,-0.0506075422779446,-0.053,-0.0554311620440051,-0.0576522515079487,-0.0586084319800751,-0.0611874974524998,-0.0633026261373644,-0.0649999999999999,-0.0667905110389169,-0.0676479153397446,-0.0683054396082048,-0.0675843991710294,-0.0669146762134985,-0.066,-0.0643238723527834,-0.0626585605280546,-0.0613275222985824,-0.0606368715200921,-0.058514334009247,-0.057,-0.055499350901891,-0.0533124224441163,-0.0527725045546851,-0.0511947430705671,-0.0498535684526953,-0.0489999999999999,-0.048015571664714,-0.0481521942483528,-0.0474635294426219,-0.0467707007578554,-0.0457394103397387,-0.0450000000000001,-0.0450576149486607,-0.04483935475553,-0.045274314243895,-0.0445408763106905,-0.0440212465700319,-0.0440000000000001,-0.0430950176860845,-0.0430001461177209,-0.0429145488191985,-0.0431464846297813,-0.0428229858746679,-0.0420000000000001,-0.0420431265654379,-0.0414023900026391,-0.0404562146782067,-0.0398070923776574,-0.0401617036908437,-0.041,-0.0417863598343447,-0.0427716132164046,-0.0433502020079919,-0.0444948347277519,-0.0450439675408727,-0.046,-0.0478008199643692,-0.0485115460535452,-0.0501116341872183,-0.0512033258350625,-0.0508778894189899,-0.049,-0.0441125462725692,-0.0388787746158756,-0.034315051472467,-0.0307992222809986,-0.0285754136798911,-0.0259999999999999,-0.0226937827931177,-0.0193030251708824,-0.0160035441150041,-0.0128125373508955,-0.0105934864834306,-0.008,-0.0053599246643116,-0.0037489766378096,-0.0018207056490973,-0.0006783260981186,0.0002200784153741,0.001,0.0009868445181003,0.0010677426841363,0.0008772818118125,0.0011608905110968,0.0008222551012628,1.2631870857957337e-17,9.597400756181033e-06,-0.000100439531758,0.0004438754570518,0.0013311498480098,0.0021832560108047,0.0030000000000001,0.0037973186678663,0.0047437808513878,0.0053908949085855,0.0064567577534169,0.007039015392565,0.0069999999999999,0.006259284572469,0.0051617376887934,0.0047485357851412,0.0032729525343367,0.0017452079971374,-1.0105496686365867e-16,-0.0025353714934277,-0.0048972091845851,-0.0076534624434534,-0.0098388730978919,-0.0126084368646244,-0.0149999999999999,-0.0186165928717769,-0.0272651306944169,-0.0356082766619151,-0.040832294183919,-0.0447669970754562,-0.0489999999999999,-0.0525768318297292,-0.0542655121521768,-0.0560298384898497,-0.0550996762922784,-0.0511524897363043,-0.047,-0.0427901489637673,-0.0391880611493059,-0.0364706030636551,-0.0338216044916569,-0.0303443433508549,-0.0279999999999999,-0.0241183834470803,-0.0191624131278847,-0.0161846150185618,-0.0104659999150959,-0.0064223207230286,0.002,0.0301230095582086,0.0747882688844555,0.1311186125017176,0.1981108499583768,0.2765179260327954,0.363,0.4571910650661896,0.5527932624661849,0.6174115868614162,0.6391548872651358,0.6200919107438241,0.541,0.4014113186626318,0.2354298061944382,0.0783142241183711,-0.0411273631602208,-0.0971717233897454,-0.1039999999999999,-0.0827333042786756,-0.0386798318041179,-0.00883338292209,-0.0030286808293662,-0.0052854285376473,-0.017,-0.0229258297301437,-0.0242256238067332,-0.0283571187434743,-0.029126380755592,-0.0317220819335602,-0.0339999999999999,-0.0347627309359722,-0.0357554488827337,-0.0367468846201913,-0.0386601248756792,-0.0390744847356909,-0.041,-0.0428910209544603,-0.0435026861821978,-0.0444753132040557,-0.043306980206899,-0.0417181772194735,-0.0399999999999999,-0.0382811056789812,-0.0367332000227891,-0.0349864171998746,-0.0331420491751902,-0.0305210214159579,-0.029,-0.0266611853204747,-0.0237238114854738,-0.0220837798342512,-0.0202568542901791,-0.0186935415764184,-0.0169999999999999,-0.0161175097081147,-0.0149066917874213,-0.0127648046385018,-0.011535311928806,-0.0095027469166425,-0.0069999999999999,-0.0044788612192783,-0.0025337511547045,-0.001095188096837,0.0006903827574729,0.0024073547990851,0.0050000000000001,0.006725957861521,0.0087829556517731,0.0114404311568826,0.0121643056202017,0.0133266775146804,0.015,0.0166967016343706,0.0177413802259632,0.0187864942774579,0.0206436619402175,0.0210241474780456,0.022,0.0229578435476673,0.0234308519021088,0.0250250166160158,0.0267785244516129,0.0296057076509939,0.0319999999999999,0.0344378418612626,0.0366389483531497,0.0376254220031186,0.0401711155387175,0.04231379894218,0.044,0.0457558601479192,0.0471207606938098,0.0495578697804688,0.0519089873603082,0.054559032416885,0.0569999999999999,0.0607491456103791,0.0684241363647281,0.0772123483538849,0.0848912910571296,0.0911957042215275,0.0969999999999999,0.1013804330217982,0.1040827921359732,0.1061114314092487,0.1077565038890459,0.1105733974719405,0.112,0.1126529084540284,0.1145398396012537,0.1153736280034448,0.1166663015065617,0.1182802424914922,0.12,0.122515175611624,0.1249314222785843,0.1276168436129944,0.129855799715652,0.1326532457790609,0.1359999999999999,0.1392891005987797,0.1427651304675933,0.1458623408416513,0.1494774653389728,0.1525609054959198,0.1559999999999999,0.1602301231462622,0.164154390601653,0.1688389038429902,0.1719031513627188,0.1731877149311453,0.1729999999999999,0.1712838912437688,0.1699118344814885,0.1670246869961429,0.1639302936714232,0.1614170580422284,0.1579999999999999,0.1554178785336069,0.1531329378099041,0.1500841774578876,0.1466014306773817,0.1433777968986372,0.1399999999999999,0.1365914311634625,0.1335263593984899,0.1294594751643009,0.1253295254347405,0.1196810198562505,0.113,0.1045610896773989,0.08924443680286,0.0761455787808994,0.0695936762006155,0.0626287087921451,0.058,0.0541100813580171,0.0482078014325515,0.0427446890335552,0.0362702838543818,0.0297157143218381,0.022,0.011964803600773,0.002646803854632,-0.0066595252155253,-0.0149431873374619,-0.0197319543637473,-0.0229999999999999,-0.0263890743372304,-0.02902527852866,-0.0320228618166747,-0.0372490240401757,-0.0416555210172574,-0.0439999999999999,-0.0471758072695174,-0.0514074246893315,-0.0558843879841375,-0.069880559244765,-0.1075251849893858,-0.1679999999999999,-0.2556458894335972,-0.3702677485164943,-0.4939639296891921,-0.6230758285538249,-0.7171533118706473,-0.745,-0.7361736906248884,-0.6568663301099534,-0.4979048985770146,-0.3253290776336228,-0.1569822086026005,-0.041,-0.0091962601570811,-0.0070253213435052,-0.0166791220285601,-0.0325354095349269,-0.0385948942089443,-0.0389999999999999,-0.0334195008432286,-0.027608260214076,-0.0232294603423511,-0.0182198435434473,-0.0172578587109111,-0.022,-0.0297715073336283,-0.0339965573344957,-0.0369144391252424,-0.0399840299204369,-0.041245220517869,-0.043,-0.0446073549758779,-0.0470449889508362,-0.0489669470557815,-0.0511557105288219,-0.0545575630472086,-0.0559999999999999,-0.0576849302922364,-0.0582642432840275,-0.0578462896537385,-0.0579076397630533,-0.0567581097122331,-0.0559999999999999,-0.0543826083382914,-0.0531592044384184,-0.0523132137727608,-0.0502652886646632,-0.0500462613820911,-0.049,-0.0471229744721484,-0.0470556580694214,-0.0465706743932,-0.045661844213174,-0.044820550568293,-0.0440000000000001,-0.0432265168041439,-0.0417478625221668,-0.0399285858533182,-0.0383962805452603,-0.0366230527676035,-0.0350000000000002,-0.0334192610048361,-0.0314037053535786,-0.0309591331910973,-0.0308685684637895,-0.031290930718725,-0.034,-0.036505400838929,-0.0395122443909924,-0.0433130002764384,-0.0481851141532901,-0.0541681564790272,-0.061,-0.0749900743983385,-0.0995251575212448,-0.137214530173403,-0.1781063885584168,-0.2009266709028979,-0.21,-0.2148583736630352,-0.2125131594118051,-0.2052471796228771,-0.193680557836997,-0.1760262028655517,-0.1549999999999999,-0.1365405398686129,-0.1152828318967207,-0.0814412035591302,-0.0506084962019357,-0.0374587028020134,-0.0320000000000001,-0.0275697094570295,-0.0262966356018067,-0.0294339363629706,-0.035398807672252,-0.039694985932866,-0.0440000000000001,-0.0499755516363628,-0.0548593802234716,-0.0670376602100356,-0.0971576747979054,-0.1366078779943395,-0.1649999999999999,-0.1766653590039423,-0.1828551531601777,-0.1869865711999519,-0.1861085975060814,-0.181980278593873,-0.1749999999999999,-0.1645339902628484,-0.1498466625216555,-0.1268247011674831,-0.0919470378665678,-0.0569756579768548,-0.0369999999999999,-0.0280504624315918,-0.0254337220144468,-0.0272828340026393,-0.0282143527552039,-0.0292818840716361,-0.0300000000000001,-0.0298872163638259,-0.0307508791098068,-0.0310552733967,-0.0310065011309558,-0.0309803285772989,-0.031,-0.0310477929620218,-0.0308588592604285,-0.0315017308996615,-0.0321421360894208,-0.0319436631779515,-0.032,-0.03209564824162,-0.0313076766512891,-0.0308635903287669,-0.031066844215231,-0.0309816283853842,-0.031,-0.0302848770682796,-0.0286760540999501,-0.0269935845237034,-0.0253533652153076,-0.0236346593292275,-0.0219999999999999,-0.0211834576330321,-0.0197748528327785,-0.0179711963752919,-0.0161563775954803,-0.0134944095616403,-0.0119999999999999,-0.0111875984280196,-0.0103404623971524,-0.0091781822529041,-0.0072400045802268,-0.005652853478059,-0.0029999999999999,-0.0003591126578235,0.001288489834484,0.0030609238527117,0.0046363193314921,0.0062885038668953,0.007,0.0077605036979239,0.0087698326515873,0.0094312610117781,0.010212038103715,0.009954464038985,0.011,0.0127083150678922,0.0148106317240461,0.0166065032295628,0.0104676709126175,2.0822853065826367e-05,-0.0089999999999999,-0.0183172633670557,-0.0251757644658401,-0.0294623789730843,-0.0337096857786907,-0.0378135284415714,-0.0419999999999999,-0.0449047871499114,-0.0431414737378222,-0.0366677103439188,-0.0262987605955392,-0.0120656679788165,-8.842309600570134e-17,0.006194346094092,0.0097494641817556,0.01273203560952,0.0143033115349783,0.01227161656021,0.0069999999999999,0.0010178886102413,-0.0029962501123406,-0.0054160936875404,-0.0080625707864453,-0.0104828289593261,-0.013,-0.0147042374526229,-0.0168037726940153,-0.0194298006410627,-0.020171501469111,-0.0212881733971604,-0.0219999999999998,-0.0219338593567033,-0.0221747986977731,-0.0215105363539004,-0.0205653153574266,-0.0184841101987516,-0.016,-0.0135811437957239,-0.0104129709007012,-0.0066572109966377,-0.0019763275701499,0.0062557221159104,0.0239999999999998,0.0513684944417899,0.0897589774752754,0.1415308386317708,0.2047379801520671,0.281468623311699,0.3709999999999999,0.469793600987586,0.5684030911803704,0.6484652571441903,0.6855884447889092,0.6761583087656029,0.6239999999999998,0.5002521021894729,0.3342792826823655,0.1762414003819107,0.0309133883741891,-0.0491203587477409,-0.0679999999999999,-0.0676351416397426,-0.0296487983495205,0.0046284978057321,0.0139035992927909,0.0189502228089786,0.008,0.0008971484650855,0.000596967279286,-0.0029883065981823,-0.0028770764166966,-0.0058088496290193,-0.0079999999999999,-0.0095197283775542,-0.0110269282533272,-0.0114885879180922,-0.0138736343076266,-0.0139075294427745,-0.015,-0.0160343373295928,-0.0163804174954161,-0.0175332002800592,-0.0164529438853661,-0.0159080511578339,-0.014,-0.0120917672343691,-0.0115900963289841,-0.0098988043010934,-0.0084371095727468,-0.0066223314676647,-0.005,-0.0025590816080281,-0.0004314074394902,0.0008329123679489,0.0025956266384884,0.0031196705972084,0.0049999999999998,0.0060727266434689,0.0062289079676006,0.0083380586416119,0.009157227584036,0.0103690074757366,0.012,0.0128249548999873,0.0136710031182993,0.0147783515326469,0.0168327721652846,0.0182418572058173,0.0199999999999999,0.0217584313685543,0.0231656767797965,0.0252261580132547,0.0263201148693471,0.027186218170818,0.0280000000000001,0.0295650891463905,0.0314854398637736,0.0328572831788291,0.0346495699161614,0.0349803850223582,0.0359999999999997,0.0385511636002872,0.0408169008043102,0.0440529058359839,0.0472056900725327,0.0508272193602303,0.0549999999999999,0.0583558035913956,0.0616626552024363,0.0649863116256246,0.0683509985072306,0.0716602484994058,0.0749999999999999,0.0776264490501265,0.0793119698958864,0.0810531634801156,0.0826027885075195,0.0843866683307844,0.086,0.0868223415136949,0.0881423985140809,0.0905060792327503,0.092844414886974,0.0941902522058794,0.095,0.0965719435098035,0.09854332790167,0.0994024095495701,0.1006516640666067,0.1022351529250935,0.103,0.1038791862143202,0.1044482229091828,0.1064212336166679,0.1090392129269634,0.1147841139002862,0.128,0.1409057880056176,0.1502819418154375,0.1550403791022213,0.1548153725103013,0.1565115544464571,0.1580000000000002,0.1587043708173653,0.1599408323969541,0.1599100648932742,0.1599608490343854,0.1586729394400937,0.158,0.157372808510905,0.1554824113965975,0.1542384942363918,0.1522968708806543,0.1536439868227511,0.157,0.1586429881133607,0.160525705569251,0.1613567499873236,0.1627435743859417,0.164110108291528,0.164,0.1641010253459848,0.1628131014873138,0.1609439078325197,0.1592122453055119,0.1563541290198134,0.153,0.1489999477716586,0.1433839515199758,0.1378026711065107,0.1330907341886282,0.1280369809032575,0.1240000000000001,0.1171549548202651,0.1049392799814046,0.0935296589372605,0.084675533959454,0.0777877305055083,0.0720000000000001,0.0647287140188342,0.0552120329709325,0.0449812430435375,0.0372470922897201,0.0305840129164682,0.023,0.0161718925679496,0.0108746453963383,0.0061074788306811,0.0009182306856382,-0.0039611773473045,-0.0089999999999999,-0.0133004912461161,-0.0170620628716824,-0.0221440766164358,-0.02670254821182,-0.0307594568705483,-0.0329999999999999,-0.0337050742651644,-0.035485969546299,-0.0364008974839355,-0.0376861539417948,-0.0391960864556033,-0.0399999999999999,-0.0416960525334454,-0.0427368151329331,-0.0435058108963007,-0.0442560559811088,-0.0453021332098635,-0.0469999999999999,-0.0478596314917986,-0.0487069474927673,-0.0491280097271907,-0.0489250031719059,-0.049078983383599,-0.05,-0.0509727938463133,-0.0508340683726296,-0.051873513550838,-0.0535262666406601,-0.0541057553382843,-0.0549999999999998,-0.055824363776885,-0.0571643079876563,-0.0592051416064855,-0.0603151998827692,-0.0612666796908867,-0.063,-0.063937125940567,-0.0644893344030252,-0.0657571759957487,-0.0659081332513438,-0.0661607334608052,-0.0669999999999999,-0.0669665441912192,-0.0675913219168468,-0.0685163425499443,-0.0693664020398235,-0.0701108610717548,-0.071,-0.0734281290889009,-0.0760882951720451,-0.078204121026493,-0.0791983016364559,-0.0788892496339216,-0.0779999999999999,-0.0763481765991307,-0.0746910457305941,-0.072894559520988,-0.0716353721386898,-0.0707423536952218,-0.069,-0.0687591661693586,-0.0703353229478727,-0.0719374615339392,-0.0738788221220061,-0.0765481962278529,-0.0789999999999999,-0.0821256492727435,-0.0866617632634794,-0.0889218195180208,-0.0888985946647294,-0.0874705484041583,-0.0829999999999999,-0.0786603058469976,-0.0754235169641018,-0.0718564749054102,-0.0689409343546984,-0.0665191107801959,-0.0639999999999998,-0.0614315126320325,-0.0596511169281397,-0.057667256276876,-0.0550185972798956,-0.0538976248629445,-0.053,-0.0505701952565462,-0.0478660699534929,-0.0461379277326007,-0.0463582548214773,-0.0485600726411789,-0.052,-0.0561525661520943,-0.0603085244056344,-0.0648291731191348,-0.0700428920908282,-0.073450199672214,-0.075,-0.0773907253789897,-0.0806405128093018,-0.0836671160475755,-0.0830937288239839,-0.0777484758883868,-0.0719999999999999,-0.0677031391969977,-0.0647902125489784,-0.0629859825552934,-0.061340764386458,-0.0596500546800994,-0.0579999999999999,-0.0571171381425029,-0.056389796228355,-0.0554597015430468,-0.0546695311207293,-0.0538943826116206,-0.0540000000000001,-0.0540737677137127,-0.0538317834486997,-0.0545167256139409,-0.055144662416229,-0.0549269883964865,-0.055,-0.0558790295688058,-0.0560317087236336,-0.0563348584925583,-0.0572800356594584,-0.0568590827849531,-0.057,-0.0578947347793494,-0.0585197679717194,-0.0597399881410862,-0.0599179311670321,-0.0601544099316314,-0.0609999999999999,-0.0610009974276934,-0.0610952733700369,-0.0605232881213804,-0.0598581236127116,-0.0600403171584951,-0.0599999999999999,-0.0600221165605379,-0.0594825128638685,-0.0583160943631437,-0.0579996650755555,-0.0579119121608249,-0.0569999999999999,-0.0568725185925709,-0.0572613051508951,-0.0563451194095712,-0.056037674440535,-0.0558625046108578,-0.0549999999999999,-0.0550195725504951,-0.0544207365786242,-0.0535043020163157,-0.0524653421754849,-0.0506351950090459,-0.0489999999999999,-0.0472722020121857,-0.0463340152586241,-0.0451025090672222,-0.0434864217938645,-0.0428352488307217,-0.041,-0.0392351711812158,-0.0378188798760253,-0.0358348601145891,-0.0344733155155576,-0.0325837199911165,-0.0309999999999999,-0.0294577833591064,-0.0269644331482075,-0.0245750550527708,-0.02192003927605,-0.0195530033256713,-0.017,-0.0144273139638046,-0.0121726063982815,-0.0090088481915024,-0.0055842744368792,-0.0009479373103892,0.0040000000000001,0.0073930335779153,0.0102321233932857,0.0115919107336304,0.0124874621288798,0.0143929652614145,0.016,0.0176730507384433,0.018505734147976,0.0163120913316679,0.0123629839436055,0.0081285055561385,0.004,0.0013897376316005,-0.0008188287511592,-0.0039681083455243,-0.0073818133355261,-0.0105303239349291,-0.012,-0.0128148201657629,-0.0132736649544721,-0.0123914536105773,-0.0118226056297045,-0.0106657211052809,-0.0089999999999998,-0.0074680165039223,-0.0044514345129612,-0.0010700129231215,-0.0001379505758311,-0.0041501640932682,-0.01,-0.0134841255424775,-0.0160161884739548,-0.0184456279608754,-0.0210964625915409,-0.023366989279825,-0.0249999999999999,-0.0267489482259975,-0.0276330003256746,-0.0289225529382762,-0.0305203911935435,-0.0310973287877329,-0.032,-0.0328787837486585,-0.0335956193491855,-0.0345677692222838,-0.0353797016781207,-0.037578289351189,-0.0399999999999999,-0.0394770346440084,-0.0354134564946629,-0.0240666850943246,-0.0042518882337236,0.0234213244088502,0.064,0.1157150875131581,0.1752386469249544,0.2410155138753309,0.3129672696299984,0.3964806402539237,0.4849999999999999,0.5711289365787322,0.6371150608203788,0.6575490438116234,0.6369890276469965,0.562408665980892,0.424,0.2641143076269952,0.1179113933869181,0.0166882397741589,-0.0223184893078813,-0.0248161018875492
-0.009,0.0141957296036216,0.0267401929171378,0.0234945787162068,0.0146680973468855,0.0090509083876369,0.004,0.0004360475809567,-0.0022715160371043,-0.0067009336539538,-0.0108352230517485,-0.0207181388020215,-0.0369999999999999,-0.0501173645560797,-0.0581764091103599,-0.0650491004509727,-0.0688355583471805,-0.0675210798021887,-0.0649999999999999,-0.061026192678682,-0.0559586641623434,-0.0504970813263067,-0.0428834279864428,-0.0371007793060782,-0.0329999999999999,-0.0294262370767165,-0.0278127463944259,-0.0251562381838721,-0.0216351262740657,-0.0183154199108055,-0.0149999999999999,-0.0124663580758303,-0.010030771971045,-0.0074742939019525,-0.0050281047396619,-0.0024654196450837,6.315935428978667e-17,0.0009783892999582,0.0010090082066645,0.0007112533927466,-0.0005013791304441,-0.0010571496943728,-0.002,-0.0037365570154167,-0.0050771594756205,-0.0080171297744511,-0.0106259465772633,-0.0080156204668866,-0.0019999999999999,0.0015942026890669,0.0038112577733189,0.0067214046502427,0.0087845341744258,0.0116876916854533,0.015,0.0182588398667282,0.0218218508549412,0.0247816440902441,0.0285814134150288,0.0314296092387925,0.0339999999999998,0.037493828002077,0.0393192818581294,0.0414476341536048,0.0438104706541458,0.0452974177908041,0.0469999999999999,0.0486693904599788,0.0503187432553749,0.0522629821950718,0.0553249893376381,0.0587336399803409,0.064,0.0701630759206787,0.0730658553046188,0.0759224895161232,0.079125819529438,0.0815049481353927,0.0839999999999999,0.0856083754392446,0.0880712646980582,0.0897004625165909,0.090445615075431,0.0923490910958817,0.093,0.0936969922280618,0.0953554125874744,0.0969752344054518,0.098667451617815,0.1003763155267612,0.103,0.1083947717777891,0.1174879546662447,0.1248030526031297,0.1281806864467735,0.1317669501321693,0.1349999999999999,0.1374977605819267,0.1399739334453803,0.1428264369960335,0.1464524777805646,0.1496017916137358,0.153,0.1564345332882451,0.1590065514200777,0.1615270043475181,0.163955995112865,0.1665439428640299,0.169,0.1706480857398573,0.1728947674809092,0.1753337452390231,0.1762447254704308,0.1772535095429287,0.1779999999999999,0.1779420123255174,0.1782073880009378,0.1773577270561229,0.1770767169236946,0.1767651466275556,0.1749999999999999,0.1742147607323547,0.1722064337478022,0.1693873376962553,0.1670304913567864,0.1644496344108672,0.1589999999999999,0.1459185719687817,0.1338408784887931,0.12758694302332,0.1216411802923167,0.117263014151225,0.1129999999999998,0.1079644733419503,0.1026984459945897,0.0952867843674985,0.0861662085999443,0.0759966680072002,0.067,0.057279178953405,0.045880621528001,0.0374339106155021,0.0321086843495738,0.0283183216299206,0.025,0.0216661595641744,0.0182889578386038,0.0153678305657984,0.0130412244091236,0.010566790646817,0.0089999999999998,0.0058831371865912,0.0016508503426354,-0.0037343283454613,-0.015089022541841,-0.0256020743511683,-0.0310000000000001,-0.0352983586318326,-0.0381009799900537,-0.0404838620269795,-0.0429547650542628,-0.0455667121555739,-0.048,-0.0488891423180907,-0.0496215994298992,-0.0505423616159021,-0.0511774964520521,-0.0508882373164839,-0.0510000000000001,-0.0519789566742609,-0.0513636781199342,-0.0508628996270638,-0.0510202535862105,-0.0510729924678347,-0.052,-0.0528480574415129,-0.053707706156955,-0.0541273156347969,-0.0539553257227671,-0.0539576415119825,-0.053,-0.0520450315635253,-0.0520520414111941,-0.0516341905507043,-0.0505555245757849,-0.0499618367434689,-0.05,-0.0492521876565549,-0.0481667659730179,-0.0479875726951802,-0.0479623462092936,-0.0480804204872976,-0.0489999999999999,-0.0505957739543367,-0.0529221733356964,-0.0555800113129667,-0.0579054238053788,-0.0606251862235334,-0.0639999999999999,-0.0665781457888004,-0.0688826948940045,-0.0716415769264875,-0.073851226460474,-0.0766248900921,-0.079,-0.079097827114015,-0.0785075935579082,-0.0766797723644996,-0.073937455776349,-0.0714964567786555,-0.069,-0.0673437851965686,-0.0650802264104154,-0.0627871147266183,-0.061318984758863,-0.0583341500601445,-0.056,-0.0544697682504429,-0.0518480768525396,-0.0503061675940322,-0.0497650254003661,-0.0487810469406967,-0.048,-0.0479707234278961,-0.0480298110380069,-0.0479787274616767,-0.0480086601687535,-0.0480015344970507,-0.0479999999999999,-0.0479736836004071,-0.048105982540033,-0.0475445467352188,-0.0467176173874976,-0.045700564377121,-0.0440000000000001,-0.0439278505976548,-0.0435529907669885,-0.0425662661751478,-0.043483119555537,-0.0440637349262463,-0.045,-0.0459934128798851,-0.0458586218729559,-0.0465000843249869,-0.0472794293956259,-0.0482207314640552,-0.049,-0.0490112327763846,-0.0489964796541253,-0.0490238044352907,-0.0488345215908265,-0.0477465838924735,-0.0469999999999998,-0.0470043481626777,-0.0469756461063828,-0.0470321082209166,-0.0469760814471726,-0.0470067752248247,-0.047,-0.0470552267068796,-0.0463593275373318,-0.0458500764698633,-0.0459012492784527,-0.0447942854047231,-0.045,-0.0444892412352265,-0.0417748284952056,-0.0401592228448834,-0.0379577644115397,-0.0356234490407057,-0.034,-0.0323288742787026,-0.0302968984441957,-0.0263856978164719,-0.0204629788913782,-0.0171809184191115,-0.03,-0.0601360438073292,-0.0945591719996266,-0.1267327476435259,-0.1496552188831774,-0.1619383117890469,-0.1699999999999999,-0.1760796686112519,-0.1790799821400999,-0.1778303904486381,-0.1742344734684492,-0.164043547386058,-0.142,-0.1096347910993349,-0.0694498414636582,-0.0354287481427241,-0.0197244841874098,-0.0140376293012396,-0.009,-0.0053839861428684,-0.0042049037900667,-0.003814065640979,-0.0044445158912549,-0.0064751643828132,-0.0089999999999999,-0.0114847174911844,-0.0144562637937974,-0.0185515274685924,-0.0223850691910415,-0.0240253514355232,-0.0210000000000001,-0.0150437104331198,-0.0106269477468482,-0.0061201109789016,-0.0011199851331859,0.0027470791682738,0.007,0.0112959933224848,0.0141910102414808,0.0160389908831615,0.0176308717489845,0.0194057391422493,0.0219999999999999,0.0246053950472907,0.0263231898317276,0.028080671097215,0.0294259360592015,0.0301398632171512,0.031,0.0318731270607489,0.0321602907319542,0.0315444756739617,0.0306460069087373,0.0298521381855458,0.0290000000000002,0.027384340195271,0.0256315218642785,0.0237476145045903,0.0208009330637861,0.0186280530440988,0.0159999999999999,0.0126541348790691,0.0075146783627467,-0.0068640629866748,-0.0244932214972541,-0.0359322616017503,-0.045,-0.0504637312531217,-0.0536549948902311,-0.0597643898022311,-0.0594477877343081,-0.0496965146330235,-0.037,-0.0218869560732813,-0.0099947137733146,-0.0033474139574353,0.0018772492910136,0.0042128690313497,0.004,0.0009438724085727,-0.0039931854537773,-0.0094770836257029,-0.0175225083563642,-0.0268542870900514,-0.0349999999999998,-0.0394339459347892,-0.0425230693845508,-0.0458494469585981,-0.0477506908479737,-0.050589957972691,-0.052,-0.0526727733396035,-0.0540203525806625,-0.0537446972734622,-0.0543333649954438,-0.0536509364682653,-0.0519999999999999,-0.0512867101212159,-0.0491474155955364,-0.0461339373453053,-0.0424488850728143,-0.0379542356525421,-0.0299999999999998,-0.015078412133605,0.0088036809835247,0.0372381362859677,0.0708370497624673,0.1184992820995091,0.1749999999999999,0.2454397846666633,0.3333991707379969,0.4306675257113191,0.5379858937517705,0.6232718612642818,0.6609999999999998,0.659752588130417,0.605402225172291,0.481344545611297,0.3072020777223744,0.1287972644743337,-0.022,-0.1146097545653007,-0.1386875580192516,-0.1306312436370621,-0.0925038256680156,-0.040067193273748,-0.0149999999999997,-0.0056534153452011,-0.0096629228838302,-0.0215698479447905,-0.02468243870911,-0.029097046362727,-0.0319999999999999,-0.0334108959128411,-0.0358180622855489,-0.0361849991994343,-0.0374762213288597,-0.036735174193954,-0.0369999999999998,-0.0380272710932829,-0.0382534353842413,-0.0403537519888876,-0.0410102313654597,-0.0410476389368298,-0.041,-0.0409311759239156,-0.0411145864145235,-0.0408964075850624,-0.0409499508602232,-0.039641152467976,-0.0379999999999999,-0.0356746289824813,-0.032196181119937,-0.0294658019603841,-0.0270100810671513,-0.024480334465652,-0.022,-0.0203390783408181,-0.0181008909398672,-0.0157330465462228,-0.0145083378271269,-0.0125818576736095,-0.0109999999999999,-0.0093987526897372,-0.0075674898270814,-0.0060963410995743,-0.0042711314667711,-0.0026811655007308,-0.001,-0.0001310733679274,0.0011143551405761,0.0032249102098636,0.0043692231690742,0.0050876366664887,0.005,0.0057218201588124,0.0067949093197239,0.0076490974054702,0.0099684629864095,0.011090812838769,0.012,0.0137257420830879,0.0151472197572891,0.0175686266099329,0.0197405913189232,0.0213230977335995,0.023,0.0246896129998615,0.0258342978138576,0.0262793638742432,0.0277055968068955,0.0292248187567527,0.0300000000000001,0.0308309505636642,0.0316592586069563,0.0325141194550953,0.0333224272120283,0.0341650462264914,0.035,0.0365826944665776,0.0384830214771999,0.0397726792698751,0.0420657441749721,0.0443547376811784,0.046,0.0485225486215608,0.0503951569025213,0.0522821157932708,0.0551323679833132,0.0574389505120048,0.06,0.0625435660494462,0.0649341553113112,0.0677097104472811,0.0722996655717132,0.080883200213264,0.089,0.0955663692562329,0.10264996754907,0.1079818357852317,0.1131437289696033,0.1178153277406429,0.122,0.1263834413669718,0.1285144838426866,0.1294313135290021,0.1281721758235844,0.1254003599813958,0.1210000000000001,0.1150586443427386,0.1089501331963812,0.0977243467362528,0.0904498341740512,0.0911277487531874,0.0889999999999999,0.0871200938318702,0.0862986197520718,0.086495735361435,0.0889343277744768,0.0902902729037507,0.093,0.094889538703634,0.0955716922734665,0.0961120474080509,0.0936677186860076,0.0888496933541134,0.082,0.0760227737890699,0.0705234797005677,0.0643484150094107,0.0586229886115651,0.0515255204433825,0.045,0.0391620257531135,0.0338438053662574,0.0289125800844292,0.0219962569132479,0.012907991863721,1.0105496686365867e-16,-0.0122221737954613,-0.01915012960585,-0.0232522214656438,-0.0260232965393819,-0.0284428268095635,-0.0299999999999999,-0.0315912565902892,-0.0334597072817031,-0.0348518314273236,-0.0368101448425259,-0.0382012709964682,-0.039,-0.0391011060678329,-0.0384123262190572,-0.037088243898788,-0.0354572475077629,-0.0348798390390779,-0.0330000000000001,-0.0303648273366906,-0.0287679144197388,-0.0265552987161808,-0.0239889268591823,-0.0215035916484,-0.019,-0.0164637220193453,-0.0141902294919907,-0.0103850251619517,-0.0047451639223948,-0.0002071055687555,0.003,0.0033296615893189,0.0011338093944078,-0.00219085380142,-0.0069064187726239,-0.0106457542534905,-0.014,-0.0173817399033352,-0.0205933565609266,-0.0240415338273014,-0.0274738408617506,-0.0318710821662071,-0.035,-0.0374246862114191,-0.0401118581796365,-0.0426486138628487,-0.0466049046096814,-0.0496506919617109,-0.0579999999999999,-0.0755255383577634,-0.0895351080891558,-0.0974857781224248,-0.1047228122954885,-0.1083124595001576,-0.108,-0.1050317483566424,-0.0988554480676632,-0.0910567041921204,-0.0777586303062161,-0.0609673515389505,-0.0509999999999998,-0.0451625459048944,-0.0401216469909145,-0.0381969983398896,-0.0381363988071727,-0.0392810095689777,-0.0410000000000002,-0.0442785351625681,-0.0471537881184272,-0.0499747690947007,-0.0549565503047167,-0.0571485382370926,-0.057,-0.0526595420385037,-0.0435313305410225,-0.0343844645609696,-0.0213151906110901,-0.0106130069944081,-0.0079999999999999,-0.0063682718396574,-0.0047434165734969,-0.0026279797206072,-0.0027208555013457,-0.0083947426640638,-0.0150000000000001,-0.0201205001632682,-0.0242810299339112,-0.0289205492813125,-0.0338689749997132,-0.0377459971653594,-0.0419999999999999,-0.0463086214387952,-0.0491408718415641,-0.051346591617281,-0.0542934267546988,-0.0576199577406558,-0.0600000000000001,-0.0616815873605236,-0.0629462794462441,-0.0623585708051778,-0.0598425889073519,-0.0561439406923831,-0.0509999999999999,-0.0458636651235658,-0.0421232541027308,-0.0397424153989347,-0.0386877089026881,-0.0377505156017867,-0.036,-0.0342471480506504,-0.0333095313645288,-0.0324535010933244,-0.0318954430939567,-0.0319826157158744,-0.031,-0.0293137197742147,-0.0277130954806838,-0.0259238128888478,-0.0245249556902525,-0.0239605352880462,-0.0240000000000001,-0.0239503072466172,-0.024621496619279,-0.0252164832506478,-0.024857836992756,-0.025073780301067,-0.025,-0.024893640971043,-0.0256829362718401,-0.026219376467571,-0.0256410256479434,-0.0249562170098643,-0.0250000000000001,-0.0234274006957114,-0.0220392462067928,-0.0217899314544075,-0.0204235484473317,-0.0199856631952755,-0.019,-0.0172088494883413,-0.016395412353233,-0.0153828845171346,-0.0147110044567016,-0.0122749936054479,-0.008,-0.0045061818217645,-0.0032750092286297,-0.0064567795083311,-0.0126433807787351,-0.0192678413361332,-0.0250000000000001,-0.0315115378417357,-0.0382885513187685,-0.0415621495694657,-0.0442566674149555,-0.0476263054919973,-0.0510000000000001,-0.0560055354075457,-0.0597137394204657,-0.0588796019859852,-0.053400068474983,-0.0468067426770061,-0.042,-0.0378357048849881,-0.0336575790644272,-0.0296999838475428,-0.0273493432648028,-0.0270146922095099,-0.0269999999999999,-0.0269028854376121,-0.0281197343726964,-0.0302216138792943,-0.0314285949598015,-0.0336020226142688,-0.037,-0.0396124036339085,-0.0406198500661194,-0.0376386057988487,-0.0312778349294925,-0.0248041450755721,-0.02,-0.0166568444622702,-0.013267388472591,-0.0104162988806554,-0.0079058158451993,-0.0041543548604802,1.0105496686365867e-16,0.0033387737533413,0.0071447531482498,0.0117289876738731,0.0153036663405084,0.0187255065114042,0.0219999999999999,0.0244500333071904,0.0276085562062923,0.031003435008689,0.0343795949181696,0.0375722669163396,0.04,0.0418054326639791,0.0421433460231701,0.04168064893021,0.0401898426914326,0.0374523178127293,0.035,0.0317668872084075,0.0281518832241732,0.0254838100199829,0.0230093796145429,0.0204439419912881,0.017,0.0135378650044903,0.0110858756492284,0.0080466616353854,0.0048015488456653,0.0026442740494104,0.0009999999999999,-0.0007021759841021,-0.0017972900481948,-0.0023554147144588,-0.0034930661557216,-0.0039944913494442,-0.0039999999999999,-0.0048636119850793,-0.0050668158358559,-0.0052278969441204,-0.0066949181737876,-0.008250229735027,-0.009,-0.0097660477220529,-0.010844615751663,-0.0109376449146753,-0.01127993187567,-0.0121039601253636,-0.0119999999999999,-0.0112583460098334,-0.0096684104993177,-0.0080868411879157,-0.0060707701148279,-0.0034702134858086,-3.473764485938267e-17,0.0050734456113366,0.0091478712019555,0.0154619701194581,0.0301855781719081,0.0576722955389018,0.099,0.1512514632170887,0.2148354151146551,0.2926156790815626,0.3852584954105432,0.4810044857337935,0.577,0.6557279208246737,0.6779276698263783,0.6641721926374321,0.6018740947329425,0.4554954605142809,0.2889999999999999,0.1265479413023383,-0.0063917382920899,-0.0547978494996907,-0.066164664415394,-0.0483347391535688,0.0049999999999998,0.0391656230356775,0.0540780565728572,0.0512184015940489,0.0296315071287114,0.0076587894224587,-0.0129999999999999,-0.0231305616034386,-0.0277036486199136,-0.032677322707662,-0.0347880673135202,-0.0374624712995776,-0.0379999999999999,-0.0387485782623958,-0.0391988703223129,-0.0392376908081396,-0.0401484482930085,-0.0386452029600207,-0.0380000000000001,-0.0365583877236665,-0.0338702492192376,-0.0315833610040725,-0.0290648194070008,-0.0261814396223353,-0.02,-0.0167816409135471,-0.0194243207439338,-0.0237501597562985,-0.0290818591251849,-0.0324994973910498,-0.0349999999999998,-0.0375896914760541,-0.0394221904016427,-0.0403835873342248,-0.039461772035197,-0.0374739405034809,-0.0330000000000001,-0.0270660858319889,-0.0220435394951071,-0.0166565264284414,-0.0103986718483893,-0.0036940528280228,0.002,0.00700196585358,0.0115990742030139,0.0146527743683858,0.016774050900003,0.0182719295416706,0.0199999999999999,0.0224874346368324,0.0249915801467189,0.0275638059478022,0.0296847339015614,0.0298800502015246,0.0289999999999999,0.0282459589012292,0.0266455739430557,0.025381752501169,0.0246938251104425,0.0238606368812286,0.0229999999999998,0.020589827729759,0.0179007465206226,0.0157451919408187,0.0151300254655038,0.0176905841741151,0.0219999999999999,0.0284985682761948,0.0363324715865942,0.0466733647744357,0.0581874719247992,0.0635856834853518,0.066,0.0686529884559124,0.0701650123289025,0.0725877790733117,0.0746973107464446,0.0763716440464731,0.0779999999999999,0.0787977937809712,0.0802430335238365,0.082063071413381,0.0836105729342066,0.0854161337213691,0.088,0.0905907654757228,0.0923657543861277,0.0939705862388873,0.095808419588745,0.0986579230554818,0.1019999999999999,0.1052538978459273,0.1093353684678019,0.1131707677200326,0.1162171343938377,0.1197417485506074,0.1229999999999998,0.1254495944700042,0.128633087162914,0.1317029415467602,0.1338646371329059,0.1365762144105761,0.1389999999999999,0.1413265806876349,0.1456850193009889,0.1516612848858216,0.1567738852834857,0.1593246329977405,0.16,0.1585855501476717,0.1552543721974749,0.1524684813339605,0.1498222671860048,0.146278329987186,0.1429999999999999,0.1396854655682583,0.136708627962909,0.1353746385340292,0.1349421090914169,0.13656113216177,0.14,0.1425127372793385,0.1455141286242202,0.1491163711199282,0.1521887753790504,0.1541652293127751,0.1519999999999999,0.1442120324909211,0.1319418046769818,0.1206351652815595,0.1108795747327621,0.0984079979691646,0.087,0.0770271914980558,0.0677525161271917,0.0615516271321845,0.0554774443214127,0.0500891906885535,0.0459999999999999,0.0417960418852062,0.0377778754819989,0.033298571504598,0.0297024641586118,0.0262570493574027,0.0230000000000001,0.0206226262238857,0.0167713566037542,0.0124833077922605,0.0082825032416418,0.0042466199760308,-4.1053580288361336e-17,-0.0065242441491299,-0.0139550302574996,-0.0216598507869935,-0.0284930128395287,-0.0342041684967263,-0.0410000000000001,-0.0469578218639962,-0.0525058295562681,-0.0584465585354468,-0.0623331440850796,-0.0656811897814105,-0.0679999999999999,-0.0687369988119089,-0.070473815589287,-0.0711153429143595,-0.0712099720071882,-0.0720582098122889,-0.071,-0.0707956067783983,-0.0713803439023501,-0.0701943300890765,-0.0703058943408086,-0.0710592659500336,-0.071,-0.071726240309587,-0.0733258996284979,-0.0747446651344713,-0.0749838596597667,-0.0750413616669551,-0.075,-0.0741851375315264,-0.0733277872384619,-0.0724920489402062,-0.0716802812839095,-0.0708235223444617,-0.07,-0.0691746599874229,-0.0683310298896833,-0.0674625909063283,-0.0668650960385732,-0.067042260153056,-0.0669999999999999,-0.0677473933049935,-0.0683756693648592,-0.0672417254180583,-0.0671171659170454,-0.0668197411732915,-0.0659999999999999,-0.0660573838853653,-0.0653641020991497,-0.0645392542361883,-0.0635814510667821,-0.062920283617898,-0.0619999999999999,-0.0601929462946448,-0.0599755610963793,-0.0595938692246982,-0.0588355291792178,-0.0589992986353825,-0.0579999999999999,-0.0563169189530395,-0.0546932597436431,-0.0529756036480364,-0.0513519750930796,-0.0496508775132736,-0.0479999999999999,-0.0470902539428225,-0.0464760897102273,-0.0452732430697466,-0.0450720060534189,-0.0448470693697102,-0.0440000000000001,-0.0440370533614244,-0.0433792619850504,-0.0425885946596643,-0.0412368644490115,-0.0384238374655234,-0.0359999999999999,-0.0348011598803279,-0.0382123139167302,-0.04542524993102,-0.0508026589606936,-0.0548789667595828,-0.0599999999999999,-0.0650860036717237,-0.0694408993111369,-0.0726957728127238,-0.0723613283508339,-0.0693554786293021,-0.066,-0.0618389232422476,-0.0577846833188206,-0.0527183916941356,-0.0466714262293347,-0.042285708259478,-0.0399999999999999,-0.0405958888942869,-0.0429408908077265,-0.0456354329865029,-0.0475395812994049,-0.0481565859439178,-0.0499999999999999,-0.0518145298646813,-0.0526086486003925,-0.0535879096311524,-0.0542500798687729,-0.0552182674198536,-0.0560000000000001,-0.0567654838582629,-0.0578337307923574,-0.0579924143386902,-0.0580691473155509,-0.0578892963262491,-0.057,-0.0561624921933383,-0.055326504928733,-0.0545210723267359,-0.053634795755665,-0.0528661014489411,-0.052,-0.0503694714084132,-0.0486278024987272,-0.0470242208895183,-0.0454090867947768,-0.0451269149222478,-0.047,-0.0495336101620943,-0.0518989935997011,-0.0548977389740498,-0.0585173202993109,-0.0629270295674169
-0.066,-0.0624823026072028,-0.0546219255437091,-0.049143680302967,-0.0456504827200081,-0.042359337879087,-0.039,-0.0355368533798607,-0.0335493041023031,-0.0320282284049496,-0.0304941605146578,-0.0299020605230532,-0.0289999999999999,-0.0280875136922356,-0.0279112116062667,-0.0283530574380931,-0.029565740606096,-0.0314362521372391,-0.034,-0.0365192196723192,-0.0390093922091856,-0.0412000371721236,-0.0424982832561731,-0.0444882886737881,-0.047,-0.049457827683919,-0.0521256925090336,-0.0540547935057402,-0.0555667663606766,-0.0558786665643287,-0.0539999999999999,-0.0507749166661935,-0.0466631705979504,-0.0425613334233659,-0.0382148000271543,-0.0343345827003705,-0.031,-0.0260388774474387,-0.0214906867139839,-0.0175978846960169,-0.013440950119939,-0.0104223126203067,-0.007,-0.0043145357029635,-0.0027890851097628,-0.0008060963415932,0.000337306770862,0.001186775430473,0.0019999999999999,0.0028370819157088,0.0031904950092943,0.0027743003550656,0.0033293609846342,0.0042001296762966,0.006,0.0078220890989927,0.0085687350886056,0.0096647419327972,0.0101511376744853,0.0113044745166436,0.0119999999999999,0.0118394259063231,0.012902104774081,0.0125345545894726,0.0118007224083648,0.0105917340995366,0.0079999999999999,0.005607020910041,0.0021833342493145,-0.0001043925972225,-0.0018753814069886,-0.0044421589174306,-0.0059999999999999,-0.0084131369690164,-0.0110868026149398,-0.013471420142048,-0.0158486796714822,-0.0172533622021682,-0.0189999999999999,-0.0214487326035493,-0.0245283878590245,-0.0284150572258649,-0.0327469670026609,-0.0367304548309478,-0.0399999999999999,-0.0426305088350331,-0.0438508763720454,-0.0440555620360305,-0.0439519022039472,-0.0440401580858584,-0.044,-0.0432223842079423,-0.0418122646311468,-0.0395937775576285,-0.0366757658312986,-0.0319583336512893,-0.0279999999999999,-0.024595178643571,-0.0103687807511075,0.0199045096679735,0.0620967506156222,0.1141866348191025,0.1759999999999998,0.250249226144064,0.3402758774808547,0.4420267992801399,0.5455380501234944,0.6269553076176899,0.6629999999999999,0.6617362459805337,0.6145509874423727,0.5033241022735145,0.3558817118422551,0.1990103536086908,0.066,-0.0119496911638347,-0.0484496440116561,-0.0493323395991983,-0.032653852374352,-0.0234993282186598,-0.0139999999999999,-0.0088218683695893,-0.0118386760324412,-0.0182692944310826,-0.0253435910802275,-0.0271170370222586,-0.029,-0.0308527121849496,-0.0320834251266496,-0.0339566173918756,-0.0339999284972049,-0.0353293999523417,-0.0359999999999999,-0.0374746276735051,-0.0392059021741056,-0.0385947739811796,-0.0394291633197217,-0.0386150370721068,-0.037,-0.0355727753272568,-0.0322127496329854,-0.0295426614912036,-0.0267555893103742,-0.023305168651157,-0.02,-0.0174576949581008,-0.0149735092574091,-0.0131357524436233,-0.0129148666939493,-0.0117027307022495,-0.011,-0.0103015315980439,-0.0090532982342551,-0.0091461901682602,-0.0087123529023482,-0.0077667520287256,-0.006,-0.0050296985126956,-0.0041468286043782,-0.0010735614236019,0.0002229088656148,0.0014227870801217,0.0039999999999999,0.0057028119148314,0.0072860903746262,0.0093105068745946,0.0121665465158177,0.0143826127506551,0.0169999999999999,0.0204326643708979,0.0233054811158619,0.028604481888024,0.0359452503707148,0.04198950112979,0.0449999999999998,0.0466009304670166,0.0485427443933849,0.0493771974629322,0.0506899261827858,0.0521988767747177,0.0529999999999999,0.0546964779364064,0.0556963517547783,0.0568660793163798,0.0585526066507028,0.0591202664566506,0.0609999999999998,0.0643014185060587,0.0681606443844377,0.0727325153529068,0.0762881195573141,0.0797450972527086,0.0829999999999999,0.0847057448502192,0.0863317938297745,0.0879429233231755,0.0897853798975418,0.0911631646434534,0.0919999999999999,0.0944693089252251,0.0964741046573198,0.0981687094236442,0.1013803517055143,0.1046356057475798,0.1079999999999999,0.1113448684868635,0.1146946359707597,0.1176679434908837,0.11987065346245,0.1226272072251959,0.126,0.128652552676073,0.1301983552532245,0.1325529535262451,0.1346933969985779,0.1364473471905406,0.1389999999999999,0.140603080359616,0.1435298235870934,0.1467002268600022,0.1491054318332278,0.152669959662468,0.1549999999999999,0.1582185788657631,0.1613302189090791,0.1631837212845249,0.1662405783232748,0.1683792882529961,0.171,0.172886457766129,0.1735186440539351,0.1744371936264735,0.1734730970343994,0.172984402045819,0.1719999999999998,0.1701850582155424,0.1694818119448763,0.1679753175154964,0.1664226995229083,0.1645557421032266,0.1620000000000001,0.1586904860954279,0.155816713773503,0.1533997115800986,0.1493365250572232,0.1465415536180297,0.1429999999999999,0.1386827149522302,0.1339540206957765,0.1215257009240757,0.1060427820316222,0.0922417445824153,0.079,0.06952795549556,0.0619943352269864,0.054808667681182,0.0484746386073962,0.0415387882601317,0.034,0.0264923531971104,0.0189716704328564,0.0120041897296505,0.0075264807776396,0.0043374063367586,0.0009999999999999,-0.001539583638022,-0.003967127231184,-0.0065154999011402,-0.0089992392295936,-0.0114956324114214,-0.0139999999999999,-0.0164907921015506,-0.0194335858065654,-0.0235985643983281,-0.0273611801352681,-0.0307520855993197,-0.0349999999999998,-0.03846869780951,-0.0409759886890448,-0.0435649978605248,-0.0458088084122507,-0.0472141439266358,-0.0479999999999998,-0.0488144753559382,-0.04969921532145,-0.0504561002918823,-0.0513840113747105,-0.0521210914580537,-0.0529999999999998,-0.0546594509376366,-0.0562735023878488,-0.0583920933335869,-0.0610390584538792,-0.0635038489863232,-0.0659999999999998,-0.0677083281485926,-0.0693338340586925,-0.0706809790205095,-0.0712192473090873,-0.0722251759500513,-0.073,-0.0730874903834978,-0.0723182644272954,-0.071893453431855,-0.0718641650432606,-0.0708136470164951,-0.0709999999999999,-0.0711412653474981,-0.0707117121916023,-0.0716681089669049,-0.0719907673896163,-0.0720433959496991,-0.0719999999999999,-0.0718832179516204,-0.0727358132245478,-0.0730879559940646,-0.0729628545405689,-0.0730222402616072,-0.0729999999999999,-0.0722235707143887,-0.0712597169580655,-0.0705488279145202,-0.0697719070505064,-0.0701251139537475,-0.07,-0.069077393131935,-0.0689981350660882,-0.0689532087497087,-0.0690663223937862,-0.068947188796422,-0.0689999999999999,-0.0691234618272366,-0.0682365993980848,-0.067994967723674,-0.0677761109869458,-0.0668612370102967,-0.067,-0.0671353683767446,-0.0662370910551885,-0.0659762629026016,-0.0658144388950807,-0.0647875005111912,-0.0639999999999999,-0.0631466843930104,-0.0628648676678521,-0.0631099263474125,-0.0629409183243849,-0.0629732152327492,-0.062,-0.0610223621113623,-0.0610947783513009,-0.0605822258223727,-0.0596014760930323,-0.0589358564325307,-0.0589999999999999,-0.0582681199482564,-0.0571808557624063,-0.0566698861783228,-0.0555152230453125,-0.0549289206317275,-0.054,-0.0530047587476203,-0.0531645083679917,-0.05242117028796,-0.0519740433401956,-0.0519094512720088,-0.051,-0.0508637340253587,-0.0517289315063798,-0.0521099832120447,-0.0519604321572581,-0.0519585837249241,-0.0510000000000001,-0.050066705566914,-0.0495578622749825,-0.0478996374738442,-0.0466203548734822,-0.0458212297493258,-0.045,-0.044249401171519,-0.0426674356758454,-0.0412942955263962,-0.0409643644194076,-0.0409964837188608,-0.0410000000000002,-0.0417632816155006,-0.0427753259847062,-0.0433662988218293,-0.0444795032665689,-0.0450141509864384,-0.045,-0.045079954821352,-0.0443508958590597,-0.0435636759241278,-0.0424173071928021,-0.0407014922641094,-0.0400000000000001,-0.0393010944293974,-0.037572385797805,-0.0364597538110375,-0.035604903077454,-0.0350032672724374,-0.0359999999999999,-0.0369080918836482,-0.0375239652155827,-0.0389327142806726,-0.040733953405463,-0.0422289417435752,-0.043,-0.0438657988067308,-0.0440988762998343,-0.0439676619341044,-0.0438475726011643,-0.042762073607471,-0.0419999999999998,-0.0412095102259605,-0.0402831375700756,-0.0395078570303363,-0.0388295110084027,-0.0390681172311647,-0.039,-0.0389586525866358,-0.0390468938601628,-0.0389983999947874,-0.0388276735422829,-0.0377749333779878,-0.0369999999999999,-0.0361727661014284,-0.0354342125385291,-0.0337276657292194,-0.0310541911611139,-0.0297373518529073,-0.027,-0.0235431446007088,-0.0209905826434646,-0.0187869446622807,-0.0174853897055681,-0.0155937901420586,-0.014,-0.0116777915167989,-0.0082392916940749,-0.0050987666268328,-0.001711851124283,0.0002967273365077,0.0019999999999998,0.0037411541397404,0.0048397855911248,0.0044400488234269,0.0020284834645226,0.0008406990050254,-0.0010000000000001,-0.0036107815223808,-0.005731167873781,-0.0091635669346666,-0.0119856799881707,-0.0145523488219921,-0.017,-0.0186815723023078,-0.0202820837509788,-0.0223799216898269,-0.0249230372435007,-0.0262055175576849,-0.028,-0.0305246033624252,-0.0329904677906766,-0.0352022452222622,-0.0365538190443348,-0.0383252243788363,-0.039,-0.0397637359284634,-0.040297379528291,-0.0396792650360301,-0.0402962874671658,-0.0397614871056913,-0.039,-0.0390266955837033,-0.0389521998110935,-0.0390017844484678,-0.0392037729563074,-0.0401291045899963,-0.0399999999999999,-0.040796481254676,-0.0406657391121663,-0.0395409164820662,-0.0401685273574295,-0.0385880649077797,-0.0380000000000001,-0.0373723317389954,-0.0360258323008348,-0.0355673548773391,-0.0327573859608317,-0.0305802055959088,-0.027,-0.0236076705444052,-0.0182963394554461,-0.0052702445189559,0.0182637415879279,0.0561042685665154,0.0949999999999999,0.1409061248316662,0.1996782661005411,0.2676352465899332,0.3541975866265496,0.4437755391038191,0.5349999999999999,0.6032501641292669,0.6179474058435492,0.6008540700819504,0.5230414601977089,0.3810610196545045,0.2199999999999999,0.0656023957816197,-0.0353640481206649,-0.0822737327681862,-0.0877829747103113,-0.062991074090592,-0.05,-0.0421785979192876,-0.0334212150394283,-0.0300496034031943,-0.0253232281318703,-0.0252099496523428,-0.024,-0.0228396069026841,-0.0228559606101654,-0.0209503705825567,-0.0210098756414844,-0.0181841837503893,-0.0149999999999999,-0.0125592383109298,-0.011107124817889,-0.0146689848173731,-0.0203463224346504,-0.0260315267301059,-0.0299999999999999,-0.0341066185391346,-0.0379282587809052,-0.0405804977482617,-0.042362596423529,-0.0403406451774234,-0.0359999999999999,-0.028670168540096,-0.0216273672484381,-0.0181144476758453,-0.0144949625156118,-0.0114905495612485,-0.009,-0.0065420442065751,-0.0033514106896118,-0.0006252373856634,0.0004467438504657,0.0023868039294684,0.003,0.0029284431841073,0.0030823361941273,0.003212586572879,0.0045379125582413,0.0050678669663684,0.0059999999999999,0.0061775421842658,0.0056673718391633,0.006687961441953,0.0071100302609735,0.0083685589133081,0.01,0.0115588301783858,0.0135975772752745,0.0143255752223603,0.0157243029004474,0.0171874269349841,0.018,0.0196511422998162,0.0213009631979005,0.0231153613274543,0.0243615974504256,0.0252505216064979,0.0269999999999999,0.0279519814765827,0.0284096247262034,0.030380361979072,0.0330426213896912,0.0354891261939003,0.038,0.0404951088717304,0.0430262792449305,0.0454259729978496,0.0482278017860301,0.0517017127431547,0.055,0.0583051057532025,0.0617484374424256,0.0646146503239935,0.0669332089648388,0.0694985614325671,0.071,0.0716734893113659,0.0739921960593094,0.0760908005892766,0.0778175206187817,0.08055623942404,0.0830000000000001,0.0861609181626981,0.0908857742004838,0.0961224006925098,0.1008492535092168,0.1061801704719386,0.1119999999999999,0.1162244056551124,0.1203494868445307,0.124109844275577,0.1274327628674433,0.1320075903780948,0.1380000000000001,0.1462869962592113,0.1538083611236097,0.1587493811733012,0.1620639067704748,0.1630971194799002,0.164,0.1656655374301997,0.1673283689402757,0.1689909219779486,0.1707110660933369,0.1722348077208645,0.173,0.1738968202278437,0.1735780511257694,0.1722776131135188,0.1718559609528823,0.1706765227402515,0.169,0.16664735945469,0.1632581416931769,0.1601612542122255,0.1563325728027626,0.1522551078952721,0.1490000000000001,0.1457116042934194,0.1418390135599596,0.1369828671141326,0.132206191985846,0.1282028368319143,0.124,0.1205249528679035,0.1180684675371085,0.1151438520559619,0.1114125695920423,0.1071529272339982,0.1029999999999999,0.0973720842639346,0.0905357704263833,0.0839668736845473,0.0752294081088598,0.0645720802709033,0.046,0.0195119886463976,0.0035278906928617,-0.0014937932180098,-0.0055700758993285,-0.0085822463794846,-0.012,-0.0138667910624753,-0.0150371665552623,-0.0173285704328587,-0.0183576887021607,-0.0205868490249312,-0.0229999999999999,-0.0245581501247256,-0.0270780238429465,-0.0290634739961462,-0.0306637303097018,-0.0323215295069689,-0.034,-0.0356922396268512,-0.0372795162434521,-0.0390754799629542,-0.0405835279522018,-0.0424015555485182,-0.044,-0.0447803574535778,-0.0463063918348773,-0.0476961114271895,-0.0481993196098161,-0.049249837746341,-0.05,-0.0499520759346064,-0.0505898095525529,-0.0515455863215093,-0.0523120598183475,-0.0531717748026599,-0.054,-0.0548449555688162,-0.0556050859491136,-0.0568613944868325,-0.0587814466922306,-0.0602053273729952,-0.0609999999999999,-0.0625717916249778,-0.0645273632393685,-0.0654624546141141,-0.0664396394507895,-0.0670171153099525,-0.067,-0.0678400757982477,-0.0681400494576997,-0.0678616110672002,-0.0682457181858679,-0.0692113747056231,-0.0699999999999999,-0.0707214023322879,-0.072416237219477,-0.0735091592063299,-0.0745691314679359,-0.0762846366948264,-0.0769999999999999,-0.0777991456966998,-0.078682536139742,-0.0795558162125184,-0.0800787876648041,-0.0800558543767033,-0.0810000000000001,-0.0811642790176357,-0.080239587346138,-0.0798897523109288,-0.0801102471503973,-0.0798577006618344,-0.0789999999999999,-0.0790038830290195,-0.0784526093332933,-0.0774692320349493,-0.0764798824513557,-0.0746793860812011,-0.0739999999999999,-0.0732482794780695,-0.0722222224744272,-0.0715776927677896,-0.0707651799441554,-0.0711100381739921,-0.0709999999999999,-0.0708948009539903,-0.0712007180436377,-0.0707093937385191,-0.071454025084909,-0.0719908972301388,-0.0719999999999998,-0.0728762372369182,-0.0730654367915241,-0.072985935067747,-0.0729757855082152,-0.0730396189821289,-0.073,-0.0721395492635658,-0.0719245305795601,-0.0717644496766555,-0.0704453365508889,-0.0700305521978363,-0.0699999999999999,-0.0691220937410572,-0.0689360189061041,-0.069003849037238,-0.0690585290846294,-0.0688788081233817,-0.068,-0.0679804260860469,-0.0675113246525646,-0.06634805150149,-0.0657751498244102,-0.0647787998732579,-0.0639999999999998,-0.0632115230986861,-0.0622614508821392,-0.0615770588080637,-0.0606049994641954,-0.0598656695700258,-0.0590000000000001,-0.0581448890903319,-0.0573511612552294,-0.0565332979293175,-0.0554467940540163,-0.0536939881765845,-0.0529999999999999,-0.0515461926722539,-0.0487971486352211,-0.0470598887633638,-0.045221780896196,-0.0437926409725756,-0.043,-0.0429065054650779,-0.0431747075293443,-0.0427443302019278,-0.0434060749743081,-0.0440737590348747,-0.0449999999999998,-0.0467768305264973,-0.0475594124672782,-0.0490307760064955,-0.0504011978078022,-0.0511914489918949,-0.0519999999999999,-0.0519520846696019,-0.0526561329374994,-0.0531449668417021,-0.0529482429879559,-0.052996853364442,-0.0529999999999998,-0.0537930572294781,-0.0546914945220138,-0.0555158599012448,-0.0562651502311055,-0.0572905994407793,-0.0589999999999999,-0.0598794991170303,-0.0606646148350248,-0.0611978837194783,-0.0607508231340646,-0.0597265056382542,-0.0579999999999998,-0.0563720511711871,-0.0540810881251757,-0.0515018116926577,-0.0487907245311727,-0.0453571365409087,-0.043,-0.0405548846993634,-0.0383474037705879,-0.0376757670620751,-0.0363134326283467,-0.0347636877563626,-0.034,-0.0332141294989575,-0.0318149913566361,-0.0295611337050957,-0.0269607047510238,-0.0245323926259769,-0.0220000000000001,-0.0187018375816503,-0.0153026182332656,-0.0120092251365723,-0.0086869544976683,-0.0052912132965373,-0.0019999999999998,-0.0002457933075575,0.0012433805597382,0.0030380580974367,0.0048079131805218,0.0075807980722204,0.0099999999999999,0.0124381455174849,0.0151003925739232,0.0173884508639011,0.0200954262733977,0.0224434995234308,0.025,0.0275875593980362,0.0293992807100291,0.0306810928655434,0.0310634573050844,0.0309278261597353,0.0299999999999999,0.0283934647471585,0.0260785445013829,0.0234748327609424,0.0208504074265521,0.0172566699390003,0.0139999999999999,0.0107192022776448,0.0072684804139191,0.0040025141718465,0.0009715788239335,-0.0001527146042135,-0.0020000000000001,-0.005309922331759,-0.0091428054549814,-0.0137435261383228,-0.0173081195692437,-0.0206660605552228,-0.023,-0.0238785197613991,-0.0241430001937284,-0.0238614890899425,-0.0239978629177317,-0.0225933610521268,-0.0209999999999999,-0.0195055051784593,-0.0168210424408692,-0.0150610677866276,-0.0132109526590785,-0.0117703449436932,-0.01,-0.0074342444096606,-0.0051664895136881,-0.0022627283950786,-0.0001627523330852,0.0041064360947449,0.0089999999999999,0.0152451686216979,0.0370848106477157,0.0756183243668899,0.1253445560084531,0.1889023298628031,0.2669999999999999,0.359072946333671,0.4625872161615509,0.570823361944184,0.6623567372318663,0.706492100566508,0.7029999999999998,0.6526058532308003,0.5268934281060405,0.3465564303866573,0.1608210544973225,0.0018814938921673,-0.081,-0.0968441577774274,-0.0775847249440057,-0.0167331697725569,0.0363864494843007,0.0557457464867161,0.0649999999999999,0.0506211466693721,0.0218936302374394,-0.0005240087962428,-0.0138468155632918,-0.0160407915486236,-0.018,-0.0199693504530235,-0.020360967630128,-0.0218727103209412,-0.0218792800138381,-0.0220735747455786,-0.0219999999999999,-0.0220142328225841,-0.0210264374138143,-0.0183770185820079,-0.0160759738089466,-0.0135261647882851,-0.012,-0.0104123291274076,-0.0085554738947544,-0.0071002543175798,-0.0052748438829737,-0.0036759313982471,-0.002,-0.0011216381350341,-0.0003181024915844,0.0001128766665047,0.0001205314774749,0.001241587816839,0.0019999999999998,0.0028486950704217,0.0030916026533235,0.0032466195847635,0.0044897988997108,0.0050993444051315,0.006,0.006831194036625,0.0081836278756864,0.0100831111767846,0.0117950546729268,0.0145309349525979,0.0160000000000001,0.0174772739795581,0.0201748912215663,0.02197538621502,0.023730036204508,0.0252843721183258,0.027,0.0287636902471232,0.0296778577312916,0.0305201320295263,0.0313024276251403,0.0321909415808055,0.033,0.0337671812539098,0.0352630058626065,0.0370569788190503,0.0386194507232217,0.0403648149779003,0.042,0.0436074748432795,0.0455075805922853,0.046429968864979,0.0476367032539632,0.0492347631517264,0.0499999999999999,0.0516193164684881,0.0533115377653922,0.0554020487625083,0.0578549907154953,0.0593121948398264,0.0620000000000001,0.0660286948858234,0.0719517161879526,0.0796890118467271,0.0866855348752355,0.0933047023658142,0.0989999999999999,0.1032375295693758,0.1068027350022322,0.1095598085904079,0.111974886556513,0.1145102471640856,0.117,0.1194900162984011,0.1220166632644176,0.1244959009686723,0.1268846090319465,0.1281553919685391,0.1289999999999999,0.1306116250097285,0.1328756597100038,0.1355983578289331,0.1383245103984931,0.1460899931543247,0.1559999999999998,0.1581472219930979,0.1582727043429106,0.1598537703792151,0.1600730347912028,0.1613097163983781,0.1619999999999999,0.1619277289493692,0.162567446495389,0.1639025974862775,0.1656923400356816,0.1673910308970985,0.1699999999999999,0.1725465360797397,0.1749546543538303,0.1774753169370176,0.1803244604431321,0.1850189249016345,0.1889999999999998,0.1894023283513156,0.1860224635029571,0.1808707134951074,0.1762573263163048,0.1722022930283594,0.1679999999999999,0.1630675192893494,0.1574586199165958,0.1511223816446542,0.1438999507946389,0.13367054034548,0.122,0.1127580357676928,0.1036234572878833,0.0950091430878746,0.0861710643034665,0.0744194247853847,0.059,0.0402727963827312,0.0281928725642702,0.023574450989968,0.0193743330889814,0.0164741377318006,0.0129999999999999,0.0095632469636488,0.0064584230045075,0.0031603128509454,0.0012715099090438,-0.0016957106745642,-0.005,-0.0096649463970195,-0.01702115642965,-0.0241495364130418,-0.0304284569611118,-0.0360992314897522,-0.0410000000000001,-0.0443302244557973,-0.0483401592363969,-0.0513341952137141,-0.0503385236124173,-0.0485511938723466,-0.044,-0.0379534477855193,-0.0337001891418641,-0.0293824305690504,-0.0254693878235645,-0.021091296271441
-0.0179999999999999,-0.0185677062910417,-0.0214386130536898,-0.0255137922816909,-0.0296501601758597,-0.0337967592250225,-0.037,-0.039493397596019,-0.0419783848541876,-0.0448416818601854,-0.0483106915218323,-0.0502847684937854,-0.0519999999999998,-0.0537851738870728,-0.0546382787827514,-0.0555677221446109,-0.0562586139600637,-0.0572211448687657,-0.0579999999999999,-0.0580376126301274,-0.0578912318442694,-0.0584762918593879,-0.0591222814837133,-0.0590405498447877,-0.0599999999999999,-0.0600923549772273,-0.0603637086745335,-0.0617848453396511,-0.0622147770915986,-0.0646827582682234,-0.0679999999999999,-0.0719559322125731,-0.0771961719527199,-0.0816866639938083,-0.0874825794021507,-0.0929528828705325,-0.0969999999999999,-0.0989553438731324,-0.098907467914671,-0.0991132485515182,-0.0991540391448511,-0.1016255022875881,-0.102,-0.0957701749768232,-0.0853066982962909,-0.0720015287507316,-0.0635983420375458,-0.0604669366029426,-0.0579999999999999,-0.0563720721685225,-0.0544662692126799,-0.0536575830194603,-0.0522267513964962,-0.0509275416468994,-0.051,-0.0500685074172357,-0.050604167827459,-0.0511051753265051,-0.0511899420978021,-0.0521249040521892,-0.052,-0.0526887484689404,-0.054341486849266,-0.0560105821321987,-0.0576251725632852,-0.0593874887795841,-0.0609999999999998,-0.0617688083519559,-0.0633612954229857,-0.0645585495294951,-0.0655317804941741,-0.0673055778701008,-0.0679999999999999,-0.0687828908620332,-0.0693611539375452,-0.0677667574839707,-0.0647021996146283,-0.0612729529700987,-0.0569999999999998,-0.0526937763161093,-0.0494523717131429,-0.0454986876656471,-0.0414274363535979,-0.0370444185457625,-0.0329999999999999,-0.0320101546025955,-0.0319058885733259,-0.0327103538633148,-0.0349763999355422,-0.037520310988076,-0.0400000000000001,-0.0437466785735433,-0.0511942107117233,-0.0566588367142208,-0.0588833381238194,-0.0614021178967817,-0.0619999999999999,-0.0634720236314949,-0.0656555824946059,-0.0663631012454032,-0.0674752863591711,-0.0680433150939266,-0.0679999999999999,-0.0671779267912751,-0.0668521568892612,-0.0668622481184319,-0.0652490131442549,-0.0637214910064804,-0.0619999999999999,-0.0603265549097968,-0.0581643050267917,-0.0555969605889286,-0.0548098207023506,-0.0537209431226493,-0.053,-0.053058254162992,-0.0528522261109626,-0.0532439173672553,-0.0525809497544933,-0.0519893893707809,-0.052,-0.0511512231466495,-0.0508656902026226,-0.0511531352347317,-0.0507022580312485,-0.049892249935164,-0.05,-0.0500610501549529,-0.0499000626071501,-0.0501147218416641,-0.0498982165727784,-0.0500615460394278,-0.0499999999999998,-0.04992804611182,-0.050140631959365,-0.0498074748620108,-0.0502175230368102,-0.0497870910126773,-0.049,-0.0490907153500917,-0.0482591565504977,-0.0479911361727828,-0.0477646176002313,-0.0468763779830069,-0.047,-0.0470927582031842,-0.0463751905537407,-0.0454663567086718,-0.044695477598737,-0.043814908937053,-0.0429999999999999,-0.0421911808539281,-0.0412813570417936,-0.0405870877338566,-0.039461098331386,-0.0375470096113963,-0.0349999999999999,-0.0332312586366201,-0.031855520256397,-0.0295231108668579,-0.0268559178776552,-0.023244749176872,-0.02,-0.0147565233527487,-0.0043501294914132,0.0055354642396061,0.0126256383371982,0.0178495333729484,0.0209999999999999,0.0242488375257805,0.0278962051683329,0.0298975115796725,0.029919824134266,0.0300212830591997,0.029,0.0265040222444101,0.0236151104071955,0.0193482662172712,0.0154732216151105,0.0094927507206768,0.0019999999999999,-0.002265697050006,-0.0064150537369285,-0.009434389343918,-0.0104251654056421,-0.0124417257648913,-0.014,-0.0155376855411775,-0.018075195408119,-0.0200654142539369,-0.0217977241797265,-0.0245879955270578,-0.027,-0.0301133933862927,-0.0345359461930915,-0.0385494605860886,-0.0470993018627913,-0.0563936227269477,-0.0599999999999999,-0.0632408847276033,-0.0667222701253174,-0.0699507464434765,-0.070430647768552,-0.0644990190494205,-0.0569999999999999,-0.048173048339968,-0.0369445483276443,-0.0286562863107039,-0.0246762227731318,-0.021325734155639,-0.0190000000000001,-0.0175271536564919,-0.0142794346278943,-0.0112761198332579,-0.0069929742190618,-0.0021094406411086,0.0059999999999999,0.0321325783648955,0.0783057284270107,0.1393972807593514,0.2147397905299758,0.3023995275710667,0.3979999999999998,0.4914235434444489,0.5725002758894236,0.6246820370124391,0.6322242809849016,0.5889039720826496,0.4889999999999999,0.3427148042732968,0.1741331147389697,0.0085392212284192,-0.1272422631751095,-0.2137827793412441,-0.2419999999999998,-0.2161216354453249,-0.1565442271434761,-0.0928751783438143,-0.0454773292200577,-0.0180133671256093,-0.0069999999999999,-0.0034874621475265,-0.0014655297688212,-0.0005055371538967,0.0003603909967807,0.0011253260466215,0.0009999999999999,-0.0013984811262195,-0.0036770946865683,-0.0043557033387679,-0.0054808700367335,-0.0060644315112468,-0.0069999999999999,-0.0087436059312785,-0.0096670350614435,-0.0107958223065342,-0.0129628885237996,-0.0155019488038228,-0.0179999999999999,-0.0205277719646327,-0.0228865287134651,-0.0259826961464743,-0.0291459473859518,-0.0314269652918044,-0.033,-0.0323425243880019,-0.0302727192290679,-0.0262643231902346,-0.0210340206997294,-0.0172922541513197,-0.013,-0.0080551539090774,-0.0023266587915857,0.0028187287355901,0.0066390765265446,0.012129586179653,0.016,0.0184016312475209,0.0212458566701391,0.0228915628629955,0.024826878191169,0.0261687298232014,0.027,0.0278857920086229,0.0285577688009823,0.0296473906554534,0.0301736560236467,0.0313220306219729,0.033,0.034661669938727,0.0358911771759262,0.0362022420450721,0.0377875011514607,0.0391606620309806,0.0399999999999999,0.0416715595365727,0.0432668914662568,0.0451542073427543,0.0463291834089548,0.0472650081012016,0.049,0.0506360912418077,0.0528701100775478,0.0556603351363823,0.0576866275098962,0.0594113617781745,0.062,0.0637990943196938,0.0650711041261351,0.0676426919921179,0.0696582366399233,0.0714333290729985,0.0739999999999999,0.0764835070926752,0.0794487615303518,0.0837986933150984,0.0891493826502749,0.0938630355778842,0.0979999999999999,0.1021393342874769,0.1068501227786487,0.1121535854878989,0.1169480326339203,0.1235314041124431,0.131,0.135423963062558,0.138026764943983,0.1404628585705729,0.1430651489538155,0.1453959418708807,0.147,0.1486553119054414,0.1503380190336201,0.152008016652364,0.1536486541525237,0.1553510485433666,0.157,0.1586219959796371,0.160477259061325,0.1614746842714493,0.1625853273764879,0.1642754725828527,0.1649999999999999,0.1665287754713623,0.1685985555880855,0.1693582463177455,0.170673063442067,0.1722332861597851,0.173,0.1738673110961815,0.1741143308986064,0.1738918993747623,0.1741187412496212,0.1738279750463225,0.172,0.1694751597689774,0.1670973070719865,0.1640809336537181,0.1606329943849014,0.1573476179160773,0.154,0.1499761768532743,0.1445056437417294,0.1380478331989924,0.1314128747311098,0.1260467547357195,0.1209999999999998,0.1144065663854041,0.1068564732726204,0.0958655734586367,0.0831277765989483,0.0731406367558423,0.0629999999999999,0.0513826605581873,0.0391638179408553,0.0260366667051409,0.0127186494679251,0.0008953671514957,-0.0069999999999999,-0.0114134527987085,-0.0135249162522858,-0.0148301596243088,-0.0168216167712865,-0.0181815706784306,-0.0189999999999999,-0.0205877652000913,-0.0225219434471574,-0.0233959589766437,-0.0248113194160663,-0.0274778393500883,-0.0289999999999998,-0.0313550334737162,-0.0342204629542146,-0.0362464973912747,-0.0392506587300834,-0.041278064148444,-0.043,-0.0455719259286808,-0.0473541506066541,-0.0490337981329483,-0.0506025043313793,-0.0523959107607347,-0.0539999999999999,-0.0547812160254688,-0.0563055500880321,-0.0577007491611041,-0.0581807304195455,-0.0593074472607928,-0.0609999999999999,-0.0626416827688794,-0.0644362022982267,-0.0655414852231209,-0.0664876609262813,-0.0684131973500802,-0.0699999999999999,-0.0708601970407474,-0.0715839630606535,-0.0729179594040259,-0.0745709436284214,-0.0750000828307349,-0.075,-0.0750210730881615,-0.0749709443415197,-0.0750011667007066,-0.0751508231800442,-0.0762560149909879,-0.0769999999999998,-0.0776916223410967,-0.0794564193486228,-0.0804762993583429,-0.0815845757368818,-0.0832847735108811,-0.0839999999999999,-0.084768159825624,-0.0858031299699926,-0.0860730673671307,-0.0858384352741896,-0.0846856006216897,-0.0829999999999999,-0.081374163263396,-0.0795238416375621,-0.0785272665793683,-0.0774131588187676,-0.0757201304469586,-0.075,-0.0742063098748676,-0.0732936709632126,-0.0725098922022854,-0.0717083911366205,-0.0707252753271156,-0.0689999999999999,-0.0681295472806816,-0.0668793049789449,-0.0648010735469423,-0.0634926116137335,-0.0615705453175843,-0.0600000000000001,-0.0591584353768839,-0.0587641371238459,-0.059565782506473,-0.0602186051716369,-0.0613048913809617,-0.063,-0.0646081711451043,-0.0669197486979098,-0.0695906019084233,-0.0717797904229511,-0.0732841250676252,-0.075,-0.0767330821764157,-0.0781339141669358,-0.0808289863394435,-0.0844205956522411,-0.0876010691923267,-0.0900000000000001,-0.0895489474005967,-0.0858415924733745,-0.0811081743508676,-0.0758676979229901,-0.0711597463123892,-0.067,-0.0619797588924139,-0.057554784227838,-0.0537532175788338,-0.0513615449779965,-0.0509209839107293,-0.05,-0.0498824308477388,-0.0501726373180135,-0.0498074840990174,-0.0501885015992938,-0.0498231303867222,-0.0490000000000001,-0.0489662360485642,-0.049056540211097,-0.0488706462486388,-0.0494258617603414,-0.0514265649358554,-0.0529999999999999,-0.0545809770017987,-0.0565293186047515,-0.0574406193416933,-0.0585745297577873,-0.060357075328066,-0.062,-0.0636500776235323,-0.0653907665215613,-0.0666705525874232,-0.0670626722859807,-0.0669777083484044,-0.0669999999999999,-0.0670290802486545,-0.0669267910016797,-0.0671419303643957,-0.0666911875346548,-0.0658705808339722,-0.065,-0.0632771892651756,-0.0623505341264066,-0.0610640983698135,-0.0595386535294607,-0.0587864666322061,-0.0570000000000001,-0.056065194141714,-0.0554355742703472,-0.0544931201526069,-0.0533299555561751,-0.0503711263395675,-0.0480000000000001,-0.0455389718844509,-0.0438030964200579,-0.044888357439157,-0.0469549120501464,-0.0509784828057324,-0.0559999999999999,-0.0602463712337784,-0.0637032688057233,-0.0672498795344744,-0.0719807826788691,-0.0770286952958893,-0.0820000000000001,-0.0847430415904652,-0.0858024595942591,-0.0852986970416131,-0.0809371924986882,-0.0761042302625011,-0.071,-0.0650502318775286,-0.0601257233079211,-0.0542265332156572,-0.0471866050453272,-0.0408028761699361,-0.0350000000000001,-0.0290871416706963,-0.024419569107843,-0.0209748035463672,-0.0178499202141783,-0.0155478377971464,-0.0129999999999998,-0.0112338562651357,-0.0098042101943848,-0.0078715883811158,-0.0064067554124912,-0.0046920947534828,-0.0039999999999999,-0.0032462447720976,-0.002255478143879,-0.0012553661191063,0.0007078953721405,0.0009627693707365,0.0019999999999999,0.0038382171895697,0.0045079367169286,0.0057859554767433,0.0058681409813826,0.0061825813918218,0.007,0.0076330189744109,0.0104598053886253,0.0142308555255016,0.0167256541944864,0.0169348072858048,0.0169999999999999,0.017104438592262,0.0167618473053865,0.0175955009243227,0.0181925104259097,0.0192792106528028,0.0199999999999999,0.0199091083195757,0.0202930491650697,0.0189929179569331,0.017590125657822,0.0168230839853462,0.016,0.0152719490496842,0.0135964772963868,0.0124588272834415,0.0114995025944389,0.0095949530448072,0.0080000000000001,0.0071569090795106,0.0062878191425207,0.0058737671167587,0.0060386541706278,0.0060609432555038,0.0069999999999999,0.0071010741034526,0.0072990288520969,0.0091611325462363,0.010639656757799,0.013718984592849,0.016,0.0185639585524073,0.0306747328880832,0.054947631555026,0.0908614134362077,0.1416177316379011,0.2119999999999999,0.3024582212734453,0.4128610399873645,0.5337451430071127,0.6481652969239597,0.7387086500017721,0.773,0.7363269526755685,0.6348477584705958,0.4857937036681143,0.3218355475735113,0.158820523287452,0.038,-0.0142356200417911,-0.0363207092224941,-0.0337080334031842,-0.0152571337541884,-0.0081774096104416,-0.0019999999999998,0.0018587776339469,0.0038948674747353,0.0086225937454672,0.0086137763636943,0.0092987729508079,0.0089999999999999,0.0071142641498526,0.0066224172585759,0.0047854897593733,0.0037220486376925,0.0027742598133161,0.002,0.0005233306668846,-0.0021213014523487,-0.0043817828396209,-0.0068516338679992,-0.0067854270979925,-0.0059999999999999,-0.0046429089103114,-0.0010556963810225,0.0009497467142062,0.0030185352698489,0.0053161221641293,0.0059999999999999,0.0068034541873022,0.0076948858349512,0.0084604561241343,0.0094994688930766,0.0114297896143452,0.0129999999999999,0.0137581808924046,0.0153457634068695,0.0166480437154697,0.0172441904409434,0.0182211253427715,0.019,0.0190076815411969,0.0190647888985424,0.0185655105300297,0.0178369686059585,0.0179916399408813,0.0170000000000001,0.0168120459945186,0.0173258552767296,0.0165611630001614,0.0176000877412161,0.0178844680346959,0.0179999999999999,0.0197842009942946,0.0204975717280153,0.0221510950404067,0.0232391629925045,0.0243678035609866,0.026,0.0266739769859759,0.028560942043259,0.030151871591314,0.0411906389813126,0.058932227689687,0.065,0.0671983354707242,0.0705360263088185,0.0716168150513231,0.0740162936336434,0.0751185417333147,0.077,0.0796833023733732,0.0811652608457629,0.0832759041806786,0.0842456413400015,0.0852551147877806,0.086,0.0866581267459496,0.0885531318957308,0.0890881472209747,0.0891288715305998,0.0903163222801215,0.0919999999999999,0.0929018152043768,0.0935792225363902,0.0945569742257839,0.0954422909608616,0.0974429843312827,0.0989999999999999,0.1005223209315126,0.1030729720228326,0.1053735003482763,0.1081358401413498,0.1104212517888871,0.1140000000000001,0.1213254262042331,0.1292862812440459,0.1356240021308077,0.1411850974140549,0.1457342431699125,0.148,0.1496338090991249,0.1513702885197949,0.1530151254664586,0.154457512506213,0.1551925705441244,0.157,0.1580065358503606,0.1583437589288616,0.1601963092944955,0.1613079925255001,0.1622130608856855,0.163,0.1637603390069214,0.1648351095948697,0.1650175560182894,0.164984957694201,0.1650765052556805,0.1659999999999999,0.1660926056515699,0.1663354743299097,0.1678710263282898,0.1679688047874994,0.1694943278210282,0.172,0.1752088217978354,0.1774033801030693,0.1712637839722369,0.1605271646971542,0.1468860870933676,0.1300000000000001,0.1135219816007073,0.0946240419531805,0.0774777821996158,0.0679738631978534,0.0617474790566531,0.055,0.0482911548314299,0.0417248396687408,0.035142811053364,0.0302826480295045,0.0261324851762391,0.0219999999999999,0.0186983677459474,0.0147680174277238,0.0104017964931467,0.0065495645567539,0.0033896782087807,1.8947806286936004e-17,-0.0034107278668771,-0.0064698876920977,-0.0105659333472437,-0.0145064803271458,-0.0190721716585393,-0.0250000000000002,-0.0300996915381851,-0.0344060353698057,-0.0383687668714373,-0.0429676238188286,-0.0479378950913595,-0.0519999999999999,-0.0553718059146782,-0.0585869269842181,-0.0621425818782506,-0.0650318880485731,-0.0675256783988648,-0.0699999999999999,-0.071656678022176,-0.073851281442661,-0.0766671920431726,-0.0787055183946646,-0.0803418154736641,-0.0819999999999999,-0.0828898282319453,-0.0835921702960873,-0.084571206795329,-0.0852903748711116,-0.0861434247014948,-0.0859999999999999,-0.0851273797640218,-0.0844362359674854,-0.0833189581217179,-0.0830204510736861,-0.0828908246156736,-0.082,-0.0819069632743922,-0.0821913468404617,-0.0814382868749033,-0.0809446406945006,-0.0809256194987825,-0.08,-0.0799031442837615,-0.0801180209375169,-0.0799250035261695,-0.0798910007581162,-0.0787363843485486,-0.078,-0.0772045300093633,-0.0767623609684053,-0.0772170931947285,-0.0769614749806006,-0.0783788130350815,-0.079,-0.0787947908661629,-0.0799441917753847,-0.0797330967196589,-0.0806448716547755,-0.0822088431489827,-0.0829999999999999,-0.0839360657666815,-0.0839501014518573,-0.0841743472840801,-0.0836192304662408,-0.0829769465893429,-0.083,-0.082144788195203,-0.0819015952472387,-0.0820539543348725,-0.0819797891281816,-0.0820025865974541,-0.0819999999999998,-0.082005468812543,-0.081991202832861,-0.0820001193929509,-0.0820274873630979,-0.0819195525516217,-0.0809999999999999,-0.0801417578073928,-0.0793110229285836,-0.0788731691940491,-0.0789091687446091,-0.0777296871219669,-0.077,-0.0762385776741828,-0.0752392391026821,-0.0745418759780987,-0.0738364454185448,-0.0739875254268732,-0.073,-0.0728775779782064,-0.0726927405083023,-0.0711196810207819,-0.0710929808371441,-0.0710100944645081,-0.0719999999999999,-0.0721313361513101,-0.0723406010899516,-0.0734944431511219,-0.0727799137724059,-0.0744510904744061,-0.0749999999999999,-0.0755707403358254,-0.0770888945975888,-0.0772883433613463,-0.0802883081139961,-0.0809423380101258,-0.0840000000000001,-0.098642190847428,-0.1388478397694421,-0.2129587126403261,-0.3110712563761396,-0.4325979383054287,-0.5579999999999999,-0.6668797477719172,-0.7340134167006466,-0.7296718247556867,-0.6554974064234064,-0.5062946871199665,-0.3259999999999999,-0.1556744211901495,-0.0127343804848816,0.0435501739050847,0.0507747147199979,0.0360522988004018,-0.0190000000000001,-0.047096451636357,-0.0518001403224254,-0.0607743625520221,-0.0607242780759379,-0.0650209299593303,-0.0639999999999998,-0.0603019724228437,-0.0565402084355656,-0.0479213903051117,-0.0432972907219919,-0.034950842573063,-0.0259999999999999,-0.0183918690758549,-0.0147521752764378,-0.0191460236096579,-0.0238109041162901,-0.028945760220866,-0.031,-0.0331378843292773,-0.037104850531298,-0.0392368486143387,-0.042080982549217,-0.0431327731348312,-0.045,-0.0460729818366933,-0.0463266476316437,-0.0475720499755586,-0.0465542788263905,-0.0472132861618227,-0.046,-0.0432848496218193,-0.0415057912859702,-0.0372532838885186,-0.033804955746885,-0.0301491122612851,-0.0259999999999999,-0.0225994177026767,-0.0200258480440118,-0.0165642229318216,-0.0105963593343937,-0.0062595538897815,-0.0020000000000001,0.0008805984925656,0.0009626376329348,0.0008273617372794,-0.0006253615848729,-0.0009761682098884,-0.0019999999999999,-0.0038634969673642,-0.0043645987198481,-0.0067676844857838,-0.010476386605797,-0.0134577455588411,-0.0139999999999999,-0.0117514326720097,-0.0071119695771839,-0.0023115345016206,0.0019052441812744,0.0082058332214742,0.01,0.0066270280331068,0.0023314534683036,-0.0134461268471336,-0.0391682392377378,-0.0548359267016647,-0.0589999999999999,-0.0631327723894475,-0.0663785928396386,-0.0676966588688027,-0.0677161176708104,-0.0654364347640386,-0.0619999999999998,-0.0570962424459556,-0.0503979015173709,-0.0368307704300641,-0.018905710232497,-0.0031371009134182,0.004,-0.007651134379981,-0.0203079822771289,-0.0237214263278303,-0.0296119402877717,-0.0334916534294109,-0.0369999999999998,-0.0407097532099501,-0.0415826803351617,-0.0424218796706435,-0.041499496496907,-0.0408959648431552,-0.0390000000000001,-0.0371284698034051,-0.0360193536186288,-0.0336069336691601,-0.0325579127739686,-0.0291216000224226,-0.026,-0.0236892708577794,-0.0206235866452062,-0.0189823203484088,-0.0155327133898622,-0.0138153413809283,-0.0110000000000001,-0.0066077764210571,-0.0028663000559389,0.0056712640570552,0.0169963756435898,0.0369706855336674,0.066,0.1007734200475209,0.146631066185707,0.2036128540498691,0.272833526537625,0.3453103494388226,0.4160000000000001,0.4741897230635689,0.4996865223709288,0.5041114777704523,0.4904033256139855,0.451899540900693,0.4019999999999999,0.3472896755769743,0.2904292470477316,0.2299208597948348,0.1619793410645373,0.0895407982494754,0.024,-0.0201243376604007,-0.0401962107717622,-0.0396966367473429,-0.0324667846456643,-0.0296099151408417,-0.0269999999999998,-0.0251915735074695,-0.0238396985604997,-0.022047489923295,-0.0224432665125868,-0.0244738245326383,-0.027,-0.0301578667445481,-0.0346093425339288,-0.0371708060760453,-0.0388563275599819,-0.0414312384081284,-0.0429999999999999,-0.0462283875102664,-0.0493037618002044,-0.0510035555979283,-0.0523509286528119,-0.051808482272982,-0.051,-0.0494187545803371,-0.0475921820578321,-0.0457696762319601,-0.0428003172708229,-0.0406232194808021,-0.0379999999999999,-0.0338815209473511,-0.029590281231699,-0.0256462873296307,-0.0209870074705933,-0.0161633768689174,-0.0129999999999999,-0.0097116007660422,-0.0063240501096244,-0.0028670474958255,-0.000286062490645,3.947257028590911e-05,0.0009999999999999,0.0011731491901002,0.0003272099972949,-0.0010476887655604,-0.0044827182491193,-0.0075728059824144
-0.0109999999999999,-0.0143997720426513,-0.0180036838418796,-0.0229508208767758,-0.0258571180594854,-0.0271186054070074,-0.0249999999999999,-0.0191496886730591,-0.0139537483812667,-0.0089503629173988,-0.0041219912930471,0.0011675172762724,0.0069999999999999,0.0112885773743393,0.0146987305153716,0.017970903896068,0.0212533401198855,0.023289064786533,0.0249999999999999,0.0275783711474716,0.0292847754041213,0.0314538241364022,0.033815670164701,0.0352940987858305,0.037,0.0386310579387391,0.0408971175693356,0.0435613620035906,0.0460722037149411,0.0499106958014609,0.055,0.0600150434237892,0.0650327053533129,0.0694568121059601,0.071645736967173,0.0734571046581862,0.076,0.077721265768749,0.0792656600455487,0.0810941002959137,0.0824291162055149,0.0831711729668762,0.085,0.0876080354732572,0.0892537735183909,0.0914627385611154,0.0939232476323014,0.0966849524114117,0.1010000000000001,0.1052066229444944,0.1093072701025335,0.1134355980639053,0.1181996983859218,0.1272600532641591,0.1399999999999999,0.149014930523196,0.1526339051229129,0.1565458937864174,0.1602296431792362,0.1624122779840342,0.164,0.1633237463706888,0.1616996501245699,0.1596435071669569,0.1569273518381903,0.1545242713569518,0.1519999999999999,0.1495056554217871,0.1469548947233694,0.1446258331408698,0.1416783574843634,0.1384375058306194,0.136,0.1326885383652407,0.1298254347183093,0.1276401553977036,0.1249087855016967,0.1225397847923838,0.1199999999999999,0.1174873366621562,0.1149700092366533,0.1128414083040774,0.1114417520511946,0.109571481110712,0.1069999999999999,0.103656386242037,0.100544656288588,0.0952094603998366,0.0837095986437488,0.0690716010841296,0.0550000000000001,0.0415202568714767,0.0303758185934253,0.0223487779923614,0.012876562995809,0.0034355195368779,-0.002,-0.0070052876787078,-0.0109993367528737,-0.0136639843134966,-0.0177504938934131,-0.0217686302600579,-0.026,-0.0302764188813285,-0.0336337316522818,-0.0373327915287798,-0.0418338754538526,-0.0456123793727441,-0.0479999999999999,-0.0505246213570038,-0.0524356483776999,-0.0539729067761931,-0.055501209009076,-0.0561097290896303,-0.0569999999999998,-0.0578146728461924,-0.059212380752965,-0.061053785475653,-0.062805223953068,-0.0655755215033045,-0.0679999999999999,-0.0704696153705481,-0.0729802517616512,-0.0758831202194015,-0.0792145428918669,-0.0814387123664151,-0.0839999999999999,-0.084365193905945,-0.0820330813274727,-0.0791950150641225,-0.0756408334856216,-0.0737538715846499,-0.0719999999999999,-0.069452809169695,-0.0671157278856117,-0.0643249648463117,-0.062294526680646,-0.0607188820924661,-0.0599999999999999,-0.0599364358158472,-0.061050998276986,-0.0632967996252388,-0.0643837061651998,-0.0665728542410091,-0.069,-0.070585975791118,-0.0729543729257598,-0.0757930642115362,-0.0795125383252662,-0.0825509051527881,-0.0859999999999999,-0.0901267188170422,-0.0963750495132603,-0.1104991410644578,-0.1302224943090859,-0.1510127462424858,-0.167,-0.175667971775619,-0.181915155479657,-0.1864531550329457,-0.1883338886168246,-0.1864049928241153,-0.1840000000000001,-0.1791136578933792,-0.1650896673681597,-0.1460595456902799,-0.1192887099629549,-0.0943223098153883,-0.0869999999999999,-0.0846925791834253,-0.0821987608017993,-0.0814345384193727,-0.0791167828056176,-0.0792489355293131,-0.0809999999999999,-0.0856167101115966,-0.0932184088523783,-0.1047713022715106,-0.1218095117030888,-0.1321906602636744,-0.135,-0.1367455871156225,-0.1381973872428979,-0.1396966148799512,-0.1381028695690997,-0.1367567654030753,-0.131,-0.1163319422448071,-0.0978437494470701,-0.070751454198726,-0.0478959660470021,-0.0414163492899368,-0.038,-0.0352485013828733,-0.0338059516314098,-0.0323737422067632,-0.033776525934463,-0.0352730622009925,-0.038,-0.0422886818324328,-0.0451355323418658,-0.0473718871070488,-0.0502555143678898,-0.0536846607788636,-0.057,-0.0603930000714306,-0.0626778522091323,-0.0628720587136516,-0.0610519561081402,-0.0585917230284062,-0.0570000000000001,-0.0544929137167276,-0.0530428275610358,-0.0525111050994091,-0.0497538592593552,-0.0477321788759772,-0.0460000000000001,-0.0433868089844882,-0.0421631407725769,-0.041884914205933,-0.0422502835677619,-0.0431922955881397,-0.0440000000000001,-0.0448087674925159,-0.0457302114777182,-0.0463654087630788,-0.0476538109356279,-0.0492341258451966,-0.0500000000000001,-0.0516323733346893,-0.0528690255001068,-0.0533199532623258,-0.0544670233595451,-0.0550963523872376,-0.056,-0.0569028530019071,-0.0575181996159401,-0.0589344730246308,-0.0608438962699654,-0.0635675691664228,-0.0649999999999999,-0.0613853373041628,-0.0536956443433799,-0.0483943076947746,-0.0461285443646277,-0.0435180615785955,-0.0419999999999999,-0.0396364573269475,-0.0372218871812658,-0.0368242802011385,-0.0351599892104529,-0.0339153833177444,-0.0339999999999999,-0.0339963711372728,-0.0339887270419637,-0.0342783220201061,-0.0356250785426512,-0.037407711486505,-0.04,-0.0424719048000926,-0.0460456160291881,-0.0506452675135171,-0.0553867488502418,-0.0683630375573612,-0.0849999999999999,-0.0939097725319794,-0.0990559945478388,-0.1032370525321121,-0.1034822371714972,-0.0987179626781625,-0.091,-0.080620657209266,-0.0661288006407446,-0.0513024261219483,-0.0373109040396964,-0.0217687334237926,-0.006,0.0062077909539031,0.0132539176360509,0.0168398260604393,0.0186089789884664,0.0203949636380967,0.022,0.0228214725445282,0.0237514134886208,0.0241136464870372,0.0237981674630608,0.0227570312005105,0.022,0.0213484506896801,0.0189884648407534,0.0169136948952105,0.0152075420218514,0.0123656548390158,0.009,0.0055845004585629,0.0033687712089423,0.0028706851631888,0.0030806887114085,0.0029464930629565,0.0029999999999998,0.0038145445065356,0.0046778656253342,0.0054980734481002,0.0062706918257549,0.0055973321182478,0.0009999999999997,-0.0049643566131606,-0.0106700229834659,-0.0201589871597279,-0.0288110765931336,-0.03262571545663,-0.037,-0.0422376700992818,-0.0440127470979666,-0.0396412808389633,-0.0318263792553308,-0.0246118773691605,-0.0180000000000001,-0.0135800570416432,-0.0109645777870984,-0.0088216075826143,-0.0074359293182377,-0.0056781944454997,-0.0049999999999999,-0.0035530912334778,-0.0012394873514053,-0.0006676790598249,0.0028305465368788,0.0065464947172339,0.0119999999999997,0.0293186267469583,0.0549398404404607,0.0881168319009529,0.1313189917177483,0.1831861905263808,0.2459999999999999,0.3184711622668076,0.3998503463806925,0.4897885674924844,0.576337175959875,0.6254349920365376,0.6259999999999999,0.591134217114729,0.4847887498400766,0.3130009651124304,0.1356514335019956,-0.0368529197610352,-0.158,-0.1988740480746921,-0.2055690961267764,-0.1753753634060078,-0.1205137526782999,-0.0801556070417869,-0.0509999999999999,-0.0357353811469036,-0.0252824566474959,-0.0093672559980006,0.0017937509818279,0.010750247806572,0.0170000000000001,0.0196919204833483,0.019477975569606,0.0150849853519244,0.0093960764070082,-0.0017069410732692,-0.0149999999999999,-0.0244389963237009,-0.031198458699635,-0.0350225965965888,-0.038358037259706,-0.0400238289611325,-0.0379999999999999,-0.033201201189536,-0.0275593636232241,-0.0242156820757889,-0.0200240306110581,-0.0151842256325438,-0.012,-0.009309982127673,-0.0087889196945669,-0.0093611637831737,-0.0106812433450044,-0.0121974488607019,-0.0129999999999999,-0.0154225150516045,-0.0177116596905974,-0.0173644757603207,-0.0125317533759687,-0.0057100762465718,0.001,0.0095450657706428,0.0143748284500364,0.0158786536194047,0.0175418357100015,0.0181693556875934,0.02,0.0209345576459054,0.0220624903157723,0.0239653230522799,0.0239578284975709,0.0254407365743406,0.027,0.0277496270287532,0.0292582262628785,0.0313961160581417,0.0338902212968544,0.0352795850893285,0.038,0.0421309713809728,0.0465578899390202,0.0488236626472141,0.0471381212648473,0.0457813817060175,0.044,0.0430037203096792,0.0421471401362232,0.0393831787421654,0.0392112510035276,0.0387889522358143,0.0389999999999999,0.0414909168263026,0.0447899193405047,0.050748811230989,0.0561598122233841,0.0653293223388914,0.0759999999999999,0.0795975869613481,0.0825470335318258,0.0853847423376665,0.0865713213031738,0.0898426696821419,0.095,0.1009652359747544,0.1049998749608872,0.1074223242273077,0.1100740412067291,0.112410576097776,0.1140000000000001,0.1155700837419839,0.1179940350841518,0.1204619303261702,0.1230589602034786,0.1254518013157408,0.128,0.1305887574140398,0.1327666594519131,0.1361393130878781,0.1390497380079721,0.1431072886603085,0.15,0.1552951912932414,0.1581548680296621,0.1600926599936041,0.1614647730181366,0.1620985035750812,0.1629999999999999,0.1639339211383277,0.1644106334759298,0.1661802574827167,0.1672475144150843,0.1683534213565344,0.17,0.1699795744979491,0.1706491592914804,0.1711165600696089,0.1710168360211141,0.1708842972121295,0.1699999999999999,0.170004050275283,0.1694386824777022,0.1684972799261591,0.1674481011492012,0.1656997104330142,0.1650000000000001,0.1642569556247593,0.162733715136271,0.1608996278171757,0.1594778541448002,0.1574942362606732,0.1549999999999999,0.151448622473829,0.1411839917676385,0.1290767394949469,0.1183844857065467,0.1024164821627888,0.085,0.0705442085557494,0.0590460261628838,0.0484838257578107,0.0359098919799457,0.0250034234881145,0.014,0.0018924967596818,-0.0047859837568903,-0.0074501612587394,-0.010068402925215,-0.0124121867275069,-0.0139999999999999,-0.0155622738485129,-0.0180441812781898,-0.0201114228733749,-0.0216239798215064,-0.0233361533113103,-0.0249999999999999,-0.02742000523418,-0.0301670726554875,-0.0319808451564563,-0.0338801429099925,-0.0364981435282779,-0.0379999999999998,-0.0387374912035745,-0.0403769805641961,-0.0416060340809081,-0.0422972970641008,-0.0431679890326301,-0.0439999999999999,-0.0448958366750003,-0.0450511642320389,-0.0450110688044188,-0.0449088331461437,-0.0451980591444398,-0.0469999999999999,-0.0479133244309286,-0.0490334437462654,-0.0513515562989007,-0.0521830423923657,-0.0533508922105836,-0.0549999999999999,-0.055796677778532,-0.0572374843060162,-0.0590977779977865,-0.0604448340628572,-0.0611172301306176,-0.0619999999999999,-0.0628979839515292,-0.0634801332131018,-0.0652795759093062,-0.0682812291060295,-0.0716901270231341,-0.075,-0.0776576912621175,-0.0783472439829005,-0.0773570131585417,-0.0768397807948785,-0.0756535322587953,-0.0739999999999999,-0.0731723908984392,-0.0722372539480399,-0.0719629675029429,-0.0718399141832717,-0.0707525562141198,-0.07,-0.0700341882778673,-0.0694121131686407,-0.068717700378379,-0.069247467001024,-0.0687813851360687,-0.0679999999999999,-0.0680869476337921,-0.067269274769131,-0.0669770607290834,-0.0667777544831277,-0.0658688205526213,-0.0659999999999999,-0.0660982488330148,-0.0653701638396075,-0.0644630252554586,-0.0637130925294053,-0.0627864164642925,-0.062,-0.062028144744876,-0.0614318182277007,-0.0604495125829058,-0.0596569794676338,-0.0589180493644231,-0.059,-0.0582826865998766,-0.0571219460945244,-0.0570254639389759,-0.0569620332163555,-0.0569850970473299,-0.0560000000000002,-0.054235736687425,-0.0533621989273503,-0.0523644882654467,-0.0520027312232174,-0.0518879657181129,-0.0509999999999999,-0.0509780070379295,-0.0505247031076481,-0.0492959500090998,-0.0489796326189305,-0.0489953334927675,-0.049,-0.0490085568987233,-0.048981364418083,-0.0490447663264115,-0.0488226519184749,-0.0477442150381672,-0.047,-0.047074888792074,-0.0463023330863517,-0.0459249692022768,-0.0458467248708051,-0.0447719952245086,-0.0439999999999999,-0.0431894729763795,-0.0423251898674572,-0.0414495393390361,-0.0408914037932845,-0.0410220507393,-0.0409999999999999,-0.0410749589757425,-0.0402739492479532,-0.0402493435617974,-0.0413078040129092,-0.0408604729452498,-0.0409999999999999,-0.041849206821784,-0.0426880069698783,-0.0431339958891596,-0.043081871164939,-0.0442774670589638,-0.0449999999999999,-0.0457437907840329,-0.0468150524903597,-0.0473318285432204,-0.0484800942552958,-0.0490780623098477,-0.0499999999999999,-0.0509673618200939,-0.0509391814558018,-0.0511353778603965,-0.0507183677829595,-0.0498241980088888,-0.0489999999999999,-0.048217754393278,-0.0467189262032318,-0.0452704815083343,-0.0448203223973133,-0.0437558471591319,-0.043,-0.0422328062546748,-0.0412271647898941,-0.0406089438076023,-0.0395972279421089,-0.0388173206073297,-0.0369999999999999,-0.0345152357441865,-0.0314694408728667,-0.0281347763421252,-0.0264197162695429,-0.0246486206259939,-0.024,-0.02408522160051,-0.0238227376836225,-0.0242399098923206,-0.0237394627031448,-0.0242393615867926,-0.0249999999999999,-0.0248515108208888,-0.0263169397212612,-0.0274303313252532,-0.026370298823967,-0.0247448283524834,-0.0240000000000001,-0.0224451640080127,-0.0205055232559516,-0.0191503459471618,-0.0173424511078625,-0.0170274512033791,-0.0159999999999998,-0.0134029833059387,-0.0117377834192174,-0.009570315098652,-0.0069772851911693,-0.0045480206147885,-0.003,-0.0021848699412139,-0.0012791666504851,-0.0005906780113619,0.0005365331922611,0.0024609682426868,0.0049999999999999,0.0067274401923628,0.008309047894783,0.0096911619008865,0.0102487037464505,0.0111302455930052,0.011,0.0110227891195921,0.0099463606906767,0.0078359449968405,0.0061060113393936,0.0021933190557736,-1.2631870857957337e-17,-0.0022142067114165,-0.0060010374504818,-0.0083180045098236,-0.0110572270738058,-0.0121005184784897,-0.014,-0.0167249571888834,-0.0180396502981178,-0.0207308006394801,-0.0225796740649686,-0.0244281733987367,-0.026,-0.0275050030186099,-0.0300964077901574,-0.0323936483808346,-0.0349332396362791,-0.0362224433414174,-0.0379999999999999,-0.038242831571103,-0.0376561390947719,-0.0380911598370728,-0.0361788487470728,-0.0361221506799826,-0.0349999999999999,-0.0331421977549386,-0.031559166287743,-0.0278344326054329,-0.0266250474819446,-0.0230620233596899,-0.02,-0.0163846481505858,-0.0086614232854462,0.0039198249703159,0.0343904444438973,0.0773332886558867,0.1339999999999999,0.2035448467787198,0.2801652647301497,0.3696532332124148,0.4579494652048597,0.5494013904258914,0.6209999999999999,0.6429817150994634,0.6400559051680222,0.5881798533639733,0.4671704608437378,0.3101196058987043,0.145,0.0036678771556681,-0.0851563811525227,-0.1145597380923685,-0.1110127753953642,-0.0802761356730997,-0.0329999999999999,-0.0101064678970532,-0.0011467253452806,-0.0048920075569042,-0.0203955287938492,-0.0228441297065291,-0.0259999999999998,-0.0291056802377504,-0.029556908968186,-0.0328582419561262,-0.0328521421079953,-0.0343672866723696,-0.0339999999999998,-0.0344683411972761,-0.0362462732768272,-0.0358626087300696,-0.0378839671584476,-0.0377982387728573,-0.0379999999999999,-0.0382566677176952,-0.0370961038892037,-0.0367419012053769,-0.0356437226529804,-0.0361170651706374,-0.0349999999999999,-0.0339356503189288,-0.0337564828940027,-0.0317274731859044,-0.03059174293119,-0.0285156957680604,-0.027,-0.0254801367629702,-0.0234184908136098,-0.0222775612287573,-0.0201044711997343,-0.0187856684105077,-0.0169999999999999,-0.0159728930133315,-0.015659174230421,-0.0141038051012651,-0.0140705518980416,-0.0124612819784512,-0.0099999999999999,-0.0084232494419696,-0.0060021006852738,-0.0035041896977698,-0.0011528033776574,0.0002957954997146,0.003,0.0064236620204214,0.0094825238268429,0.0132607319527005,0.0159400009978417,0.0185645126777739,0.0209999999999999,0.0234008681282215,0.0262364644188535,0.0278739141349731,0.029995444451581,0.0324112683363759,0.034,0.0356297873334018,0.0374435847825087,0.0385346585191823,0.0395023053527573,0.0413894705754953,0.043,0.0446796190911403,0.0458079890707485,0.046392824602649,0.0473775543139729,0.0482132689538679,0.0500000000000001,0.0517227188186093,0.0532621834462749,0.0552079799881435,0.0588811557881865,0.0653143788261558,0.071,0.0781835648283401,0.0874220809538973,0.096673215925901,0.1070924072619942,0.1139183906003594,0.1169999999999999,0.1195944162997865,0.1213249093663555,0.123083015237065,0.1244325695096417,0.1251197216924666,0.1260000000000001,0.1276848664921618,0.1287459161908803,0.1297824390449084,0.1316523347970465,0.1320137870282413,0.1329999999999999,0.1339876321828915,0.1343469189056776,0.1361958635483167,0.1374140724349744,0.1395734796810263,0.142,0.1435461264613863,0.1461047965321198,0.1482205915592771,0.1516302211892689,0.1557199250468303,0.1589999999999998,0.1624367528828659,0.1649024017866322,0.168039357281066,0.1710134573643602,0.1736722870066987,0.178,0.1814647092465696,0.184095954025323,0.1856275197037773,0.1838743047172848,0.1786983278318497,0.1709999999999999,0.1641177289207198,0.1589489113142083,0.1540717143133597,0.1487622028613089,0.1428612739327753,0.1379999999999999,0.1330781976936073,0.1282506724280522,0.1256074266295707,0.1226458655859898,0.1194702515345098,0.117,0.11230149579322,0.1051062916931035,0.0974314817999753,0.089959366837722,0.0810200782050779,0.0699999999999999,0.0582595035466197,0.0478114587666065,0.0372965328703473,0.0205810142918733,0.0045828103710659,-0.001,-0.0033742099228046,-0.0062338982661381,-0.0079958719385207,-0.0095198162489094,-0.0100939412555938,-0.011,-0.0111426482597515,-0.0107319001317126,-0.0116092886710198,-0.0121818528346084,-0.0133246129553587,-0.0150000000000001,-0.0166105104884322,-0.0184959587423285,-0.0194670642502082,-0.020558100532392,-0.022364470465418,-0.024,-0.0256404384391276,-0.0274237819575059,-0.0285679807216608,-0.0294562306960772,-0.0314334376249988,-0.033,-0.0345157106627556,-0.0371410546852315,-0.0389515672782943,-0.0409444174906677,-0.043431899737759,-0.0449999999999999,-0.0466384552090966,-0.0483611355856813,-0.0499845841356127,-0.0516734527191914,-0.0533031404673058,-0.0539999999999999,-0.0531539667550462,-0.0529225548179474,-0.0527403315833241,-0.0515083292563579,-0.0509153407890314,-0.0500000000000001,-0.049073351797239,-0.048554786427643,-0.0468901875267261,-0.0456555295928987,-0.044736733275909,-0.0429999999999999,-0.042041470699058,-0.0420237783425087,-0.0417131096516451,-0.0403293609920872,-0.0387487431998904,-0.038,-0.0371908841001859,-0.0366657836390158,-0.0382243120942469,-0.0412814018052548,-0.0447593513135515,-0.0489999999999999,-0.0524599590681698,-0.0554115003471171,-0.0596393134945606,-0.0633194947711253,-0.0667828484204589,-0.071,-0.0737454900116056,-0.0742175963539246,-0.073527607112737,-0.0725381859397863,-0.0704935328004111,-0.0680000000000001,-0.0662851048950183,-0.0651430533985282,-0.0650568044454341,-0.0647417951173104,-0.0638416476914483,-0.063,-0.0613305323391449,-0.0601856250909081,-0.0596301639351544,-0.058550959664831,-0.0579528470270573,-0.0579999999999999,-0.0580213140343018,-0.0579479459648524,-0.0581112639253136,-0.0577157792826393,-0.0568919119698888,-0.0569999999999999,-0.0570566324095728,-0.0569003892064867,-0.0571491428605158,-0.0567094164527641,-0.0558374779895315,-0.0549999999999999,-0.054105450214447,-0.0539324240639893,-0.0540368688981431,-0.053992532714406,-0.0539847349168279,-0.054,-0.054816696493178,-0.0552041677518503,-0.0547558713095216,-0.0553826286212842,-0.0560564835962592,-0.056,-0.055987590944943,-0.0560460969804977,-0.055669911852816,-0.0545165682208234,-0.053982534111547,-0.0539999999999999,-0.0539259118251286,-0.0546555542988266,-0.0551975534415279,-0.0548337797169522,-0.055166822022481,-0.0559999999999999,-0.0559591223494528,-0.0570495896387023,-0.0593064547427545,-0.0602359778948859,-0.0613096135327533,-0.063,-0.0639292576181812,-0.0640117559116002,-0.064282917434284,-0.0655211366845203,-0.0659913081140741,-0.066,-0.0668030675783534,-0.0677218452454637,-0.0681786948597359,-0.0678069769299346,-0.0682731558971358,-0.071,-0.0744181193114767,-0.0770194175223323,-0.0793877483399258,-0.0795859170315395,-0.0761850712411765,-0.072,-0.0662696760374027,-0.061038530282509,-0.0590474701266413,-0.0572155139659069,-0.0557532217240583,-0.0540000000000001,-0.0522166444409545,-0.0509125709607175,-0.0486084008276846,-0.0480390953234696,-0.0478507866628124,-0.0470000000000001,-0.0462941321262757,-0.0445398150721084,-0.0435501189969832,-0.0423800148593567,-0.0407366613856402,-0.04,-0.0399266200666295,-0.0401928807780994,-0.0394123227018475,-0.0389788178165495,-0.0389037573964661,-0.038,-0.0379079479961921,-0.0381788525942968,-0.0374670699602125,-0.0369024272510306,-0.0369679868170531,-0.0359999999999999,-0.0350791981350712,-0.0345079286002929,-0.0330263464410775,-0.031295579902893,-0.0297717004644808,-0.0289999999999998,-0.0266246005607981,-0.0243401224632487,-0.0230601389518927,-0.0195219559279453,-0.0177668823339402
-0.013,-0.0019959394366448,0.005419167937701,0.0089985168426169,0.0123452527216879,0.0156213142662667,0.0180000000000001,0.0197014791184101,0.0200570745638697,0.0162584360014723,0.0107819318170113,0.0047644722916503,1.8947806286936004e-17,-0.0017080302038929,-0.0037895911773661,-0.006992840812886,-0.0101910379536216,-0.0124007904685825,-0.015,-0.0176495529314227,-0.0192388047225632,-0.0211685554438862,-0.0224653594163073,-0.0245308933008042,-0.0269999999999999,-0.0286802445008507,-0.0299064455911122,-0.0299298380389078,-0.0300952169241814,-0.0299388378239931,-0.0299999999999999,-0.0300279380975901,-0.0304373177262492,-0.0317216602071421,-0.0321883974219151,-0.0331648114383945,-0.0329999999999999,-0.0344001401589008,-0.0367222898987045,-0.0378377549079183,-0.0415947034783004,-0.043039289173661,-0.044,-0.0443626443085567,-0.0424845642366022,-0.0404817061864556,-0.0342179234684221,-0.0290875564362451,-0.0209999999999999,-0.007897282066802,0.0102736380827402,0.0397149380978934,0.0753182366687014,0.1268492088053019,0.1919999999999999,0.2692497684909948,0.3616131052095791,0.456155442316234,0.5573177771834543,0.6315382219973555,0.6579999999999998,0.6528831311497861,0.5904649425400285,0.4612637006533752,0.2848197416148117,0.1003658383394737,-0.0639999999999999,-0.1809113063637806,-0.2151198272810601,-0.2155763260624825,-0.1933221146810478,-0.1308829277340842,-0.083,-0.0574768290840614,-0.0482425733264225,-0.0492214199058269,-0.0437088457289607,-0.0432070286582818,-0.0409999999999999,-0.0396332363876065,-0.0401584418210054,-0.0376646813551456,-0.0381625584730444,-0.0352870198113651,-0.0350000000000001,-0.034727958717958,-0.0313442029556213,-0.030882886327682,-0.0292743667434114,-0.0290653078342263,-0.0279999999999999,-0.0269511135160659,-0.0266739727575625,-0.0251790846989881,-0.0247336697387604,-0.0225435610708407,-0.022,-0.0206214133906699,-0.0182171162856186,-0.0174784040687136,-0.0149612120268015,-0.01381413024051,-0.011,-0.0082282518845083,-0.0064799725622608,-0.0028938734031719,-0.0017234176646093,0.000663729933559,0.0029999999999999,0.0044620446569472,0.0072525057723669,0.0088542209203677,0.0108524426123279,0.0122060224629595,0.0140000000000001,0.0158602169297793,0.0164663504482096,0.0180633726839348,0.0195692482216843,0.0213972763417502,0.0229999999999999,0.0246073236435637,0.0264143316786153,0.0279669016737401,0.0294940995681057,0.0301766736638309,0.0320000000000002,0.0329980881077333,0.033421357764746,0.0347576786021752,0.0351253589559217,0.0362797577867152,0.0369999999999999,0.0377330080701443,0.038827276954563,0.039336074878198,0.040440057604212,0.0411725480932456,0.0429999999999999,0.0447694017878893,0.0461872431393313,0.0481052350038613,0.0497740314712098,0.0525303324487448,0.0539999999999998,0.0575173812079487,0.0671442413435061,0.0794373338028513,0.0892696648431421,0.0936142927336235,0.097,0.099683817847646,0.1016759875228252,0.1049331405200925,0.1064052057585657,0.1086453342178296,0.112,0.1144929667301538,0.1170551770109605,0.1194111321040701,0.1220910699244628,0.1244400233760674,0.1269999999999999,0.1296029437774375,0.1313407669014771,0.1330118230141554,0.1346629743095619,0.136317731437196,0.138,0.1405008786903309,0.142447130634906,0.1442093110756847,0.14720936921295,0.1493781719670527,0.1519999999999999,0.1554054868683154,0.1580546240920146,0.1604452526571046,0.1630845729675072,0.1653679016408278,0.1669999999999999,0.1695039707142567,0.1714201157663931,0.1732688760741957,0.1761205126209484,0.178473089276941,0.1809999999999999,0.1820065849350756,0.1819849590678457,0.1817179189232204,0.1804257843991153,0.1784906897590578,0.1749999999999999,0.1716558542411633,0.1678587877698853,0.16276230822961,0.1534185930647945,0.139198213767814,0.1279999999999999,0.1173863077711301,0.1059460793665317,0.0961916995832848,0.0859707386376812,0.0773304738293017,0.067,0.0550525314306094,0.0460465960482342,0.0387709513766418,0.0326408307407378,0.0268927167402189,0.0220000000000001,0.0170083601818575,0.0129099662609685,0.0107416330392457,0.0077470595132349,0.0057140992573347,0.0040000000000001,0.0022169704090015,0.0009602276421017,-0.0019357756426918,-0.005344377503761,-0.0086107854095853,-0.0109999999999999,-0.014120408121264,-0.0185335408299826,-0.0221481174084784,-0.0273403548259766,-0.0330321234379373,-0.0379999999999999,-0.0438292064043445,-0.0492173297450148,-0.053250876313125,-0.0559783917734476,-0.0585870505877891,-0.0619999999999999,-0.0654024774694209,-0.068093275541655,-0.0701717205061274,-0.0713599694513977,-0.0721968389441618,-0.0729999999999999,-0.0729489378310596,-0.0737082720606792,-0.0737503591788817,-0.0727249280772032,-0.0730512780061569,-0.0719999999999999,-0.0710141306810788,-0.0705997568724217,-0.0691456184866231,-0.0691685215669416,-0.0687996811217977,-0.068,-0.0680673316788046,-0.067331035845612,-0.0668309778120793,-0.0671344160652591,-0.0668559260123505,-0.066,-0.0659801067929519,-0.0655314334106071,-0.0642820515661613,-0.0639925554735729,-0.0639906887719051,-0.064,-0.0639703221839056,-0.0645395255677119,-0.0656109762426224,-0.066253831101251,-0.0672043042927535,-0.0679999999999999,-0.0688388746598835,-0.0691823423502523,-0.0687785672299472,-0.0693577978814736,-0.070077930446984,-0.07,-0.0699132506850944,-0.0706747793692849,-0.0711572056738136,-0.070913364741958,-0.0710351821610136,-0.0709999999999999,-0.070988020429751,-0.0709931825165474,-0.0710673620558767,-0.070756434448863,-0.0698308627946606,-0.0689999999999999,-0.0673316403197238,-0.0662090317470901,-0.065535298753622,-0.0648532217552485,-0.0649809645208861,-0.064,-0.0637983750612562,-0.0648294410773728,-0.0650211271553419,-0.064982150773183,-0.0650702822479639,-0.066,-0.0668759910904947,-0.0676371401764648,-0.0682596538200916,-0.06765884528631,-0.0668490193619024,-0.0659999999999998,-0.0651609017078777,-0.0643195095600635,-0.0635729439444635,-0.0624197364703453,-0.0606653595328685,-0.059,-0.0565001150644616,-0.0545323122763344,-0.0530658251061828,-0.0514463911232976,-0.050977327523287,-0.051,-0.0510758627201722,-0.0503096648224183,-0.0499278614148125,-0.0498127726920132,-0.0488585719838637,-0.049,-0.0490389412445793,-0.0490258406837761,-0.0485854006533312,-0.0478448793964577,-0.0479698466845882,-0.047,-0.0468885198861293,-0.0470885283823846,-0.0472713581254867,-0.0483149181338872,-0.0478620431074118,-0.048,-0.0480719702452678,-0.0483574057736006,-0.0498644015933083,-0.0498510736634316,-0.0501634866907791,-0.0510000000000001,-0.051824290520356,-0.0522206041818581,-0.0517241068191393,-0.0524132358514439,-0.0530397501191547,-0.053,-0.0529950632781997,-0.0530527058614892,-0.0526104102004674,-0.0517521539332558,-0.0521275234215891,-0.052,-0.0510826155020541,-0.0510080446893656,-0.050682769440151,-0.0495037607113359,-0.0490046808904346,-0.049,-0.0481214444653555,-0.0479999819335132,-0.0475824829407099,-0.0468583163554837,-0.0469582068337109,-0.046,-0.0459273013219655,-0.0455897291631763,-0.0442726120822046,-0.0438244571506548,-0.0427661749746397,-0.042,-0.0404580691541957,-0.0384757300201721,-0.0372254411948839,-0.0350179164098241,-0.0324459808640184,-0.0290000000000001,-0.0255960164119396,-0.0224406004555523,-0.0188931405083173,-0.0157414957106116,-0.0123049956842534,-0.0089999999999999,-0.0055944724503344,-0.0034505162775206,-0.0021385186950253,-0.0004050056408087,5.362576316805542e-05,0.0009999999999999,0.0018846552163122,0.0030607992574504,0.0053144461227509,0.0062496010501932,0.0072347481688757,0.0079999999999999,0.008757757751488,0.0097990459542722,0.0103464539363166,0.0114654814401396,0.0120943550572022,0.0129999999999999,0.0132074717125366,0.0121162623348539,0.0121190127407596,0.0116842882538933,0.0108714648927012,0.0099999999999999,0.008342434062608,0.006683751770098,0.004957606287439,0.0033882585751914,0.0016186984116699,1.0737090229263735e-16,-0.0008497305915374,-0.0016705909339433,-0.002452201153429,-0.0035283740262912,-0.0054022191193763,-0.0069999999999999,-0.0078201197510263,-0.0091416924664487,-0.0115176206362186,-0.0138002239536998,-0.0153221953349139,-0.0179999999999998,-0.0214497571279184,-0.0239287157729856,-0.0267171747033576,-0.0284524693141875,-0.0291755710207021,-0.0299999999999999,-0.0299971592806385,-0.0301052869659519,-0.0295206867381095,-0.0287462072873798,-0.0276943299637484,-0.026,-0.0244401644770532,-0.0219523610820252,-0.0194410391478849,-0.0149785144751856,-0.011603600723771,-0.0069999999999999,0.0110140638067446,0.0374894307110461,0.0682877626913543,0.1082904786403206,0.1606580661412909,0.2280000000000001,0.3084371807235604,0.4003600540358472,0.4965334422975975,0.5804277835006298,0.6247521022638837,0.622,0.5746387067310876,0.4530970142772514,0.2741845207809967,0.088177903085853,-0.0851941180676629,-0.2089999999999999,-0.2606353161113502,-0.2492790163009149,-0.1959484360560057,-0.1355608280163229,-0.083541769309448,-0.0479999999999998,-0.0332425871520391,-0.0300522009901668,-0.0295877762661845,-0.0266521716468545,-0.0248368331762036,-0.024,-0.0244367499125999,-0.0278523922111445,-0.0303457130069401,-0.0333836474331489,-0.036525734228806,-0.0379999999999999,-0.0345004552576925,-0.0264619850904293,-0.0217236619846138,-0.0186580778887431,-0.0155061455640924,-0.0139999999999998,-0.0123843490034255,-0.010562251980804,-0.0094108279998105,-0.0086963686389206,-0.0078798673317969,-0.0079999999999999,-0.008085408441353,-0.007826425621113,-0.0084635878231165,-0.0094831010152394,-0.0114359260459547,-0.0130000000000001,-0.0137760366125295,-0.0152535491533246,-0.0170973982004742,-0.0184344701292328,-0.0191022573890501,-0.019,-0.0167272195275479,-0.0123117505003885,-0.0062687283797005,-0.0012269053859676,0.0045334145980142,0.014,0.0188216566501394,0.0194416689264999,0.0207833449416542,0.0210938261892511,0.0222997021119274,0.023,0.0237087085097595,0.0248781330131747,0.0252579568798599,0.0265453104552276,0.0270368757508081,0.0280000000000001,0.0296861260340126,0.0317497612358161,0.0348136009902034,0.0365548452384413,0.0384759217664216,0.0409999999999999,0.043525397331771,0.0454436195663911,0.0471710863447525,0.0503864027819124,0.053640626618536,0.057,0.0595512974927123,0.0624289834784664,0.0662118523258923,0.0692036919264831,0.072661411863133,0.075,0.0781458129544573,0.0819704189268466,0.0846299511256674,0.0888016295658918,0.0927416097561956,0.097,0.100523853323875,0.1033220067654359,0.1074714899243582,0.1096881747537509,0.1128564283509624,0.1170000000000002,0.1201735515202867,0.1250143736348909,0.1295599846920216,0.1338347162670441,0.139063671860218,0.1440000000000002,0.1488600282830392,0.1552749462883638,0.1614644360878232,0.1654156256662091,0.1685255227368775,0.17,0.1715479293771299,0.1735294217831555,0.1747716786876558,0.1768827136067259,0.1781556101718243,0.179,0.1791639393025503,0.1782678582206374,0.1773542567434044,0.1748616220830923,0.1726638622200066,0.171,0.1692787671928733,0.167778444942815,0.1658512776984162,0.1644915344676547,0.1625142361574601,0.1600000000000001,0.1574961905809286,0.1554622626579931,0.1542805354376854,0.1517872954035058,0.1483051971881958,0.145,0.1404269160851455,0.1313276015594821,0.1211813702678665,0.1119999250318327,0.0977998736629972,0.083,0.072649055353078,0.0658125173919687,0.0616058381232703,0.0572944513510345,0.0546703755777855,0.053,0.0504871901832954,0.0480480409583193,0.0454780685770992,0.0427442503516645,0.0379157919424496,0.033,0.0254579866926444,0.0109749868929402,-0.002372166721731,-0.011262937728984,-0.0181747608946877,-0.022,-0.0237453799887395,-0.0247497754479331,-0.0254097792037037,-0.0264275324102809,-0.0270868862559709,-0.028,-0.0297868043555455,-0.030063582762363,-0.0303628924430839,-0.0311901060009812,-0.0310075165079691,-0.0319999999999999,-0.0321606795804328,-0.0317523007526164,-0.0322985849955219,-0.0315949009941539,-0.0308942444937411,-0.0299999999999999,-0.0290996270726022,-0.028449864209925,-0.0273649699580316,-0.0267854365412642,-0.0257614126535521,-0.0249999999999999,-0.0242833806477447,-0.0226181795120325,-0.0213644923046216,-0.0207047676336372,-0.0182156357421213,-0.013,-0.0100235212452699,-0.0114860441025964,-0.0159293648934021,-0.0207862751011605,-0.0248922576810285,-0.0299999999999999,-0.0341668479011715,-0.0394181349861219,-0.0451543042096663,-0.0479219401761734,-0.0504904383426901,-0.0519999999999999,-0.0543470809391095,-0.0567650921616575,-0.0575103323657838,-0.0601489194487489,-0.0609092150412623,-0.0609999999999999,-0.062044090087744,-0.0612321651188579,-0.0610461522641464,-0.0607254712163156,-0.0598510328619081,-0.0589999999999997,-0.0574032154244957,-0.0550691356015422,-0.0526791753805673,-0.0517677355064941,-0.0506877286443312,-0.0489999999999999,-0.0480934676130975,-0.0475304638324151,-0.0456424361820089,-0.04310751477183,-0.0417469223071858,-0.04,-0.039034428125616,-0.0385439734373474,-0.0372353964414888,-0.0370488812067717,-0.0369455404584144,-0.0369999999999999,-0.0377675701917202,-0.0392747973499466,-0.0409568882541993,-0.0430553551652559,-0.0467212517427436,-0.0489999999999999,-0.0506060171091446,-0.0523920322295334,-0.0542494762220521,-0.0571501770346407,-0.0594898081376578,-0.063,-0.0657694326072022,-0.0666539211033166,-0.0670399798013175,-0.0649265971946172,-0.0625865548940219,-0.0599999999999999,-0.0573502573974569,-0.0557527258127358,-0.0538623729519883,-0.0524689574869981,-0.0505822208261065,-0.049,-0.0474130753720367,-0.0459087982883261,-0.0466093141096888,-0.0470025184427098,-0.04708329181724,-0.0479999999999999,-0.0496484233381333,-0.0508898442787941,-0.0512251604521179,-0.0527441916657974,-0.0542094473173073,-0.055,-0.0557969617739432,-0.0572130061514912,-0.0590955171615058,-0.0606288168364945,-0.0622777019362031,-0.0629999999999999,-0.0645305777047881,-0.0665380486626502,-0.0677793672477885,-0.0698514788538731,-0.071227716553058,-0.073,-0.0747771620702021,-0.0761263765210658,-0.0782861939667139,-0.0792387089816007,-0.0802973644369308,-0.0819999999999999,-0.0844007274292831,-0.0871934287378264,-0.0890157406855493,-0.0905342910333094,-0.0910316721092757,-0.0909999999999999,-0.0894730917753664,-0.0874949558980239,-0.0858994057813731,-0.0826660444371847,-0.0807181816676468,-0.078,-0.0737056927401735,-0.0704294489712503,-0.0669671012628362,-0.0661837103063463,-0.0686643224505223,-0.0729999999999998,-0.0779050012898223,-0.0856685594816528,-0.1008784110182513,-0.1171935519118734,-0.1320130200513039,-0.146,-0.1539820632882124,-0.1589563384299797,-0.1635359199067547,-0.1655370270517644,-0.1659015783904172,-0.163,-0.1579639617840144,-0.1520451844022975,-0.1397982228314402,-0.1260452994137254,-0.1175898288243936,-0.111,-0.1058950113851912,-0.1010538269415995,-0.0965400846497207,-0.0941198592182464,-0.0914826162361909,-0.09,-0.0885263132101425,-0.0858091321386401,-0.0840610462211129,-0.0822021530423858,-0.0808323728571412,-0.0800000000000001,-0.077630129298772,-0.0744188400203853,-0.0699854828291293,-0.0604859824477739,-0.0473587867946346,-0.035,-0.0245995007012665,-0.0185200856618378,-0.0148800706777395,-0.0121182302292459,-0.0107025117589095,-0.0089999999999999,-0.0088674337407542,-0.0095151542069569,-0.0115822332575436,-0.0156826479189118,-0.0199269252619687,-0.0249999999999999,-0.0284276437346609,-0.0320776774607504,-0.0366794251427132,-0.0406240918030863,-0.0446943020199129,-0.0469999999999999,-0.0502666454934056,-0.0527540171040463,-0.0536168456031514,-0.0559510416333382,-0.0571878388530562,-0.0589999999999998,-0.0607810006925034,-0.062179654356386,-0.0639147214219631,-0.0637456358556231,-0.0627374498819258,-0.061,-0.06015878191825,-0.0582992927317374,-0.055537027492451,-0.0546700148181319,-0.0524861936743297,-0.0509999999999999,-0.0495463301994454,-0.0467840079017118,-0.0450631064518114,-0.0432538525837624,-0.0417036184939124,-0.0399999999999999,-0.039085555816035,-0.0380184956533887,-0.0352981342786516,-0.0333153330843943,-0.0298990111749791,-0.018,0.0087821157086681,0.0501547436610079,0.1025851606521695,0.1631818717933844,0.2326108852724238,0.3089999999999999,0.3902490469895099,0.4692351490701755,0.5154585576150784,0.5266009352623897,0.5070671097049967,0.4259999999999998,0.2907383024328392,0.1308592110354647,-0.0246170372700925,-0.145321186695025,-0.2206898533699678,-0.236,-0.2029065814039657,-0.145935685962956,-0.0844438197997546,-0.0479977361435998,-0.0314236557483535,-0.026,-0.0351861889351697,-0.0504107397274789,-0.0662259996205294,-0.0759444481505448,-0.0809187718747952,-0.085,-0.0877098886992619,-0.0870036036659635,-0.0810392789187452,-0.0739790771238147,-0.0620970673548418,-0.047,-0.0343119164453212,-0.0243075763061329,-0.020450932797282,-0.0197465506474524,-0.0187509739490823,-0.0169999999999999,-0.015959404177662,-0.016556789005567,-0.0181983725840772,-0.0210659627732914,-0.0221262820311493,-0.024,-0.0259223510709116,-0.0260421066105661,-0.0249476175119193,-0.0194608859034103,-0.0139868421418512,-0.007,0.0009665252264228,0.0047324347258403,0.0079125232997559,0.009232574063057,0.0103796736845771,0.0119999999999999,0.0126876900019557,0.0145408288542511,0.0152882915935403,0.0169486899105653,0.0193787336110914,0.0209999999999999,0.023516770098531,0.0254425229719259,0.0269182178702783,0.028747923696995,0.0302187386862185,0.0309999999999997,0.0325884913817181,0.0344189534222599,0.0359766306216643,0.0374761681028711,0.0381940160265026,0.0399999999999999,0.04092658946514,0.0420717099392016,0.0439480010685315,0.0440021049526486,0.0453421865255009,0.0459999999999999,0.0466796664345345,0.0478903323613485,0.0485350512931613,0.0510503762794399,0.0520996954736042,0.0539999999999999,0.056712275305467,0.0580901757865494,0.0605927142429514,0.0630146247906733,0.0668805338855929,0.0709999999999999,0.0765850258107952,0.0830917371397133,0.087957822152249,0.0949896962757449,0.1011170331828735,0.1089999999999999,0.1193914995631323,0.1254060955748301,0.1292037134413235,0.131966414744892,0.1345705704599709,0.1370000000000002,0.1386337310978326,0.1404336588406048,0.1418333671547846,0.1439672148490198,0.1465089712686829,0.149,0.1506990518275849,0.1527657602222669,0.155965054758012,0.1595368515518208,0.1638997464251271,0.1699999999999999,0.1815767451996425,0.1906030997502375,0.1935846605207107,0.1977491270946595,0.2003749090807398,0.203,0.2049328950672756,0.205437566017342,0.2065207617746335,0.2054211715131874,0.2049888272457503,0.2039999999999998,0.2030475490159475,0.2020545629595192,0.1995825195281508,0.1986905655423698,0.1964287304626175,0.194,0.1900740472489547,0.1853300776970735,0.1815686225895655,0.1755586661265783,0.1712053924321545,0.1649999999999999,0.1573757241055352,0.1493580915502393,0.1383373552154517,0.1300531243939726,0.1224503748895323,0.116,0.1095354405776002,0.102710713497967,0.0987767406323884,0.0941576941472709,0.0916841598812522,0.089,0.0862539272656542,0.0844814545766129,0.0806509169853298,0.0778838631574756,0.0727988624384457,0.068,0.0625696266572432,0.0547405946250442,0.0469459427003831,0.0325297613268239,0.0188322322765784,0.0110000000000001,0.0057530510458705,0.0023033314469655,-0.0004067136651099,-0.0015051501981659,-0.0047573009951954,-0.0069999999999999,-0.0099394385773841,-0.014904969071291,-0.0172112122242324,-0.0203270829457467,-0.0222992406263586,-0.025,-0.026975550656511,-0.0277622520945328,-0.0309638300536697,-0.0325589202175354,-0.035764202899938,-0.038,-0.0402571640978729,-0.0429537218477961,-0.0432905908986423,-0.0462952918854794,-0.0469545266784921,-0.049,-0.0511306665466192,-0.0509591365957409,-0.0537329351460241,-0.0537632493007695,-0.0556251840280837,-0.0569999999999998,-0.0574676127652771,-0.0598863099258094,-0.0599881746740765,-0.0618444587808301,-0.0618577365764357,-0.0629999999999999,-0.0634108459357175,-0.0623171986700167,-0.0635226188961281,-0.060772866435446,-0.0613775948691631,-0.0599999999999998,-0.0577985922826306,-0.0577234459021158,-0.0533478707733099,-0.0533098730222428,-0.0498994910875545,-0.0469999999999999,-0.04504469985401,-0.0412390489362803,-0.0441619507023789,-0.0454648665422025,-0.0516458543735173,-0.0559999999999999,-0.058657776388946,-0.0644460712181038,-0.0661072362049697,-0.0727165105861082,-0.0723887973880198,-0.0739999999999998,-0.0736013429145047,-0.0679081687493189,-0.0696280953675587,-0.0593603447019446,-0.0600888614612349,-0.0529999999999999,-0.0435602721399241,-0.0463059423434999,-0.0250608032396041,-0.0440505698142268,-0.0092686066113783
