ECG
-0.056
-0.058
-0.053
-0.045
-0.036
-0.023
-0.005
0.015
0.035
0.047
0.053
0.057
0.061
0.064
0.068
0.072
0.077
0.084
0.092
0.105
0.127
0.144
0.161
0.179
0.197
0.211
0.222
0.232
0.241
0.249
0.258
0.268
0.275
0.278
0.28
0.283
0.285
0.288
0.288
0.284
0.274
0.262
0.248
0.227
0.211
0.203
0.198
0.194
0.191
0.188
0.184
0.18
0.176
0.172
0.167
0.161
0.153
0.14
0.115
0.099
0.077
0.048
0.024
0.006
-0.012
-0.031
-0.05
-0.069
-0.084
-0.097
-0.104
-0.107
-0.109
-0.113
-0.117
-0.115
-0.101
-0.079
-0.052
-0.025
0.003
0.052
0.107
0.17
0.241
0.314
0.381
0.437
0.489
0.519
0.54
0.553
0.559
0.552
0.536
0.511
0.48
0.46
0.449
0.435
0.419
0.402
0.385
0.371
0.36
0.346
0.33
0.307
0.276
0.244
0.223
0.206
0.185
0.168
0.153
0.147
0.153
0.167
0.187
0.217
0.248
0.276
0.302
0.33
0.35
0.361
0.369
0.373
0.371
0.363
0.352
0.338
0.317
0.296
0.267
0.233
0.202
0.169
0.144
0.128
0.118
0.111
0.107
0.104
0.101
0.1
0.099
0.098
0.098
0.099
0.102
0.105
0.109
0.114
0.118
0.121
0.124
0.126
0.129
0.133
0.136
0.14
0.144
0.147
0.15
0.151
0.15
0.149
0.147
0.145
0.143
0.141
0.138
0.136
0.134
0.133
0.131
0.129
0.127
0.124
0.12
0.115
0.11
0.105
0.1
0.095
0.091
0.086
0.081
0.074
0.062
0.053
0.052
0.06
0.074
0.095
0.129
0.185
0.239
0.29
0.306
0.311
0.314
0.299
0.251
0.2
0.144
0.09
0.035
0.008
-0.003
-0.008
-0.013
-0.016
-0.02
-0.025
-0.03
-0.035
-0.04
-0.044
-0.049
-0.052
-0.057
-0.061
-0.065
-0.069
-0.073
-0.076
-0.079
-0.081
-0.083
-0.085
-0.086
-0.089
-0.091
-0.093
-0.094
-0.094
-0.09
-0.084
-0.075
-0.065
-0.049
-0.024
-0.006
0.006
0.016
0.025
0.034
0.042
0.047
0.051
0.054
0.056
0.058
0.061
0.064
0.067
0.07
0.073
0.077
0.082
0.088
0.097
0.113
0.127
0.138
0.15
0.161
0.17
0.179
0.183
0.186
0.189
0.192
0.195
0.197
0.199
0.201
0.202
0.203
0.202
0.201
0.199
0.197
0.194
0.192
0.189
0.186
0.182
0.178
0.172
0.16
0.149
0.139
0.123
0.098
0.074
0.057
0.042
0.029
0.018
0.005
-0.01
-0.018
-0.023
-0.028
-0.032
-0.035
-0.038
-0.041
-0.043
-0.045
-0.046
-0.047
-0.048
-0.047
-0.047
-0.046
-0.045
-0.043
-0.042
-0.04
-0.036
-0.033
-0.028
-0.021
0.005
0.049
0.103
0.157
0.206
0.253
0.286
0.325
0.353
0.366
0.375
0.372
0.352
0.338
0.327
0.318
0.309
0.301
0.293
0.288
0.282
0.278
0.274
0.271
0.268
0.265
0.262
0.259
0.255
0.252
0.248
0.244
0.239
0.23
0.221
0.214
0.208
0.204
0.2
0.197
0.194
0.192
0.189
0.185
0.182
0.178
0.173
0.167
0.16
0.149
0.129
0.111
0.102
0.097
0.093
0.089
0.085
0.082
0.078
0.075
0.073
0.07
0.067
0.061
0.05
0.024
0.0
-0.015
-0.028
-0.038
-0.047
-0.053
-0.054
-0.047
-0.035
-0.017
0.01
0.027
0.037
0.043
0.048
0.052
0.056
0.06
0.064
0.068
0.07
0.069
0.064
0.056
0.048
0.04
0.029
0.018
0.007
-0.003
-0.009
-0.013
-0.016
-0.019
-0.022
-0.025
-0.027
-0.03
-0.032
-0.033
-0.035
-0.037
-0.039
-0.042
-0.044
-0.046
-0.049
-0.052
-0.054
-0.056
-0.057
-0.056
-0.052
-0.046
-0.038
-0.027
-0.006
0.026
0.071
0.126
0.184
0.232
0.249
0.249
0.232
0.207
0.176
0.127
0.081
0.034
-0.008
-0.022
-0.029
-0.031
-0.031
-0.031
-0.031
-0.031
-0.031
-0.03
-0.03
-0.029
-0.028
-0.027
-0.026
-0.026
-0.027
-0.028
-0.029
-0.03
-0.032
-0.033
-0.034
-0.035
-0.035
-0.036
-0.036
-0.036
-0.036
-0.036
-0.037
-0.037
-0.038
-0.039
-0.04
-0.041
-0.042
-0.042
-0.041
-0.04
-0.038
-0.035
-0.032
-0.029
-0.026
-0.024
-0.022
-0.02
-0.019
-0.017
-0.015
-0.013
-0.01
-0.007
-0.003
0.0
0.004
0.009
0.013
0.019
0.025
0.033
0.046
0.059
0.066
0.071
0.075
0.079
0.082
0.085
0.088
0.09
0.091
0.091
0.089
0.085
0.08
0.075
0.068
0.061
0.05
0.039
0.029
0.018
0.007
-0.004
-0.016
-0.027
-0.039
-0.05
-0.062
-0.073
-0.083
-0.091
-0.099
-0.108
-0.119
-0.129
-0.133
-0.136
-0.138
-0.141
-0.144
-0.146
-0.148
-0.149
-0.151
-0.153
-0.154
-0.155
-0.156
-0.156
-0.156
-0.156
-0.155
-0.155
-0.155
-0.155
-0.155
-0.156
-0.157
-0.158
-0.158
-0.159
-0.16
-0.161
-0.162
-0.164
-0.166
-0.168
-0.17
-0.173
-0.181
-0.19
-0.197
-0.202
-0.206
-0.207
-0.209
-0.21
-0.212
-0.214
-0.215
-0.216
-0.216
-0.216
-0.216
-0.216
-0.217
-0.217
-0.217
-0.218
-0.219
-0.219
-0.22
-0.221
-0.222
-0.224
-0.225
-0.225
-0.225
-0.225
-0.225
-0.225
-0.226
-0.227
-0.228
-0.229
-0.229
-0.23
-0.23
-0.23
-0.23
-0.23
-0.23
-0.23
-0.23
-0.229
-0.229
-0.228
-0.228
-0.228
-0.227
-0.225
-0.223
-0.22
-0.218
-0.215
-0.212
-0.21
-0.207
-0.205
-0.203
-0.201
-0.198
-0.194
-0.189
-0.183
-0.176
-0.17
-0.165
-0.161
-0.157
-0.153
-0.15
-0.147
-0.145
-0.142
-0.137
-0.133
-0.13
-0.129
-0.131
-0.135
-0.142
-0.151
-0.168
-0.199
-0.223
-0.24
-0.247
-0.253
-0.259
-0.262
-0.257
-0.244
-0.229
-0.21
-0.193
-0.169
-0.143
-0.119
-0.093
-0.07
-0.053
-0.034
-0.023
-0.016
-0.011
-0.006
-0.001
0.002
0.006
0.011
0.018
0.032
0.058
0.084
0.108
0.149
0.197
0.255
0.316
0.359
0.373
0.355
0.295
0.186
0.067
-0.027
-0.054
-0.063
-0.038
0.004
0.033
0.04
0.044
0.047
0.049
0.05
0.047
0.042
0.035
0.029
0.023
0.015
0.006
0.0
0.0
0.004
0.013
0.022
0.028
0.033
0.038
0.044
0.049
0.054
0.059
0.062
0.066
0.069
0.073
0.076
0.082
0.092
0.105
0.122
0.135
0.147
0.156
0.165
0.173
0.18
0.186
0.191
0.196
0.2
0.204
0.208
0.211
0.215
0.219
0.223
0.228
0.233
0.238
0.243
0.248
0.253
0.259
0.264
0.269
0.274
0.279
0.284
0.286
0.286
0.283
0.279
0.273
0.265
0.254
0.236
0.217
0.2
0.186
0.175
0.166
0.159
0.154
0.15
0.147
0.143
0.138
0.133
0.126
0.117
0.103
0.08
0.06
0.042
0.027
0.012
-0.001
-0.011
-0.02
-0.027
-0.032
-0.034
-0.032
-0.027
-0.021
-0.013
-0.006
0.003
0.013
0.023
0.033
0.052
0.079
0.121
0.164
0.208
0.252
0.3
0.324
0.342
0.353
0.338
0.312
0.286
0.269
0.258
0.247
0.232
0.221
0.21
0.2
0.191
0.183
0.176
0.169
0.161
0.154
0.15
0.148
0.146
0.14
0.147
0.18
0.206
0.219
0.228
0.234
0.236
0.232
0.224
0.213
0.202
0.187
0.176
0.167
0.155
0.141
0.123
0.112
0.107
0.102
0.099
0.096
0.092
0.088
0.084
0.081
0.077
0.072
0.068
0.062
0.053
0.045
0.039
0.035
0.033
0.031
0.029
0.027
0.025
0.023
0.022
0.02
0.02
0.02
0.021
0.023
0.026
0.03
0.034
0.037
0.041
0.044
0.047
0.05
0.052
0.054
0.056
0.058
0.061
0.063
0.066
0.069
0.071
0.074
0.075
0.076
0.077
0.078
0.078
0.079
0.08
0.081
0.083
0.083
0.084
0.086
0.087
0.089
0.091
0.093
0.095
0.097
0.098
0.098
0.096
0.093
0.089
0.083
0.076
0.065
0.047
0.033
0.022
0.014
0.007
0.0
-0.006
-0.012
-0.017
-0.022
-0.024
-0.024
-0.021
-0.016
-0.01
0.012
0.044
0.087
0.141
0.201
0.248
0.264
0.246
0.187
0.082
-0.025
-0.091
-0.112
-0.1
-0.064
-0.042
-0.036
-0.033
-0.031
-0.029
-0.027
-0.025
-0.023
-0.021
-0.018
-0.016
-0.015
-0.017
-0.019
-0.022
-0.024
-0.025
-0.028
-0.031
-0.034
-0.036
-0.035
-0.031
-0.026
-0.021
-0.017
-0.014
-0.011
-0.007
-0.004
-0.001
0.001
0.004
0.008
0.011
0.014
0.017
0.021
0.026
0.031
0.036
0.042
0.048
0.055
0.062
0.072
0.081
0.09
0.1
0.117
0.144
0.162
0.172
0.18
0.188
0.196
0.201
0.205
0.208
0.211
0.214
0.216
0.219
0.222
0.224
0.226
0.228
0.231
0.234
0.237
0.241
0.245
0.249
0.253
0.261
0.271
0.271
0.264
0.258
0.253
0.248
0.242
0.234
0.221
0.201
0.181
0.163
0.151
0.141
0.13
0.116
0.099
0.089
0.084
0.081
0.078
0.074
0.07
0.066
0.062
0.059
0.057
0.055
0.052
0.05
0.048
0.046
0.044
0.042
0.04
0.039
0.037
0.035
0.033
0.029
0.02
0.012
0.003
-0.01
-0.019
-0.024
-0.027
-0.031
-0.035
-0.038
-0.041
-0.045
-0.047
-0.05
-0.053
-0.057
-0.061
-0.065
-0.073
-0.083
-0.089
-0.094
-0.097
-0.099
-0.104
-0.111
-0.12
-0.127
-0.135
-0.143
-0.149
-0.154
-0.159
-0.164
-0.169
-0.175
-0.18
-0.183
-0.186
-0.193
-0.207
-0.22
-0.227
-0.234
-0.239
-0.244
-0.25
-0.25
-0.242
-0.22
-0.162
-0.074
0.039
0.161
0.269
0.34
0.364
0.372
0.376
0.378
0.377
0.374
0.369
0.353
0.325
0.298
0.281
0.262
0.244
0.217
0.19
0.174
0.157
0.139
0.123
0.104
0.083
0.062
0.041
0.02
0.0
-0.018
-0.035
-0.05
-0.063
-0.077
-0.094
-0.113
-0.134
-0.155
-0.167
-0.174
-0.179
-0.181
-0.181
-0.18
-0.179
-0.178
-0.176
-0.174
-0.173
-0.177
-0.186
-0.199
-0.215
-0.238
-0.264
-0.281
-0.294
-0.303
-0.31
-0.315
-0.32
-0.325
-0.324
-0.314
-0.308
-0.303
-0.299
-0.296
-0.295
-0.296
-0.299
-0.303
-0.309
-0.319
-0.338
-0.354
-0.365
-0.374
-0.384
-0.393
-0.402
-0.411
-0.42
-0.414
-0.394
-0.36
-0.32
-0.274
-0.22
-0.17
-0.13
-0.118
-0.113
-0.118
-0.152
-0.197
-0.247
-0.297
-0.342
-0.38
-0.397
-0.403
-0.405
-0.402
-0.397
-0.393
-0.39
-0.387
-0.385
-0.382
-0.38
-0.378
-0.375
-0.371
-0.366
-0.357
-0.346
-0.336
-0.325
-0.317
-0.309
-0.3
-0.291
-0.268
-0.237
-0.202
-0.166
-0.135
-0.116
-0.098
-0.082
-0.071
-0.063
-0.063
-0.074
-0.086
-0.099
-0.109
-0.114
-0.118
-0.121
-0.123
-0.125
-0.124
-0.124
-0.122
-0.12
-0.117
-0.105
-0.058
0.026
0.147
0.28
0.39
0.441
0.458
0.448
0.434
0.423
0.43
0.437
0.442
0.445
0.443
0.44
0.437
0.435
0.434
0.433
0.432
0.43
0.429
0.426
0.423
0.419
0.414
0.409
0.4
0.391
0.384
0.373
0.357
0.341
0.325
0.313
0.304
0.291
0.275
0.255
0.236
0.219
0.207
0.197
0.189
0.179
0.166
0.152
0.139
0.128
0.119
0.109
0.099
0.091
0.085
0.079
0.076
0.074
0.073
0.072
0.071
0.07
0.07
0.069
0.068
0.067
0.065
0.064
0.063
0.062
0.061
0.06
0.059
0.058
0.058
0.057
0.057
0.057
0.057
0.057
0.056
0.056
0.055
0.054
0.054
0.054
0.053
0.053
0.052
0.052
0.052
0.052
0.051
0.051
0.05
0.05
0.049
0.049
0.049
0.049
0.049
0.049
0.049
0.049
0.05
0.049
0.049
0.048
0.047
0.047
0.047
0.047
0.047
0.047
0.047
0.047
0.048
0.048
0.047
0.046
0.045
0.044
0.045
0.048
0.051
0.054
0.055
0.056
0.057
0.058
0.06
0.061
0.061
0.062
0.062
0.062
0.063
0.063
0.062
0.061
0.06
0.059
0.059
0.059
0.059
0.059
0.06
0.061
0.062
0.063
0.063
0.063
0.063
0.063
0.063
0.063
0.064
0.065
0.066
0.067
0.069
0.07
0.072
0.073
0.075
0.075
0.076
0.077
0.077
0.077
0.078
0.08
0.082
0.083
0.081
0.077
0.071
0.063
0.052
0.044
0.039
0.035
0.031
0.029
0.031
0.037
0.044
0.05
0.056
0.062
0.068
0.074
0.08
0.086
0.092
0.098
0.102
0.106
0.109
0.112
0.116
0.12
0.124
0.129
0.135
0.142
0.152
0.166
0.181
0.201
0.225
0.266
0.323
0.402
0.493
0.581
0.632
0.634
0.587
0.482
0.358
0.246
0.189
0.171
0.184
0.223
0.252
0.258
0.263
0.266
0.269
0.271
0.272
0.272
0.272
0.272
0.272
0.271
0.27
0.268
0.265
0.264
0.263
0.262
0.262
0.262
0.26
0.259
0.257
0.255
0.254
0.253
0.251
0.249
0.247
0.245
0.242
0.239
0.236
0.232
0.227
0.222
0.218
0.215
0.212
0.21
0.208
0.206
0.204
0.203
0.202
0.201
0.2
0.199
0.198
0.198
0.198
0.2
0.202
0.205
0.209
0.212
0.216
0.219
0.223
0.226
0.23
0.233
0.236
0.239
0.24
0.241
0.241
0.241
0.241
0.24
0.238
0.236
0.233
0.23
0.225
0.216
0.195
0.176
0.154
0.128
0.102
0.076
0.05
0.025
0.001
-0.021
-0.043
-0.064
-0.084
-0.103
-0.121
-0.134
-0.144
-0.155
-0.164
-0.172
-0.181
-0.19
-0.198
-0.206
-0.213
-0.22
-0.227
-0.232
-0.236
-0.24
-0.244
-0.247
-0.25
-0.252
-0.254
-0.255
-0.256
-0.257
-0.258
-0.259
-0.26
-0.26
-0.26
-0.261
-0.261
-0.262
-0.262
-0.262
-0.261
-0.259
-0.258
-0.256
-0.255
-0.253
-0.251
-0.25
-0.249
-0.248
-0.247
-0.247
-0.246
-0.246
-0.245
-0.245
-0.244
-0.244
-0.243
-0.243
-0.243
-0.243
-0.242
-0.242
-0.242
-0.242
-0.242
-0.242
-0.242
-0.242
-0.241
-0.241
-0.24
-0.24
-0.24
-0.239
-0.239
-0.238
-0.237
-0.236
-0.235
-0.235
-0.234
-0.233
-0.231
-0.23
-0.228
-0.226
-0.222
-0.216
-0.211
-0.207
-0.202
-0.198
-0.193
-0.188
-0.183
-0.177
-0.171
-0.166
-0.16
-0.154
-0.148
-0.144
-0.14
-0.136
-0.133
-0.129
-0.126
-0.121
-0.115
-0.11
-0.104
-0.097
-0.089
-0.082
-0.075
-0.066
-0.054
-0.043
-0.034
-0.027
-0.022
-0.019
-0.018
-0.016
-0.013
-0.011
-0.015
-0.023
-0.031
-0.039
-0.045
-0.048
-0.051
-0.053
-0.055
-0.056
-0.054
-0.048
-0.041
-0.033
-0.023
-0.016
-0.01
-0.006
-0.004
-0.001
0.0
0.001
0.002
0.004
0.006
0.007
0.009
0.011
0.013
0.015
0.018
0.022
0.029
0.036
0.04
0.048
0.061
0.086
0.128
0.184
0.246
0.311
0.374
0.426
0.447
0.442
0.394
0.299
0.189
0.097
0.051
0.047
0.072
0.122
0.165
0.179
0.17
0.156
0.138
0.122
0.111
0.098
0.089
0.081
0.076
0.072
0.069
0.067
0.065
0.064
0.063
0.062
0.061
0.06
0.059
0.059
0.059
0.059
0.06
0.06
0.061
0.063
0.064
0.066
0.067
0.068
0.07
0.07
0.071
0.072
0.073
0.074
0.075
0.076
0.077
0.078
0.08
0.081
0.082
0.084
0.085
0.086
0.087
0.088
0.089
0.09
0.093
0.097
0.105
0.114
0.126
0.135
0.143
0.15
0.155
0.159
0.162
0.164
0.165
0.166
0.168
0.169
0.17
0.171
0.17
0.168
0.165
0.161
0.156
0.15
0.14
0.123
0.11
0.098
0.086
0.071
0.057
0.045
0.036
0.029
0.02
0.01
-0.001
-0.014
-0.027
-0.042
-0.055
-0.066
-0.076
-0.085
-0.094
-0.102
-0.111
-0.121
-0.126
-0.129
-0.131
-0.133
-0.135
-0.137
-0.139
-0.141
-0.143
-0.145
-0.147
-0.149
-0.151
-0.153
-0.155
-0.157
-0.161
-0.167
-0.173
-0.179
-0.186
-0.191
-0.194
-0.196
-0.199
-0.201
-0.203
-0.204
-0.206
-0.208
-0.209
-0.211
-0.212
-0.214
-0.215
-0.216
-0.217
-0.218
-0.218
-0.219
-0.219
-0.22
-0.221
-0.222
-0.223
-0.224
-0.224
-0.225
-0.226
-0.227
-0.227
-0.228
-0.228
-0.228
-0.229
-0.229
-0.23
-0.231
-0.231
-0.231
-0.232
-0.233
-0.234
-0.234
-0.235
-0.236
-0.238
-0.242
-0.229
-0.189
-0.135
-0.062
0.027
0.119
0.194
0.225
0.225
0.191
0.142
0.103
0.08
0.063
0.052
0.043
0.034
0.025
0.015
0.004
-0.006
-0.015
-0.022
-0.029
-0.036
-0.043
-0.05
-0.054
-0.059
-0.062
-0.066
-0.068
-0.069
-0.069
-0.069
-0.068
-0.068
-0.067
-0.067
-0.067
-0.066
-0.065
-0.064
-0.063
-0.062
-0.062
-0.062
-0.062
-0.064
-0.066
-0.068
-0.072
-0.076
-0.08
-0.086
-0.098
-0.113
-0.125
-0.135
-0.146
-0.159
-0.167
-0.173
-0.178
-0.183
-0.187
-0.192
-0.196
-0.199
-0.202
-0.205
-0.208
-0.211
-0.213
-0.216
-0.218
-0.221
-0.223
-0.225
-0.227
-0.228
-0.23
-0.232
-0.235
-0.24
-0.244
-0.244
-0.239
-0.23
-0.203
-0.165
-0.115
-0.058
0.007
0.077
0.137
0.169
0.169
0.135
0.052
-0.051
-0.148
-0.205
-0.223
-0.213
-0.18
-0.14
-0.12
-0.114
-0.121
-0.127
-0.132
-0.136
-0.135
-0.13
-0.124
-0.116
-0.106
-0.095
-0.088
-0.084
-0.08
-0.076
-0.072
-0.068
-0.064
-0.061
-0.057
-0.054
-0.051
-0.049
-0.046
-0.044
-0.041
-0.039
-0.037
-0.035
-0.032
-0.029
-0.025
-0.021
-0.014
-0.007
0.0
0.009
0.017
0.023
0.028
0.035
0.043
0.054
0.063
0.071
0.079
0.086
0.095
0.105
0.115
0.121
0.124
0.127
0.13
0.133
0.136
0.139
0.142
0.146
0.15
0.154
0.159
0.164
0.169
0.174
0.179
0.183
0.187
0.191
0.194
0.197
0.198
0.198
0.196
0.193
0.189
0.184
0.175
0.158
0.142
0.128
0.115
0.1
0.085
0.072
0.06
0.049
0.039
0.026
0.015
0.006
0.0
-0.008
-0.015
-0.016
-0.017
-0.017
-0.017
-0.018
-0.018
-0.019
-0.019
-0.019
-0.019
-0.018
-0.018
-0.017
-0.017
-0.017
-0.018
-0.02
-0.024
-0.027
-0.03
-0.031
-0.034
-0.036
-0.037
-0.037
-0.034
-0.03
-0.025
-0.019
-0.01
0.001
0.003
0.004
0.004
0.005
0.006
0.006
0.006
0.006
0.005
0.004
0.003
0.001
0.001
0.001
0.001
0.002
0.003
0.004
0.005
0.007
0.01
0.015
0.028
0.045
0.06
0.071
0.08
0.086
0.09
0.093
0.095
0.096
0.096
0.094
0.09
0.086
0.081
0.075
0.069
0.065
0.061
0.055
0.049
0.045
0.042
0.041
0.039
0.037
0.035
0.032
0.03
0.029
0.027
0.025
0.023
0.023
0.024
0.025
0.026
0.027
0.029
0.031
0.033
0.03
0.027
0.025
0.023
0.021
0.02
0.019
0.018
0.019
0.02
0.023
0.026
0.029
0.033
0.037
0.042
0.045
0.047
0.049
0.05
0.051
0.051
0.051
0.052
0.053
0.055
0.056
0.057
0.058
0.059
0.061
0.063
0.065
0.068
0.074
0.077
0.075
0.068
0.059
0.05
0.045
0.042
0.049
0.068
0.098
0.13
0.162
0.189
0.21
0.222
0.23
0.236
0.237
0.229
0.204
0.189
0.183
0.179
0.179
0.179
0.18
0.181
0.182
0.183
0.184
0.183
0.182
0.181
0.179
0.178
0.175
0.172
0.181
0.206
0.246
0.299
0.368
0.449
0.532
0.604
0.626
0.618
0.549
0.436
0.313
0.214
0.175
0.173
0.21
0.256
0.276
0.282
0.268
0.26
0.257
0.256
0.254
0.251
0.249
0.247
0.246
0.245
0.245
0.245
0.246
0.246
0.246
0.246
0.247
0.247
0.247
0.247
0.247
0.248
0.247
0.247
0.246
0.246
0.245
0.245
0.245
0.245
0.245
0.245
0.245
0.246
0.247
0.25
0.253
0.256
0.258
0.261
0.264
0.267
0.27
0.274
0.277
0.281
0.284
0.288
0.292
0.296
0.298
0.298
0.296
0.293
0.289
0.283
0.275
0.267
0.257
0.244
0.23
0.219
0.213
0.21
0.207
0.205
0.202
0.2
0.198
0.195
0.193
0.189
0.185
0.18
0.176
0.171
0.165
0.158
0.152
0.144
0.132
0.112
0.089
0.07
0.058
0.049
0.036
0.02
0.001
-0.01
-0.017
-0.024
-0.029
-0.034
-0.042
-0.058
-0.067
-0.07
-0.073
-0.076
-0.078
-0.079
-0.08
-0.081
-0.082
-0.083
-0.084
-0.085
-0.085
-0.086
-0.087
-0.087
-0.088
-0.089
-0.089
-0.088
-0.088
-0.089
-0.09
-0.09
-0.09
-0.089
-0.087
-0.084
-0.081
-0.079
-0.076
-0.073
-0.071
-0.071
-0.074
-0.079
-0.083
-0.087
-0.09
-0.094
-0.097
-0.099
-0.099
-0.099
-0.098
-0.097
-0.096
-0.093
-0.089
-0.086
-0.089
-0.094
-0.097
-0.099
-0.101
-0.103
-0.105
-0.107
-0.11
-0.111
-0.112
-0.113
-0.113
-0.112
-0.112
-0.111
-0.11
-0.109
-0.108
-0.107
-0.105
-0.103
-0.101
-0.098
-0.096
-0.093
-0.09
-0.087
-0.084
-0.081
-0.078
-0.076
-0.074
-0.073
-0.073
-0.073
-0.073
-0.073
-0.073
-0.073
-0.073
-0.074
-0.075
-0.075
-0.075
-0.075
-0.076
-0.076
-0.077
-0.078
-0.08
-0.082
-0.084
-0.086
-0.081
-0.072
-0.066
-0.061
-0.056
-0.051
-0.046
-0.04
-0.035
-0.031
-0.027
-0.024
-0.02
-0.018
-0.016
-0.015
-0.014
-0.013
-0.013
-0.012
-0.012
-0.011
-0.01
-0.009
-0.01
-0.013
-0.019
-0.026
-0.034
-0.044
-0.051
-0.056
-0.058
-0.06
-0.061
-0.061
-0.062
-0.062
-0.062
-0.062
-0.063
-0.063
-0.063
-0.063
-0.063
-0.063
-0.063
-0.062
-0.062
-0.062
-0.062
-0.062
-0.062
-0.061
-0.061
-0.061
-0.06
-0.059
-0.057
-0.055
-0.053
-0.046
-0.029
0.001
0.041
0.094
0.158
0.227
0.29
0.319
0.316
0.266
0.173
0.06
-0.044
-0.101
-0.119
-0.106
-0.065
-0.031
-0.02
-0.029
-0.041
-0.05
-0.043
-0.021
0.01
0.021
0.025
0.021
0.015
0.01
0.005
0.002
0.001
0.003
0.006
0.008
0.009
0.009
0.01
0.011
0.013
0.014
0.016
0.018
0.02
0.022
0.024
0.026
0.027
0.029
0.03
0.031
0.032
0.034
0.035
0.037
0.039
0.041
0.043
0.045
0.046
0.047
0.048
0.049
0.049
0.051
0.052
0.054
0.057
0.062
0.073
0.084
0.094
0.102
0.109
0.115
0.124
0.133
0.14
0.143
0.145
0.147
0.149
0.15
0.151
0.151
0.151
0.15
0.149
0.147
0.144
0.141
0.138
0.134
0.129
0.12
0.111
0.102
0.092
0.08
0.068
0.056
0.044
0.033
0.017
0.0
-0.014
-0.029
-0.045
-0.06
-0.075
-0.091
-0.098
-0.1
-0.102
-0.104
-0.105
-0.107
-0.108
-0.11
-0.111
-0.112
-0.113
-0.112
-0.11
-0.108
-0.106
-0.104
-0.103
-0.102
-0.101
-0.101
-0.1
-0.1
-0.099
-0.097
-0.095
-0.093
-0.092
-0.09
-0.088
-0.086
-0.084
-0.083
-0.083
-0.084
-0.085
-0.087
-0.089
-0.09
-0.092
-0.095
-0.097
-0.1
-0.102
-0.104
-0.106
-0.109
-0.113
-0.116
-0.12
-0.122
-0.124
-0.126
-0.126
-0.127
-0.128
-0.128
-0.129
-0.13
-0.131
-0.132
-0.133
-0.135
-0.136
-0.137
-0.138
-0.139
-0.14
-0.141
-0.142
-0.142
-0.143
-0.143
-0.145
-0.146
-0.147
-0.148
-0.149
-0.149
-0.149
-0.15
-0.15
-0.149
-0.148
-0.146
-0.145
-0.145
-0.144
-0.144
-0.143
-0.141
-0.139
-0.139
-0.139
-0.14
-0.141
-0.142
-0.142
-0.143
-0.143
-0.144
-0.145
-0.146
-0.146
-0.143
-0.138
-0.134
-0.13
-0.127
-0.125
-0.123
-0.121
-0.12
-0.118
-0.117
-0.115
-0.114
-0.113
-0.111
-0.109
-0.108
-0.107
-0.107
-0.106
-0.105
-0.103
-0.102
-0.1
-0.098
-0.096
-0.093
-0.087
-0.081
-0.078
-0.076
-0.074
-0.072
-0.07
-0.068
-0.069
-0.075
-0.083
-0.093
-0.106
-0.113
-0.117
-0.12
-0.122
-0.124
-0.125
-0.126
-0.125
-0.124
-0.121
-0.118
-0.113
-0.104
-0.087
-0.069
-0.049
-0.028
-0.014
-0.009
-0.006
-0.004
-0.003
-0.002
-0.004
-0.009
-0.014
-0.018
-0.023
-0.027
-0.027
-0.025
-0.018
0.0
0.033
0.077
0.131
0.187
0.228
0.243
0.245
0.235
0.206
0.163
0.115
0.068
0.026
-0.013
-0.024
-0.026
-0.028
-0.029
-0.032
-0.037
-0.041
-0.046
-0.052
-0.056
-0.056
-0.051
-0.039
-0.007
0.04
0.106
0.193
0.303
0.437
0.591
0.744
0.858
0.914
0.933
0.944
0.951
0.975
1.036
1.087
1.104
1.099
1.085
1.041
1.018
1.019
1.047
1.086
1.108
1.115
1.104
1.069
1.021
0.969
0.914
0.856
0.8
0.751
0.711
0.678
0.655
0.63
0.606
0.581
0.559
0.539
0.521
0.505
0.487
0.472
0.46
0.449
0.44
0.434
0.428
0.422
0.415
0.406
0.394
0.383
0.371
0.36
0.352
0.346
0.342
0.339
0.334
0.33
0.324
0.315
0.304
0.295
0.283
0.265
0.244
0.221
0.197
0.175
0.155
0.135
0.116
0.095
0.078
0.068
0.06
0.053
0.048
0.045
0.042
0.039
0.035
0.03
0.024
0.018
0.011
0.005
0.0
-0.006
-0.012
-0.017
-0.022
-0.025
-0.027
-0.029
-0.03
-0.032
-0.033
-0.035
-0.036
-0.038
-0.039
-0.041
-0.042
-0.043
-0.043
-0.043
-0.044
-0.045
-0.046
-0.047
-0.049
-0.051
-0.053
-0.056
-0.06
-0.063
-0.066
-0.069
-0.073
-0.076
-0.08
-0.083
-0.086
-0.09
-0.095
-0.099
-0.102
-0.103
-0.101
-0.098
-0.094
-0.09
-0.086
-0.08
-0.075
-0.075
-0.082
-0.091
-0.095
-0.098
-0.101
-0.104
-0.106
-0.108
-0.11
-0.111
-0.112
-0.113
-0.114
-0.115
-0.117
-0.118
-0.119
-0.121
-0.123
-0.124
-0.125
-0.126
-0.128
-0.129
-0.13
-0.13
-0.131
-0.131
-0.132
-0.133
-0.133
-0.134
-0.134
-0.135
-0.136
-0.137
-0.139
-0.14
-0.14
-0.14
-0.141
-0.141
-0.141
-0.142
-0.142
-0.142
-0.142
-0.142
-0.142
-0.142
-0.143
-0.144
-0.145
-0.146
-0.15
-0.152
-0.148
-0.139
-0.132
-0.127
-0.122
-0.117
-0.111
-0.105
-0.1
-0.096
-0.093
-0.09
-0.088
-0.085
-0.083
-0.081
-0.079
-0.076
-0.074
-0.072
-0.071
-0.069
-0.068
-0.066
-0.064
-0.062
-0.06
-0.058
-0.056
-0.055
-0.055
-0.057
-0.06
-0.064
-0.068
-0.071
-0.074
-0.076
-0.079
-0.082
-0.084
-0.087
-0.09
-0.093
-0.096
-0.099
-0.101
-0.102
-0.102
-0.102
-0.101
-0.1
-0.099
-0.097
-0.096
-0.095
-0.094
-0.093
-0.092
-0.09
-0.086
-0.078
-0.071
-0.065
-0.061
-0.056
-0.052
-0.046
-0.039
-0.028
0.007
0.063
0.136
0.221
0.307
0.376
0.386
0.366
0.275
0.148
0.022
-0.065
-0.088
-0.086
-0.05
-0.021
-0.013
-0.008
-0.006
-0.005
-0.005
-0.007
-0.01
-0.014
-0.019
-0.024
-0.027
-0.032
-0.036
-0.041
-0.044
-0.047
-0.048
-0.049
-0.048
-0.046
-0.043
-0.039
-0.035
-0.031
-0.027
-0.023
-0.019
-0.016
-0.012
-0.009
-0.006
-0.004
-0.002
-0.001
0.0
0.001
0.003
0.005
0.007
0.01
0.012
0.015
0.018
0.022
0.025
0.028
0.032
0.037
0.044
0.055
0.066
0.077
0.087
0.099
0.109
0.118
0.125
0.129
0.133
0.137
0.142
0.148
0.155
0.162
0.168
0.174
0.18
0.185
0.187
0.187
0.186
0.186
0.186
0.185
0.185
0.185
0.185
0.184
0.179
0.172
0.164
0.152
0.133
0.117
0.102
0.09
0.076
0.062
0.045
0.026
0.006
-0.005
-0.013
-0.019
-0.024
-0.028
-0.032
-0.036
-0.04
-0.043
-0.046
-0.047
-0.048
-0.049
-0.05
-0.052
-0.053
-0.054
-0.055
-0.056
-0.056
-0.056
-0.057
-0.058
-0.058
-0.057
-0.056
-0.055
-0.054
-0.053
-0.053
-0.052
-0.052
-0.051
-0.051
-0.051
-0.051
-0.051
-0.051
-0.05
-0.049
-0.048
-0.047
-0.046
-0.045
-0.044
-0.043
-0.043
-0.043
-0.044
-0.045
-0.047
-0.048
-0.048
-0.048
-0.049
-0.049
-0.048
-0.048
-0.047
-0.046
-0.046
-0.046
-0.047
-0.048
-0.049
-0.05
-0.051
-0.051
-0.052
-0.052
-0.052
-0.052
-0.052
-0.051
-0.05
-0.05
-0.049
-0.049
-0.049
-0.049
-0.049
-0.05
-0.05
-0.051
-0.052
-0.052
-0.052
-0.051
-0.051
-0.05
-0.05
-0.051
-0.051
-0.05
-0.05
-0.049
-0.049
-0.049
-0.05
-0.05
-0.05
-0.05
-0.049
-0.049
-0.048
-0.048
-0.046
-0.045
-0.043
-0.041
-0.04
-0.039
-0.038
-0.037
-0.036
-0.035
-0.034
-0.033
-0.032
-0.031
-0.03
-0.029
-0.027
-0.026
-0.024
-0.022
-0.02
-0.017
-0.014
-0.011
-0.007
-0.003
0.0
0.002
0.005
0.007
0.011
0.016
0.02
0.024
0.028
0.03
0.031
0.032
0.031
0.03
0.028
0.024
0.019
0.014
0.009
0.005
0.0
-0.007
-0.013
-0.018
-0.02
-0.022
-0.022
-0.023
-0.024
-0.026
-0.027
-0.028
-0.029
-0.03
-0.031
-0.032
-0.033
-0.032
-0.031
-0.03
-0.029
-0.028
-0.028
-0.027
-0.026
-0.024
-0.022
-0.021
-0.019
-0.018
-0.016
-0.013
-0.009
-0.003
0.007
0.038
0.1
0.206
0.366
0.573
0.809
1.041
1.232
1.355
1.375
1.356
1.257
1.137
1.008
0.892
0.801
0.739
0.714
0.705
0.7
0.696
0.689
0.68
0.668
0.652
0.63
0.611
0.592
0.573
0.554
0.537
0.523
0.508
0.493
0.478
0.463
0.45
0.439
0.431
0.426
0.421
0.418
0.414
0.41
0.406
0.402
0.397
0.392
0.388
0.383
0.377
0.372
0.366
0.361
0.355
0.35
0.345
0.339
0.334
0.328
0.321
0.314
0.306
0.298
0.29
0.28
0.271
0.265
0.261
0.258
0.256
0.255
0.253
0.251
0.249
0.247
0.246
0.244
0.243
0.243
0.243
0.243
0.244
0.244
0.244
0.244
0.244
0.244
0.243
0.242
0.242
0.241
0.24
0.24
0.237
0.232
0.225
0.214
0.195
0.176
0.156
0.138
0.125
0.112
0.099
0.086
0.072
0.054
0.032
0.013
0.0
-0.011
-0.025
-0.045
-0.064
-0.077
-0.089
-0.095
-0.099
-0.102
-0.105
-0.106
-0.108
-0.109
-0.11
-0.111
-0.113
-0.114
-0.115
-0.116
-0.118
-0.12
-0.122
-0.123
-0.125
-0.125
-0.126
-0.128
-0.13
-0.132
-0.134
-0.136
-0.138
-0.14
-0.142
-0.144
-0.146
-0.147
-0.148
-0.148
-0.148
-0.147
-0.147
-0.146
-0.145
-0.144
-0.143
-0.142
-0.141
-0.14
-0.14
-0.139
-0.138
-0.137
-0.135
-0.134
-0.133
-0.132
-0.132
-0.132
-0.133
-0.136
-0.139
-0.143
-0.148
-0.157
-0.177
-0.196
-0.209
-0.221
-0.23
-0.237
-0.243
-0.249
-0.255
-0.259
-0.262
-0.264
-0.265
-0.267
-0.267
-0.267
-0.265
-0.262
-0.257
-0.253
-0.25
-0.248
-0.245
-0.243
-0.241
-0.238
-0.235
-0.233
-0.23
-0.228
-0.225
-0.223
-0.222
-0.221
-0.22
-0.22
-0.22
-0.219
-0.219
-0.218
-0.217
-0.217
-0.216
-0.214
-0.212
-0.21
-0.208
-0.206
-0.205
-0.204
-0.204
-0.202
-0.201
-0.199
-0.197
-0.193
-0.187
-0.173
-0.159
-0.147
-0.138
-0.13
-0.121
-0.114
-0.111
-0.109
-0.108
-0.106
-0.105
-0.103
-0.101
-0.1
-0.099
-0.099
-0.098
-0.097
-0.096
-0.095
-0.095
-0.096
-0.096
-0.096
-0.097
-0.097
-0.097
-0.098
-0.098
-0.098
-0.097
-0.096
-0.096
-0.096
-0.098
-0.104
-0.11
-0.118
-0.125
-0.135
-0.143
-0.148
-0.15
-0.152
-0.153
-0.154
-0.155
-0.155
-0.156
-0.157
-0.157
-0.156
-0.156
-0.154
-0.152
-0.15
-0.148
-0.146
-0.144
-0.142
-0.139
-0.137
-0.135
-0.133
-0.131
-0.128
-0.126
-0.124
-0.121
-0.118
-0.113
-0.105
-0.072
-0.021
0.046
0.127
0.211
0.285
0.331
0.335
0.308
0.226
0.114
0.0
-0.084
-0.109
-0.106
-0.067
-0.026
-0.011
-0.006
-0.013
-0.024
-0.03
-0.033
-0.037
-0.04
-0.043
-0.046
-0.048
-0.05
-0.051
-0.053
-0.054
-0.055
-0.055
-0.055
-0.054
-0.054
-0.053
-0.053
-0.053
-0.053
-0.053
-0.054
-0.055
-0.055
-0.054
-0.052
-0.049
-0.046
-0.042
-0.039
-0.035
-0.032
-0.029
-0.027
-0.024
-0.022
-0.019
-0.017
-0.015
-0.013
-0.012
-0.01
-0.007
-0.004
0.0
0.007
0.015
0.022
0.03
0.039
0.049
0.059
0.07
0.076
0.08
0.083
0.086
0.089
0.092
0.094
0.097
0.099
0.1
0.101
0.102
0.103
0.104
0.105
0.107
0.11
0.113
0.116
0.116
0.112
0.105
0.096
0.084
0.065
0.045
0.025
0.006
-0.009
-0.022
-0.033
-0.046
-0.061
-0.072
-0.082
-0.091
-0.097
-0.103
-0.107
-0.109
-0.11
-0.112
-0.113
-0.115
-0.116
-0.117
-0.118
-0.118
-0.119
-0.119
-0.12
-0.12
-0.12
-0.12
-0.119
-0.119
-0.118
-0.118
-0.117
-0.116
-0.114
-0.112
-0.11
-0.108
-0.107
-0.106
-0.104
-0.103
-0.1
-0.098
-0.096
-0.094
-0.092
-0.089
-0.084
-0.08
-0.076
-0.072
-0.069
-0.065
-0.061
-0.056
-0.052
-0.048
-0.046
-0.044
-0.042
-0.04
-0.038
-0.036
-0.035
-0.034
-0.034
-0.033
-0.032
-0.031
-0.031
-0.031
-0.03
-0.03
-0.03
-0.029
-0.028
-0.028
-0.028
-0.029
-0.03
-0.03
-0.031
-0.031
-0.031
-0.031
-0.031
-0.031
-0.031
-0.03
-0.029
-0.029
-0.029
-0.028
-0.028
-0.027
-0.026
-0.025
-0.025
-0.024
-0.023
-0.022
-0.02
-0.018
-0.016
-0.014
-0.012
-0.01
-0.006
0.0
0.005
0.01
0.015
0.019
0.024
0.028
0.033
0.039
0.044
0.05
0.056
0.062
0.068
0.075
0.086
0.103
0.124
0.132
0.136
0.139
0.142
0.143
0.145
0.146
0.147
0.147
0.148
0.149
0.151
0.152
0.154
0.155
0.156
0.157
0.158
0.159
0.161
0.163
0.165
0.167
0.169
0.172
0.176
0.18
0.184
0.188
0.192
0.194
0.196
0.196
0.194
0.191
0.187
0.182
0.176
0.169
0.162
0.149
0.138
0.13
0.124
0.121
0.118
0.116
0.114
0.112
0.11
0.109
0.108
0.107
0.107
0.106
0.106
0.105
0.105
0.106
0.106
0.107
0.109
0.11
0.11
0.111
0.112
0.114
0.116
0.118
0.122
0.125
0.128
0.137
0.161
0.186
0.213
0.263
0.327
0.402
0.476
0.517
0.515
0.461
0.341
0.195
0.071
0.015
0.013
0.056
0.123
0.157
0.169
0.168
0.154
0.148
0.145
0.141
0.138
0.135
0.133
0.129
0.127
0.123
0.121
0.12
0.119
0.121
0.122
0.124
0.126
0.127
0.129
0.13
0.132
0.132
0.133
0.134
0.134
0.135
0.137
0.138
0.14
0.142
0.144
0.146
0.149
0.151
0.152
0.154
0.155
0.157
0.159
0.162
0.164
0.167
0.17
0.173
0.177
0.181
0.185
0.188
0.19
0.193
0.196
0.2
0.204
0.207
0.211
0.214
0.217
0.22
0.222
0.224
0.224
0.224
0.223
0.223
0.222
0.22
0.219
0.217
0.215
0.212
0.21
0.207
0.205
0.201
0.192
0.182
0.17
0.158
0.146
0.134
0.123
0.11
0.094
0.077
0.055
0.03
0.01
-0.003
-0.018
-0.03
-0.041
-0.052
-0.061
-0.069
-0.075
-0.08
-0.084
-0.089
-0.093
-0.097
-0.1
-0.102
-0.105
-0.107
-0.108
-0.11
-0.11
-0.111
-0.111
-0.11
-0.108
-0.105
-0.102
-0.098
-0.095
-0.092
-0.089
-0.087
-0.086
-0.085
-0.084
-0.083
-0.082
-0.08
-0.078
-0.076
-0.074
-0.073
-0.072
-0.072
-0.071
-0.071
-0.071
-0.071
-0.071
-0.071
-0.071
-0.07
-0.069
-0.068
-0.066
-0.065
-0.065
-0.064
-0.064
-0.064
-0.064
-0.064
-0.064
-0.065
-0.066
-0.067
-0.067
-0.068
-0.069
-0.07
-0.072
-0.074
-0.075
-0.076
-0.077
-0.079
-0.08
-0.081
-0.083
-0.083
-0.083
-0.084
-0.085
-0.086
-0.088
-0.089
-0.091
-0.092
-0.093
-0.094
-0.096
-0.096
-0.096
-0.096
-0.095
-0.095
-0.095
-0.094
-0.094
-0.093
-0.093
-0.093
-0.094
-0.095
-0.095
-0.096
-0.096
-0.096
-0.096
-0.097
-0.097
-0.098
-0.097
-0.097
-0.096
-0.096
-0.096
-0.097
-0.097
-0.098
-0.098
-0.098
-0.098
-0.097
-0.096
-0.094
-0.091
-0.088
-0.085
-0.082
-0.079
-0.075
-0.072
-0.068
-0.063
-0.059
-0.056
-0.055
-0.054
-0.053
-0.055
-0.057
-0.059
-0.063
-0.067
-0.071
-0.075
-0.078
-0.083
-0.089
-0.094
-0.098
-0.1
-0.1
-0.098
-0.096
-0.093
-0.09
-0.088
-0.085
-0.081
-0.077
-0.072
-0.068
-0.063
-0.058
-0.052
-0.044
-0.032
-0.025
-0.021
-0.018
-0.015
-0.012
-0.013
-0.02
-0.032
-0.047
-0.066
-0.073
-0.079
-0.085
-0.076
-0.048
-0.007
0.04
0.094
0.109
0.114
0.102
0.032
-0.059
-0.152
-0.224
-0.251
-0.26
-0.243
-0.217
-0.184
-0.162
-0.149
-0.14
-0.136
-0.134
-0.131
-0.13
-0.128
-0.126
-0.123
-0.121
-0.117
-0.114
-0.109
-0.104
-0.098
-0.088
-0.079
-0.07
-0.065
-0.061
-0.057
-0.053
-0.05
-0.048
-0.048
-0.048
-0.05
-0.053
-0.055
-0.057
-0.059
-0.06
-0.061
-0.063
-0.065
-0.067
-0.069
-0.071
-0.073
-0.075
-0.077
-0.079
-0.081
-0.083
-0.086
-0.088
-0.091
-0.094
-0.097
-0.1
-0.103
-0.106
-0.109
-0.111
-0.114
-0.117
-0.12
-0.122
-0.125
-0.128
-0.131
-0.135
-0.139
-0.143
-0.147
-0.151
-0.154
-0.157
-0.161
-0.165
-0.17
-0.176
-0.182
-0.189
-0.194
-0.201
-0.214
-0.236
-0.25
-0.26
-0.27
-0.281
-0.294
-0.308
-0.322
-0.329
-0.333
-0.337
-0.341
-0.343
-0.344
-0.345
-0.345
-0.345
-0.343
-0.341
-0.338
-0.334
-0.33
-0.326
-0.323
-0.317
-0.311
-0.304
-0.297
-0.29
-0.283
-0.278
-0.272
-0.267
-0.261
-0.257
-0.254
-0.252
-0.25
-0.248
-0.246
-0.242
-0.239
-0.237
-0.238
-0.241
-0.247
-0.255
-0.267
-0.289
-0.304
-0.314
-0.322
-0.329
-0.336
-0.343
-0.346
-0.341
-0.332
-0.326
-0.321
-0.316
-0.312
-0.309
-0.308
-0.311
-0.315
-0.32
-0.326
-0.331
-0.336
-0.342
-0.348
-0.354
-0.359
-0.363
-0.367
-0.37
-0.374
-0.378
-0.382
-0.384
-0.386
-0.387
-0.388
-0.389
-0.389
-0.389
-0.387
-0.385
-0.382
-0.379
-0.375
-0.371
-0.364
-0.349
-0.336
-0.317
-0.293
-0.273
-0.258
-0.244
-0.233
-0.225
-0.217
-0.21
-0.203
-0.189
-0.169
-0.15
-0.131
-0.1
-0.067
-0.032
0.005
0.044
0.088
0.141
0.204
0.275
0.349
0.421
0.485
0.536
0.58
0.626
0.671
0.712
0.724
0.732
0.737
0.742
0.751
0.77
0.81
0.853
0.881
0.903
0.917
0.927
0.934
0.943
0.955
0.975
0.991
1.004
1.012
1.012
1.006
0.997
0.988
0.978
0.973
0.977
0.988
1.005
1.03
1.075
1.124
1.174
1.215
1.251
1.273
1.292
1.306
1.319
1.335
1.355
1.371
1.38
1.39
1.4
1.407
1.414
1.419
1.422
1.422
1.419
1.413
1.406
1.4
1.393
1.386
1.38
1.374
1.367
1.36
1.352
1.345
1.341
1.339
1.337
1.335
1.331
1.331
1.341
1.367
1.401
1.445
1.494
1.539
1.566
1.575
1.559
1.508
1.411
1.292
1.177
1.091
1.066
1.058
1.065
1.074
1.08
1.067
1.045
1.025
1.015
1.01
1.004
0.999
0.993
0.981
0.962
0.948
0.94
0.933
0.927
0.92
0.911
0.899
0.887
0.871
0.852
0.834
0.815
0.794
0.775
0.758
0.739
0.723
0.711
0.696
0.68
0.665
0.653
0.641
0.63
0.619
0.604
0.585
0.566
0.547
0.53
0.518
0.503
0.489
0.475
0.463
0.453
0.445
0.436
0.426
0.417
0.407
0.399
0.393
0.39
0.388
0.387
0.387
0.386
0.386
0.385
0.385
0.384
0.383
0.381
0.38
0.38
0.379
0.378
0.378
0.377
0.375
0.372
0.369
0.359
0.339
0.32
0.302
0.274
0.241
0.204
0.17
0.142
0.117
0.092
0.064
0.033
0.005
-0.019
-0.034
-0.049
-0.065
-0.084
-0.102
-0.12
-0.136
-0.15
-0.164
-0.179
-0.195
-0.21
-0.224
-0.235
-0.244
-0.251
-0.256
-0.26
-0.264
-0.27
-0.277
-0.289
-0.307
-0.321
-0.331
-0.341
-0.348
-0.352
-0.355
-0.358
-0.36
-0.363
-0.365
-0.368
-0.37
-0.373
-0.376
-0.38
-0.381
-0.382
-0.383
-0.383
-0.384
-0.385
-0.386
-0.387
-0.387
-0.384
-0.38
-0.376
-0.373
-0.369
-0.366
-0.363
-0.36
-0.357
-0.355
-0.353
-0.351
-0.347
-0.342
-0.336
-0.329
-0.324
-0.32
-0.316
-0.311
-0.307
-0.303
-0.296
-0.287
-0.279
-0.271
-0.264
-0.256
-0.252
-0.249
-0.247
-0.245
-0.243
-0.239
-0.237
-0.234
-0.231
-0.228
-0.219
-0.209
-0.206
-0.205
-0.204
-0.204
-0.203
-0.202
-0.202
-0.203
-0.205
-0.206
-0.208
-0.211
-0.213
-0.214
-0.215
-0.216
-0.218
-0.219
-0.219
-0.219
-0.219
-0.218
-0.217
-0.215
-0.213
-0.21
-0.208
-0.205
-0.202
-0.2
-0.197
-0.193
-0.191
-0.19
-0.192
-0.196
-0.2
-0.206
-0.212
-0.221
-0.227
-0.228
-0.229
-0.23
-0.23
-0.231
-0.231
-0.231
-0.228
-0.224
-0.22
-0.217
-0.213
-0.209
-0.206
-0.202
-0.199
-0.196
-0.193
-0.191
-0.189
-0.186
-0.184
-0.182
-0.181
-0.181
-0.183
-0.185
-0.189
-0.193
-0.199
-0.209
-0.215
-0.217
-0.218
-0.219
-0.22
-0.222
-0.223
-0.224
-0.225
-0.227
-0.227
-0.228
-0.228
-0.228
-0.227
-0.227
-0.225
-0.224
-0.223
-0.222
-0.22
-0.219
-0.217
-0.215
-0.212
-0.205
-0.198
-0.194
-0.189
-0.184
-0.178
-0.171
-0.163
-0.139
-0.102
-0.048
0.025
0.113
0.205
0.279
0.312
0.289
0.212
0.101
-0.008
-0.086
-0.114
-0.116
-0.094
-0.065
-0.046
-0.04
-0.041
-0.05
-0.064
-0.082
-0.091
-0.097
-0.101
-0.103
-0.103
-0.101
-0.097
-0.093
-0.088
-0.082
-0.075
-0.068
-0.063
-0.059
-0.056
-0.052
-0.048
-0.045
-0.04
-0.032
-0.015
0.006
0.025
0.037
0.044
0.051
0.057
0.062
0.068
0.071
0.067
0.059
0.053
0.048
0.043
0.041
0.039
0.038
0.036
0.034
0.032
0.033
0.036
0.04
0.043
0.045
0.047
0.049
0.051
0.052
0.053
0.052
0.052
0.051
0.05
0.048
0.047
0.045
0.044
0.042
0.038
0.035
0.037
0.04
0.042
0.045
0.047
0.048
0.048
0.046
0.042
0.037
0.027
0.008
-0.007
-0.017
-0.025
-0.031
-0.041
-0.058
-0.078
-0.097
-0.11
-0.121
-0.134
-0.145
-0.155
-0.159
-0.161
-0.162
-0.163
-0.164
-0.165
-0.166
-0.166
-0.167
-0.167
-0.166
-0.165
-0.164
-0.161
-0.159
-0.156
-0.153
-0.15
-0.147
-0.145
-0.143
-0.141
-0.139
-0.137
-0.135
-0.134
-0.132
-0.131
-0.129
-0.128
-0.127
-0.126
-0.125
-0.124
-0.123
-0.122
-0.121
-0.119
-0.117
-0.115
-0.112
-0.108
-0.102
-0.096
-0.091
-0.087
-0.084
-0.081
-0.079
-0.078
-0.076
-0.075
-0.074
-0.073
-0.072
-0.072
-0.072
-0.072
-0.072
-0.072
-0.072
-0.071
-0.069
-0.068
-0.067
-0.067
-0.067
-0.067
-0.067
-0.068
-0.069
-0.071
-0.071
-0.072
-0.073
-0.073
-0.074
-0.075
-0.077
-0.079
-0.085
-0.089
-0.085
-0.077
-0.07
-0.065
-0.06
-0.054
-0.048
-0.042
-0.038
-0.036
-0.035
-0.033
-0.032
-0.031
-0.029
-0.027
-0.025
-0.023
-0.021
-0.018
-0.016
-0.014
-0.011
-0.009
-0.007
-0.005
-0.004
-0.002
0.0
0.0
0.002
0.003
0.005
0.006
0.007
0.008
0.008
0.009
0.01
0.011
0.012
0.014
0.017
0.025
0.045
0.055
0.059
0.063
0.067
0.071
0.074
0.076
0.077
0.078
0.079
0.079
0.079
0.079
0.079
0.079
0.079
0.08
0.08
0.077
0.071
0.064
0.056
0.046
0.039
0.033
0.031
0.03
0.028
0.027
0.027
0.026
0.025
0.025
0.024
0.024
0.025
0.026
0.027
0.028
0.029
0.03
0.03
0.03
0.03
0.031
0.031
0.032
0.033
0.034
0.036
0.038
0.04
0.043
0.051
0.069
0.1
0.14
0.195
0.265
0.345
0.416
0.444
0.438
0.375
0.263
0.143
0.048
0.009
0.007
0.037
0.081
0.105
0.113
0.117
0.116
0.109
0.1
0.095
0.091
0.086
0.082
0.078
0.075
0.072
0.07
0.069
0.068
0.067
0.067
0.066
0.066
0.066
0.065
0.064
0.063
0.062
0.061
0.06
0.059
0.059
0.06
0.062
0.063
0.065
0.067
0.068
0.069
0.07
0.071
0.072
0.074
0.076
0.079
0.082
0.086
0.09
0.094
0.098
0.101
0.103
0.106
0.109
0.113
0.117
0.122
0.126
0.13
0.134
0.138
0.141
0.144
0.147
0.15
0.152
0.154
0.154
0.154
0.152
0.15
0.146
0.143
0.139
0.135
0.13
0.125
0.119
0.113
0.106
0.095
0.079
0.066
0.054
0.041
0.028
0.017
0.008
0.0
-0.009
-0.017
-0.026
-0.036
-0.048
-0.059
-0.071
-0.081
-0.091
-0.101
-0.113
-0.123
-0.127
-0.128
-0.129
-0.13
-0.132
-0.133
-0.134
-0.136
-0.137
-0.138
-0.138
-0.138
-0.138
-0.137
-0.136
-0.135
-0.134
-0.132
-0.129
-0.126
-0.124
-0.122
-0.12
-0.118
-0.116
-0.114
-0.111
-0.108
-0.105
-0.101
-0.098
-0.095
-0.092
-0.089
-0.087
-0.086
-0.085
-0.084
-0.083
-0.081
-0.079
-0.077
-0.075
-0.072
-0.067
-0.063
-0.058
-0.053
-0.048
-0.046
-0.044
-0.042
-0.04
-0.039
-0.037
-0.036
-0.034
-0.033
-0.031
-0.031
-0.031
-0.032
-0.033
-0.035
-0.036
-0.039
-0.041
-0.044
-0.048
-0.051
-0.054
-0.056
-0.06
-0.067
-0.074
-0.076
-0.077
-0.078
-0.079
-0.08
-0.081
-0.082
-0.084
-0.085
-0.086
-0.088
-0.089
-0.089
-0.089
-0.088
-0.087
-0.085
-0.083
-0.082
-0.08
-0.079
-0.078
-0.077
-0.076
-0.075
-0.074
-0.072
-0.07
-0.068
-0.065
-0.062
-0.059
-0.057
-0.054
-0.051
-0.048
-0.046
-0.043
-0.04
-0.036
-0.033
-0.031
-0.028
-0.026
-0.024
-0.022
-0.021
-0.019
-0.018
-0.017
-0.016
-0.016
-0.015
-0.014
-0.013
-0.012
-0.011
-0.01
-0.009
-0.007
-0.005
-0.003
0.0
0.002
0.005
0.008
0.01
0.013
0.015
0.018
0.02
0.023
0.025
0.027
0.029
0.031
0.032
0.033
0.034
0.035
0.034
0.034
0.033
0.032
0.032
0.031
0.031
0.03
0.029
0.028
0.027
0.026
0.025
0.024
0.023
0.022
0.02
0.02
0.019
0.019
0.019
0.02
0.021
0.022
0.023
0.024
0.025
0.027
0.029
0.031
0.035
0.043
0.065
0.1
0.144
0.201
0.272
0.353
0.428
0.468
0.467
0.416
0.311
0.191
0.089
0.041
0.024
0.04
0.068
0.092
0.106
0.114
0.1
0.082
0.067
0.062
0.061
0.06
0.059
0.058
0.056
0.055
0.055
0.055
0.055
0.056
0.058
0.062
0.066
0.071
0.075
0.078
0.081
0.083
0.086
0.088
0.09
0.092
0.094
0.096
0.098
0.1
0.102
0.103
0.104
0.106
0.107
0.109
0.11
0.112
0.114
0.116
0.118
0.121
0.125
0.13
0.134
0.137
0.141
0.145
0.15
0.157
0.168
0.174
0.177
0.179
0.181
0.182
0.183
0.184
0.184
0.181
0.177
0.172
0.167
0.162
0.158
0.153
0.148
0.144
0.141
0.137
0.134
0.129
0.123
0.114
0.106
0.098
0.084
0.066
0.05
0.034
0.018
0.002
-0.013
-0.029
-0.045
-0.062
-0.077
-0.087
-0.097
-0.106
-0.113
-0.118
-0.12
-0.122
-0.124
-0.126
-0.127
-0.127
-0.125
-0.123
-0.12
-0.118
-0.116
-0.113
-0.111
-0.109
-0.107
-0.105
-0.103
-0.102
-0.1
-0.099
-0.098
-0.097
-0.095
-0.094
-0.092
-0.09
-0.087
-0.085
-0.083
-0.081
-0.079
-0.078
-0.076
-0.075
-0.073
-0.072
-0.07
-0.068
-0.066
-0.064
-0.063
-0.063
-0.065
-0.066
-0.068
-0.07
-0.071
-0.073
-0.075
-0.077
-0.078
-0.078
-0.077
-0.075
-0.074
-0.072
-0.071
-0.069
-0.067
-0.067
-0.068
-0.071
-0.075
-0.079
-0.082
-0.084
-0.086
-0.089
-0.091
-0.093
-0.095
-0.096
-0.098
-0.099
-0.1
-0.102
-0.103
-0.104
-0.104
-0.105
-0.106
-0.108
-0.109
-0.11
-0.111
-0.111
-0.112
-0.112
-0.113
-0.113
-0.114
-0.114
-0.114
-0.115
-0.115
-0.115
-0.115
-0.115
-0.114
-0.112
-0.111
-0.109
-0.107
-0.105
-0.103
-0.101
-0.1
-0.099
-0.098
-0.097
-0.096
-0.094
-0.092
-0.089
-0.086
-0.083
-0.08
-0.078
-0.076
-0.073
-0.071
-0.069
-0.067
-0.064
-0.06
-0.055
-0.05
-0.046
-0.042
-0.039
-0.035
-0.031
-0.026
-0.022
-0.017
-0.012
-0.008
-0.004
0.0
0.004
0.01
0.015
0.02
0.027
0.034
0.04
0.044
0.046
0.048
0.051
0.054
0.056
0.052
0.044
0.035
0.025
0.019
0.016
0.013
0.01
0.008
0.006
0.006
0.008
0.012
0.015
0.017
0.019
0.02
0.022
0.024
0.026
0.027
0.027
0.028
0.029
0.03
0.031
0.031
0.032
0.032
0.034
0.036
0.04
0.044
0.048
0.073
0.126
0.196
0.279
0.364
0.436
0.468
0.465
0.412
0.308
0.188
0.087
0.042
0.027
0.039
0.074
0.093
0.097
0.1
0.101
0.101
0.1
0.096
0.093
0.091
0.088
0.086
0.082
0.079
0.076
0.074
0.074
0.075
0.075
0.077
0.079
0.082
0.087
0.093
0.103
0.114
0.123
0.131
0.14
0.151
0.16
0.167
0.174
0.179
0.184
0.187
0.19
0.193
0.195
0.197
0.198
0.196
0.192
0.186
0.181
0.178
0.174
0.17
0.167
0.165
0.165
0.168
0.172
0.176
0.18
0.183
0.185
0.188
0.19
0.193
0.194
0.196
0.197
0.198
0.199
0.199
0.198
0.197
0.196
0.194
0.192
0.19
0.187
0.185
0.182
0.179
0.174
0.168
0.162
0.155
0.143
0.123
0.102
0.08
0.063
0.051
0.036
0.021
0.006
-0.008
-0.019
-0.026
-0.032
-0.037
-0.043
-0.049
-0.054
-0.06
-0.066
-0.071
-0.074
-0.076
-0.076
-0.076
-0.076
-0.077
-0.077
-0.077
-0.077
-0.077
-0.077
-0.076
-0.075
-0.072
-0.069
-0.065
-0.063
-0.06
-0.057
-0.054
-0.052
-0.053
-0.056
-0.061
-0.067
-0.073
-0.078
-0.085
-0.091
-0.096
-0.099
-0.1
-0.101
-0.102
-0.104
-0.105
-0.107
-0.108
-0.106
-0.103
-0.099
-0.095
-0.091
-0.086
-0.084
-0.085
-0.09
-0.096
-0.101
-0.105
-0.108
-0.112
-0.115
-0.12
-0.123
-0.126
-0.129
-0.134
-0.155
-0.195
-0.244
-0.297
-0.348
-0.395
-0.407
-0.411
-0.414
-0.4
-0.388
-0.382
-0.375
-0.367
-0.356
-0.345
-0.335
-0.326
-0.316
-0.308
-0.302
-0.298
-0.294
-0.287
-0.278
-0.268
-0.258
-0.25
-0.244
-0.239
-0.233
-0.225
-0.218
-0.212
-0.208
-0.204
-0.2
-0.197
-0.194
-0.192
-0.191
-0.189
-0.188
-0.186
-0.184
-0.182
-0.18
-0.178
-0.176
-0.174
-0.17
-0.166
-0.162
-0.158
-0.153
-0.149
-0.143
-0.137
-0.131
-0.125
-0.12
-0.116
-0.113
-0.109
-0.105
-0.102
-0.099
-0.097
-0.095
-0.092
-0.089
-0.085
-0.081
-0.076
-0.066
-0.059
-0.054
-0.045
-0.029
-0.007
0.013
0.038
0.058
0.075
0.095
0.119
0.146
0.169
0.184
0.188
0.189
0.189
0.189
0.189
0.189
0.189
0.189
0.19
0.19
0.19
0.191
0.192
0.194
0.197
0.201
0.205
0.214
0.233
0.263
0.293
0.33
0.374
0.425
0.465
0.479
0.461
0.405
0.303
0.197
0.117
0.088
0.086
0.111
0.146
0.177
0.196
0.208
0.216
0.219
0.215
0.206
0.191
0.175
0.169
0.164
0.162
0.163
0.168
0.175
0.18
0.185
0.188
0.192
0.194
0.195
0.197
0.198
0.199
0.2
0.2
0.201
0.202
0.203
0.203
0.204
0.206
0.208
0.21
0.213
0.215
0.218
0.221
0.223
0.226
0.23
0.234
0.237
0.24
0.242
0.244
0.245
0.246
0.247
0.248
0.249
0.25
0.251
0.252
0.253
0.255
0.257
0.258
0.26
0.263
0.266
0.269
0.273
0.278
0.286
0.293
0.298
0.302
0.305
0.309
0.31
0.309
0.305
0.299
0.293
0.284
0.278
0.273
0.265
0.252
0.23
0.208
0.194
0.18
0.165
0.151
0.134
0.115
0.095
0.082
0.073
0.067
0.062
0.055
0.041
0.023
0.009
0.003
0.0
-0.002
-0.004
-0.005
-0.005
-0.005
-0.004
-0.003
-0.002
0.0
0.001
0.004
0.007
0.004
-0.001
-0.007
-0.015
-0.019
-0.02
-0.022
-0.023
-0.025
-0.027
-0.028
-0.029
-0.03
-0.031
-0.032
-0.034
-0.035
-0.036
-0.036
-0.038
-0.039
-0.041
-0.041
-0.041
-0.039
-0.037
-0.035
-0.034
-0.033
-0.032
-0.031
-0.029
-0.029
-0.028
-0.028
-0.028
-0.029
-0.029
-0.028
-0.028
-0.028
-0.028
-0.028
-0.027
-0.027
-0.027
-0.026
-0.026
-0.026
-0.026
-0.025
-0.025
-0.026
-0.026
-0.025
-0.025
-0.024
-0.023
-0.022
-0.021
-0.02
-0.019
-0.018
-0.017
-0.016
-0.015
-0.015
-0.014
-0.014
-0.014
-0.013
-0.012
-0.011
-0.01
-0.009
-0.008
-0.007
-0.006
-0.005
-0.003
-0.003
-0.002
-0.002
-0.002
-0.002
-0.002
-0.002
-0.003
-0.003
-0.004
-0.004
-0.004
-0.004
-0.005
-0.006
-0.005
-0.001
0.002
0.005
0.009
0.013
0.017
0.021
0.023
0.026
0.029
0.031
0.032
0.032
0.032
0.03
0.029
0.027
0.025
0.02
0.01
0.001
-0.005
-0.014
-0.02
-0.026
-0.03
-0.03
-0.028
-0.023
-0.019
-0.012
-0.012
-0.016
-0.018
-0.019
-0.02
-0.021
-0.022
-0.023
-0.024
-0.024
-0.025
-0.025
-0.025
-0.025
-0.024
-0.022
-0.021
-0.019
-0.018
-0.015
-0.013
-0.007
0.005
0.028
0.064
0.115
0.178
0.247
0.311
0.36
0.367
0.35
0.265
0.138
0.001
-0.103
-0.14
-0.111
-0.046
0.014
0.037
0.045
0.03
0.02
0.014
0.009
0.006
0.003
0.002
0.001
0.0
0.0
-0.001
-0.003
-0.004
-0.005
-0.007
-0.01
-0.013
-0.016
-0.019
-0.022
-0.024
-0.024
-0.021
-0.017
-0.013
-0.007
0.0
0.007
0.011
0.014
0.017
0.019
0.019
0.018
0.017
0.016
0.015
0.014
0.013
0.012
0.011
0.011
0.01
0.011
0.011
0.012
0.014
0.016
0.019
0.022
0.027
0.032
0.037
0.042
0.05
0.06
0.069
0.074
0.078
0.08
0.082
0.084
0.086
0.087
0.088
0.089
0.09
0.091
0.092
0.093
0.093
0.092
0.09
0.087
0.082
0.076
0.063
0.041
0.019
0.0
-0.02
-0.038
-0.054
-0.073
-0.09
-0.102
-0.112
-0.12
-0.129
-0.14
-0.15
-0.161
-0.174
-0.182
-0.188
-0.192
-0.195
-0.197
-0.198
-0.199
-0.2
-0.201
-0.202
-0.203
-0.205
-0.207
-0.207
-0.207
-0.204
-0.199
-0.194
-0.188
-0.18
-0.172
-0.165
-0.161
-0.158
-0.155
-0.154
-0.153
-0.153
-0.152
-0.151
-0.149
-0.147
-0.146
-0.145
-0.144
-0.142
-0.141
-0.139
-0.137
-0.133
-0.123
-0.118
-0.115
-0.114
-0.112
-0.111
-0.109
-0.108
-0.106
-0.105
-0.104
-0.104
-0.104
-0.105
-0.106
-0.108
-0.11
-0.112
-0.114
-0.117
-0.119
-0.122
-0.124
-0.125
-0.127
-0.129
-0.132
-0.135
-0.138
-0.141
-0.144
-0.145
-0.147
-0.148
-0.15
-0.152
-0.153
-0.154
-0.155
-0.157
-0.16
-0.162
-0.164
-0.165
-0.166
-0.167
-0.169
-0.172
-0.174
-0.176
-0.176
-0.173
-0.168
-0.164
-0.161
-0.159
-0.156
-0.153
-0.15
-0.147
-0.145
-0.142
-0.14
-0.137
-0.134
-0.131
-0.128
-0.124
-0.12
-0.117
-0.113
-0.11
-0.106
-0.102
-0.098
-0.093
-0.087
-0.081
-0.074
-0.065
-0.054
-0.046
-0.039
-0.034
-0.029
-0.026
-0.022
-0.018
-0.014
-0.01
-0.007
-0.005
-0.002
0.0
0.001
0.002
0.002
0.0
-0.001
-0.004
-0.008
-0.012
-0.019
-0.03
-0.042
-0.052
-0.062
-0.064
-0.065
-0.067
-0.068
-0.068
-0.069
-0.067
-0.063
-0.059
-0.056
-0.053
-0.051
-0.049
-0.046
-0.044
-0.041
-0.039
-0.036
-0.033
-0.027
-0.017
-0.008
0.0
0.004
0.01
0.016
0.022
0.033
0.047
0.069
0.103
0.155
0.225
0.307
0.388
0.45
0.459
0.445
0.363
0.243
0.123
0.036
0.019
0.025
0.074
0.12
0.134
0.139
0.137
0.126
0.121
0.118
0.115
0.112
0.11
0.108
0.107
0.106
0.105
0.105
0.105
0.105
0.106
0.107
0.109
0.11
0.112
0.114
0.116
0.12
0.126
0.134
0.143
0.149
0.154
0.159
0.163
0.167
0.171
0.175
0.178
0.182
0.186
0.189
0.192
0.194
0.196
0.198
0.201
0.203
0.205
0.207
0.21
0.212
0.215
0.219
0.222
0.226
0.231
0.239
0.251
0.26
0.268
0.276
0.279
0.281
0.282
0.284
0.286
0.287
0.287
0.286
0.284
0.281
0.277
0.269
0.252
0.237
0.228
0.219
0.211
0.201
0.19
0.18
0.169
0.158
0.147
0.136
0.125
0.113
0.098
0.078
0.059
0.038
0.023
0.013
0.002
-0.007
-0.02
-0.034
-0.048
-0.055
-0.058
-0.061
-0.063
-0.065
-0.066
-0.068
-0.07
-0.072
-0.075
-0.077
-0.079
-0.08
-0.082
-0.083
-0.084
-0.085
-0.085
-0.085
-0.085
-0.086
-0.087
-0.089
-0.09
-0.092
-0.094
-0.095
-0.097
-0.098
-0.098
-0.097
-0.096
-0.094
-0.093
-0.091
-0.089
-0.087
-0.085
-0.082
-0.079
-0.076
-0.067
-0.044
-0.027
-0.014
-0.001
0.015
0.035
0.047
0.053
0.058
0.062
0.066
0.071
0.076
0.081
0.084
0.088
0.091
0.094
0.096
0.097
0.098
0.097
0.096
0.093
0.089
0.085
0.082
0.078
0.073
0.067
0.062
0.058
0.055
0.051
0.047
0.04
0.038
0.041
0.043
0.045
0.047
0.048
0.048
0.044
0.038
0.034
0.03
0.028
0.024
0.021
0.017
0.013
0.009
0.006
0.003
0.0
-0.002
-0.006
-0.008
-0.011
-0.013
-0.016
-0.018
-0.021
-0.023
-0.025
-0.026
-0.026
-0.026
-0.025
-0.023
-0.02
-0.017
-0.013
-0.01
-0.006
-0.002
0.002
0.01
0.019
0.026
0.031
0.035
0.038
0.041
0.044
0.047
0.05
0.052
0.053
0.053
0.052
0.051
0.049
0.046
0.043
0.04
0.037
0.034
0.03
0.025
0.021
0.017
0.011
0.004
-0.004
-0.014
-0.025
-0.036
-0.047
-0.055
-0.062
-0.066
-0.07
-0.074
-0.075
-0.074
-0.071
-0.065
-0.057
-0.029
0.007
0.046
0.07
0.098
0.125
0.14
0.148
0.154
0.161
0.168
0.173
0.181
0.216
0.28
0.346
0.41
0.473
0.53
0.569
0.581
0.588
0.592
0.596
0.609
0.659
0.725
0.79
0.831
0.845
0.827
0.77
0.664
0.538
0.421
0.339
0.322
0.317
0.315
0.311
0.306
0.301
0.293
0.279
0.253
0.223
0.194
0.164
0.138
0.118
0.103
0.088
0.079
0.072
0.067
0.063
0.059
0.056
0.053
0.049
0.044
0.037
0.028
0.019
0.011
0.004
-0.001
-0.004
-0.006
-0.007
-0.009
-0.011
-0.012
-0.012
-0.008
-0.003
0.0
0.003
0.006
0.009
0.011
0.012
0.012
0.012
0.011
0.01
0.009
0.008
0.007
0.006
0.006
0.007
0.01
0.015
0.021
0.027
0.035
0.044
0.05
0.057
0.065
0.075
0.087
0.095
0.1
0.104
0.107
0.109
0.108
0.106
0.102
0.096
0.088
0.078
0.06
0.04
0.023
0.008
-0.003
-0.013
-0.024
-0.038
-0.055
-0.07
-0.082
-0.093
-0.104
-0.117
-0.131
-0.146
-0.155
-0.162
-0.168
-0.176
-0.186
-0.194
-0.199
-0.203
-0.207
-0.211
-0.214
-0.217
-0.219
-0.22
-0.221
-0.221
-0.22
-0.219
-0.217
-0.213
-0.209
-0.205
-0.201
-0.198
-0.194
-0.191
-0.188
-0.184
-0.181
-0.179
-0.176
-0.174
-0.172
-0.169
-0.167
-0.165
-0.164
-0.162
-0.16
-0.158
-0.156
-0.154
-0.153
-0.151
-0.15
-0.15
-0.15
-0.15
-0.15
-0.15
-0.149
-0.149
-0.148
-0.148
-0.147
-0.147
-0.146
-0.145
-0.145
-0.145
-0.145
-0.144
-0.143
-0.142
-0.141
-0.14
-0.139
-0.138
-0.136
-0.134
-0.132
-0.129
-0.127
-0.124
-0.12
-0.112
-0.102
-0.093
-0.085
-0.076
-0.066
-0.053
-0.041
-0.029
-0.025
-0.022
-0.021
-0.02
-0.018
-0.017
-0.016
-0.014
-0.013
-0.012
-0.012
-0.011
-0.01
-0.01
-0.01
-0.009
-0.009
-0.008
-0.008
-0.007
-0.007
-0.006
-0.006
-0.005
-0.005
-0.005
-0.004
-0.004
-0.003
-0.002
-0.001
0.0
0.0
0.0
0.001
0.002
0.003
0.004
0.005
0.006
0.008
0.012
0.016
0.021
0.026
0.03
0.035
0.04
0.046
0.053
0.064
0.082
0.097
0.104
0.109
0.113
0.116
0.119
0.121
0.122
0.121
0.119
0.117
0.113
0.11
0.106
0.102
0.097
0.092
0.088
0.085
0.082
0.079
0.077
0.076
0.075
0.075
0.074
0.072
0.07
0.068
0.066
0.065
0.066
0.068
0.071
0.073
0.076
0.078
0.081
0.084
0.088
0.092
0.095
0.098
0.104
0.113
0.148
0.202
0.265
0.324
0.365
0.381
0.381
0.363
0.308
0.225
0.136
0.074
0.051
0.053
0.075
0.087
0.095
0.101
0.106
0.11
0.112
0.113
0.112
0.111
0.109
0.107
0.105
0.102
0.1
0.096
0.093
0.09
0.087
0.084
0.081
0.078
0.076
0.074
0.072
0.07
0.069
0.068
0.066
0.065
0.063
0.06
0.057
0.054
0.051
0.049
0.047
0.047
0.047
0.048
0.05
0.053
0.056
0.06
0.064
0.068
0.071
0.073
0.076
0.08
0.083
0.088
0.092
0.095
0.099
0.103
0.106
0.111
0.115
0.119
0.123
0.128
0.136
0.145
0.152
0.159
0.164
0.168
0.172
0.177
0.18
0.183
0.184
0.182
0.179
0.173
0.167
0.161
0.153
0.142
0.13
0.12
0.111
0.098
0.082
0.062
0.041
0.021
0.006
-0.005
-0.016
-0.028
-0.042
-0.052
-0.062
-0.07
-0.078
-0.088
-0.095
-0.098
-0.1
-0.101
-0.103
-0.105
-0.107
-0.108
-0.109
-0.11
-0.111
-0.113
-0.114
-0.114
-0.114
-0.114
-0.114
-0.113
-0.113
-0.113
-0.112
-0.111
-0.111
-0.11
-0.109
-0.109
-0.108
-0.107
-0.107
-0.107
-0.107
-0.107
-0.107
-0.107
-0.107
-0.107
-0.107
-0.107
-0.108
-0.108
-0.108
-0.109
-0.11
-0.11
-0.112
-0.113
-0.113
-0.114
-0.114
-0.114
-0.114
-0.115
-0.115
-0.115
-0.115
-0.115
-0.116
-0.116
-0.117
-0.118
-0.119
-0.12
-0.121
-0.122
-0.123
-0.123
-0.124
-0.125
-0.126
-0.127
-0.128
-0.128
-0.13
-0.135
-0.14
-0.144
-0.144
-0.142
-0.14
-0.138
-0.137
-0.137
-0.137
-0.136
-0.135
-0.135
-0.136
-0.137
-0.138
-0.138
-0.139
-0.138
-0.138
-0.139
-0.139
-0.138
-0.138
-0.137
-0.135
-0.134
-0.133
-0.132
-0.13
-0.129
-0.127
-0.125
-0.123
-0.12
-0.118
-0.115
-0.111
-0.108
-0.104
-0.1
-0.097
-0.094
-0.09
-0.087
-0.085
-0.083
-0.081
-0.078
-0.076
-0.073
-0.069
-0.065
-0.059
-0.051
-0.041
-0.034
-0.027
-0.022
-0.019
-0.015
-0.012
-0.009
-0.006
-0.004
-0.003
-0.002
-0.002
-0.002
-0.003
-0.006
-0.01
-0.015
-0.021
-0.026
-0.031
-0.036
-0.041
-0.049
-0.058
-0.066
-0.069
-0.067
-0.062
-0.054
-0.043
-0.022
0.015
0.057
0.092
0.121
0.152
0.173
0.187
0.194
0.187
0.172
0.159
0.145
0.134
0.126
0.12
0.112
0.103
0.093
0.08
0.068
0.055
0.048
0.051
0.061
0.088
0.143
0.22
0.311
0.399
0.452
0.456
0.417
0.32
0.203
0.096
0.042
0.022
0.02
0.027
0.033
0.038
0.04
0.032
0.018
0.008
0.0
-0.005
-0.01
-0.014
-0.017
-0.021
-0.025
-0.028
-0.029
-0.03
-0.032
-0.033
-0.034
-0.035
-0.036
-0.037
-0.038
-0.038
-0.039
-0.039
-0.039
-0.039
-0.039
-0.039
-0.038
-0.038
-0.037
-0.037
-0.037
-0.037
-0.036
-0.035
-0.035
-0.034
-0.033
-0.032
-0.03
-0.028
-0.026
-0.023
-0.021
-0.018
-0.016
-0.013
-0.01
-0.006
-0.002
0.001
0.01
0.022
0.031
0.039
0.047
0.053
0.058
0.063
0.068
0.072
0.076
0.079
0.08
0.081
0.08
0.079
0.078
0.077
0.075
0.073
0.07
0.067
0.063
0.057
0.05
0.043
0.034
0.022
0.007
-0.007
-0.021
-0.032
-0.044
-0.058
-0.073
-0.09
-0.111
-0.127
-0.141
-0.148
-0.15
-0.151
-0.152
-0.153
-0.153
-0.154
-0.154
-0.155
-0.156
-0.157
-0.158
-0.158
-0.158
-0.158
-0.156
-0.155
-0.153
-0.151
-0.149
-0.146
-0.144
-0.142
-0.14
-0.138
-0.135
-0.13
-0.124
-0.117
-0.111
-0.105
-0.099
-0.093
-0.087
-0.081
-0.075
-0.068
-0.062
-0.056
-0.051
-0.047
-0.043
-0.039
-0.035
-0.032
-0.029
-0.026
-0.023
-0.02
-0.016
-0.013
-0.01
-0.008
-0.007
-0.005
-0.004
-0.002
0.0
0.0
0.001
0.002
0.003
0.005
0.007
0.009
0.011
0.012
0.013
0.014
0.015
0.016
0.017
0.018
0.019
0.02
0.022
0.025
0.028
0.032
0.035
0.038
0.04
0.041
0.043
0.044
0.046
0.047
0.048
0.049
0.05
0.051
0.053
0.056
0.058
0.06
0.062
0.064
0.066
0.069
0.072
0.074
0.077
0.078
0.08
0.081
0.083
0.085
0.087
0.088
0.089
0.09
0.092
0.094
0.097
0.099
0.101
0.103
0.105
0.108
0.111
0.113
0.115
0.116
0.118
0.12
0.122
0.125
0.128
0.13
0.133
0.137
0.14
0.143
0.146
0.148
0.151
0.153
0.156
0.159
0.163
0.167
0.173
0.181
0.187
0.193
0.197
0.201
0.204
0.206
0.208
0.21
0.213
0.214
0.215
0.216
0.216
0.215
0.214
0.211
0.207
0.203
0.198
0.193
0.189
0.184
0.18
0.176
0.171
0.165
0.16
0.154
0.15
0.146
0.143
0.14
0.137
0.135
0.134
0.133
0.132
0.131
0.13
0.129
0.128
0.126
0.125
0.124
0.124
0.123
0.124
0.124
0.126
0.128
0.131
0.135
0.14
0.145
0.153
0.168
0.187
0.213
0.245
0.299
0.364
0.436
0.504
0.549
0.564
0.545
0.487
0.383
0.272
0.183
0.161
0.154
0.17
0.193
0.209
0.186
0.172
0.167
0.162
0.159
0.155
0.153
0.151
0.15
0.148
0.146
0.144
0.142
0.14
0.14
0.14
0.139
0.139
0.137
0.136
0.135
0.133
0.132
0.13
0.128
0.126
0.124
0.123
0.121
0.119
0.117
0.115
0.113
0.111
0.11
0.109
0.108
0.109
0.11
0.112
0.114
0.116
0.119
0.121
0.125
0.128
0.132
0.136
0.141
0.148
0.156
0.165
0.172
0.18
0.187
0.194
0.2
0.206
0.211
0.215
0.219
0.222
0.225
0.227
0.23
0.232
0.235
0.238
0.239
0.24
0.238
0.235
0.23
0.223
0.215
0.206
0.19
0.178
0.17
0.156
0.136
0.116
0.092
0.069
0.052
0.038
0.025
0.012
-0.002
-0.016
-0.027
-0.036
-0.044
-0.052
-0.059
-0.071
-0.088
-0.097
-0.102
-0.107
-0.112
-0.116
-0.119
-0.122
-0.124
-0.125
-0.125
-0.126
-0.127
-0.127
-0.127
-0.127
-0.127
-0.127
-0.127
-0.126
-0.126
-0.126
-0.126
-0.125
-0.125
-0.125
-0.125
-0.124
-0.122
-0.119
-0.117
-0.114
-0.111
-0.109
-0.108
-0.106
-0.105
-0.103
-0.101
-0.099
-0.098
-0.097
-0.095
-0.094
-0.092
-0.091
-0.09
-0.089
-0.088
-0.087
-0.086
-0.085
-0.084
-0.084
-0.083
-0.082
-0.081
-0.081
-0.08
-0.079
-0.077
-0.075
-0.074
-0.074
-0.076
-0.078
-0.079
-0.08
-0.081
-0.081
-0.082
-0.083
-0.085
-0.086
-0.088
-0.089
-0.089
-0.089
-0.089
-0.089
-0.088
-0.086
-0.085
-0.084
-0.083
-0.083
-0.084
-0.085
-0.086
-0.086
-0.086
-0.087
-0.087
-0.087
-0.086
-0.085
-0.084
-0.082
-0.08
-0.079
-0.078
-0.078
-0.078
-0.078
-0.078
-0.078
-0.078
-0.077
-0.077
-0.077
-0.076
-0.075
-0.074
-0.073
-0.073
-0.072
-0.072
-0.072
-0.072
-0.072
-0.072
-0.071
-0.07
-0.069
-0.067
-0.065
-0.064
-0.061
-0.059
-0.055
-0.051
-0.046
-0.038
-0.023
-0.012
-0.004
0.002
0.01
0.015
0.017
0.018
0.019
0.019
0.02
0.021
0.021
0.022
0.022
0.021
0.021
0.021
0.021
0.021
0.02
0.02
0.02
0.02
0.021
0.021
0.022
0.023
0.024
0.026
0.028
0.031
0.032
0.034
0.035
0.037
0.037
0.037
0.033
0.028
0.022
0.016
0.011
0.006
0.001
-0.002
-0.006
-0.009
-0.011
-0.011
-0.01
-0.008
-0.006
-0.004
0.0
0.004
0.024
0.06
0.112
0.179
0.249
0.301
0.32
0.306
0.259
0.164
0.058
-0.031
-0.072
-0.085
-0.073
-0.036
-0.01
-0.004
0.0
0.002
0.004
0.005
0.005
0.004
0.004
0.003
0.002
0.001
0.0
-0.001
-0.003
-0.004
-0.004
-0.005
-0.005
-0.005
-0.005
-0.006
-0.007
-0.008
-0.008
-0.007
-0.007
-0.006
-0.005
-0.004
-0.002
-0.001
0.0
0.001
0.002
0.003
0.006
0.013
-0.002
-0.028
-0.06
-0.085
-0.102
-0.109
-0.112
-0.115
-0.119
-0.118
-0.104
-0.066
-0.027
-0.013
-0.004
0.004
0.013
0.027
0.046
0.071
0.089
0.1
0.107
0.115
0.121
0.125
0.127
0.13
0.132
0.135
0.136
0.137
0.137
0.136
0.135
0.133
0.13
0.127
0.123
0.118
0.109
0.1
0.091
0.078
0.059
0.04
0.021
0.007
-0.004
-0.018
-0.032
-0.046
-0.057
-0.066
-0.074
-0.083
-0.093
-0.104
-0.116
-0.126
-0.131
-0.134
-0.137
-0.14
-0.142
-0.143
-0.144
-0.144
-0.144
-0.144
-0.143
-0.141
-0.138
-0.134
-0.131
-0.127
-0.122
-0.113
-0.103
-0.094
-0.083
-0.073
-0.067
-0.064
-0.063
-0.062
-0.061
-0.06
-0.06
-0.059
-0.059
-0.058
-0.057
-0.056
-0.054
-0.052
-0.049
-0.047
-0.045
-0.042
-0.039
-0.037
-0.036
-0.035
-0.034
-0.033
-0.032
-0.03
-0.028
-0.026
-0.025
-0.024
-0.022
-0.02
-0.019
-0.018
-0.017
-0.018
-0.018
-0.019
-0.02
-0.021
-0.022
-0.023
-0.024
-0.025
-0.027
-0.029
-0.031
-0.033
-0.035
-0.037
-0.039
-0.041
-0.043
-0.047
-0.051
-0.055
-0.059
-0.06
-0.06
-0.058
-0.056
-0.053
-0.05
-0.049
-0.047
-0.045
-0.042
-0.039
-0.036
-0.034
-0.032
-0.031
-0.03
-0.03
-0.03
-0.032
-0.033
-0.035
-0.037
-0.038
-0.038
-0.038
-0.038
-0.038
-0.037
-0.037
-0.037
-0.038
-0.039
-0.039
-0.04
-0.04
-0.04
-0.039
-0.037
-0.033
-0.029
-0.024
-0.02
-0.016
-0.013
-0.009
-0.005
-0.001
0.001
0.003
0.005
0.006
0.007
0.008
0.008
0.009
0.009
0.009
0.01
0.012
0.014
0.013
0.005
-0.004
-0.011
-0.017
-0.023
-0.028
-0.031
-0.032
-0.034
-0.035
-0.035
-0.035
-0.035
-0.036
-0.036
-0.037
-0.037
-0.038
-0.038
-0.039
-0.04
-0.04
-0.041
-0.042
-0.042
-0.042
-0.042
-0.041
-0.041
-0.041
-0.04
-0.039
-0.038
-0.037
-0.036
-0.034
-0.032
-0.016
0.022
0.082
0.161
0.246
0.319
0.349
0.347
0.3
0.212
0.108
0.013
-0.041
-0.061
-0.062
-0.046
-0.023
0.0
0.01
0.019
0.018
0.003
-0.014
-0.031
-0.034
-0.036
-0.039
-0.04
-0.034
-0.025
-0.022
-0.02
-0.018
-0.017
-0.015
-0.014
-0.012
-0.01
-0.009
-0.008
-0.008
-0.008
-0.008
-0.008
-0.008
-0.008
-0.008
-0.007
-0.007
-0.006
-0.005
-0.004
-0.003
-0.002
-0.001
0.0
0.0
0.002
0.003
0.005
0.006
0.01
0.015
0.02
0.025
0.03
0.034
0.038
0.044
0.051
0.059
0.066
0.074
0.082
0.091
0.101
0.112
0.119
0.124
0.129
0.132
0.136
0.14
0.143
0.145
0.148
0.151
0.154
0.158
0.161
0.162
0.16
0.156
0.15
0.142
0.131
0.114
0.1
0.083
0.063
0.043
0.021
0.004
-0.006
-0.018
-0.031
-0.045
-0.061
-0.077
-0.089
-0.101
-0.107
-0.112
-0.114
-0.116
-0.118
-0.119
-0.12
-0.12
-0.121
-0.121
-0.122
-0.123
-0.123
-0.122
-0.121
-0.119
-0.117
-0.115
-0.112
-0.11
-0.107
-0.105
-0.103
-0.1
-0.098
-0.094
-0.09
-0.085
-0.081
-0.077
-0.075
-0.072
-0.07
-0.067
-0.066
-0.065
-0.065
-0.065
-0.065
-0.064
-0.064
-0.063
-0.063
-0.063
-0.063
-0.062
-0.062
-0.062
-0.063
-0.064
-0.065
-0.066
-0.067
-0.068
-0.069
-0.069
-0.069
-0.069
-0.068
-0.066
-0.066
-0.066
-0.066
-0.066
-0.064
-0.06
-0.057
-0.055
-0.053
-0.052
-0.05
-0.048
-0.047
-0.046
-0.047
-0.049
-0.051
-0.054
-0.056
-0.059
-0.061
-0.064
-0.067
-0.07
-0.072
-0.073
-0.074
-0.074
-0.074
-0.074
-0.073
-0.072
-0.07
-0.069
-0.067
-0.066
-0.064
-0.062
-0.06
-0.058
-0.055
-0.052
-0.049
-0.045
-0.041
-0.037
-0.032
-0.028
-0.024
-0.02
-0.018
-0.016
-0.014
-0.013
-0.012
-0.011
-0.009
-0.007
-0.005
-0.003
0.0
0.001
0.003
0.004
0.005
0.006
0.007
0.008
0.009
0.01
0.012
0.015
0.02
0.03
0.038
0.041
0.043
0.045
0.047
0.048
0.05
0.051
0.051
0.052
0.053
0.054
0.055
0.056
0.056
0.057
0.058
0.061
0.063
0.058
0.049
0.04
0.032
0.024
0.018
0.014
0.011
0.009
0.006
0.003
0.001
0.0
0.0
-0.001
-0.001
-0.001
-0.001
0.0
0.001
0.003
0.006
0.008
0.011
0.013
0.015
0.017
0.019
0.021
0.024
0.026
0.029
0.033
0.038
0.043
0.05
0.066
0.094
0.134
0.191
0.268
0.359
0.446
0.496
0.496
0.447
0.332
0.191
0.07
0.009
0.002
0.031
0.085
0.102
0.11
0.1
0.079
0.07
0.063
0.059
0.056
0.054
0.052
0.051
0.05
0.049
0.047
0.045
0.044
0.043
0.042
0.043
0.045
0.048
0.052
0.057
0.06
0.063
0.067
0.071
0.074
0.078
0.081
0.084
0.087
0.09
0.093
0.096
0.099
0.102
0.105
0.109
0.113
0.116
0.12
0.125
0.13
0.139
0.154
0.168
0.177
0.183
0.187
0.192
0.196
0.2
0.204
0.207
0.211
0.215
0.218
0.222
0.226
0.229
0.233
0.236
0.239
0.242
0.245
0.247
0.249
0.25
0.251
0.252
0.251
0.25
0.247
0.243
0.238
0.233
0.225
0.208
0.195
0.179
0.158
0.138
0.116
0.098
0.084
0.067
0.053
0.041
0.029
0.018
0.01
0.004
-0.001
-0.006
-0.01
-0.015
-0.019
-0.022
-0.024
-0.025
-0.027
-0.028
-0.029
-0.031
-0.032
-0.032
-0.033
-0.032
-0.032
-0.031
-0.03
-0.029
-0.027
-0.025
-0.023
-0.022
-0.02
-0.018
-0.017
-0.016
-0.014
-0.013
-0.012
-0.011
-0.011
-0.01
-0.01
-0.01
-0.01
-0.011
-0.013
-0.014
-0.016
-0.018
-0.02
-0.022
-0.023
-0.025
-0.027
-0.028
-0.028
-0.028
-0.028
-0.029
-0.029
-0.029
-0.029
-0.029
-0.03
-0.03
-0.031
-0.032
-0.032
-0.032
-0.032
-0.032
-0.032
-0.032
-0.032
-0.032
-0.032
-0.032
-0.032
-0.033
-0.034
-0.035
-0.037
-0.038
-0.039
-0.04
-0.041
-0.042
-0.043
-0.043
-0.044
-0.044
-0.044
-0.045
-0.046
-0.047
-0.049
-0.049
-0.05
-0.051
-0.052
-0.052
-0.053
-0.053
-0.052
-0.052
-0.052
-0.052
-0.051
-0.051
-0.05
