ECG
-0.598
-0.721
-0.854
-0.989
-1.102
-1.136
-1.148
-1.152
-1.149
-1.14
-1.132
-1.124
-1.114
-1.101
-1.093
-1.087
-1.08
-1.075
-1.072
-1.066
-1.061
-1.057
-1.052
-1.048
-1.044
-1.039
-1.034
-1.03
-1.028
-1.028
-1.03
-1.033
-1.037
-1.04
-1.044
-1.048
-1.049
-1.044
-1.035
-1.022
-1.007
-0.986
-0.968
-0.944
-0.915
-0.902
-0.896
-0.892
-0.889
-0.887
-0.884
-0.882
-0.879
-0.876
-0.873
-0.871
-0.869
-0.866
-0.863
-0.854
-0.836
-0.818
-0.805
-0.796
-0.788
-0.779
-0.77
-0.762
-0.754
-0.747
-0.741
-0.735
-0.729
-0.723
-0.716
-0.7
-0.673
-0.66
-0.654
-0.65
-0.647
-0.643
-0.638
-0.634
-0.629
-0.623
-0.616
-0.604
-0.591
-0.577
-0.562
-0.546
-0.535
-0.527
-0.52
-0.513
-0.506
-0.497
-0.485
-0.463
-0.432
-0.417
-0.41
-0.405
-0.401
-0.398
-0.394
-0.392
-0.39
-0.388
-0.386
-0.382
-0.374
-0.353
-0.335
-0.326
-0.318
-0.309
-0.301
-0.289
-0.274
-0.258
-0.246
-0.237
-0.228
-0.218
-0.207
-0.191
-0.172
-0.162
-0.156
-0.15
-0.147
-0.154
-0.166
-0.18
-0.198
-0.218
-0.228
-0.234
-0.24
-0.245
-0.25
-0.253
-0.255
-0.256
-0.256
-0.255
-0.254
-0.251
-0.247
-0.241
-0.235
-0.228
-0.219
-0.201
-0.185
-0.171
-0.159
-0.151
-0.144
-0.14
-0.136
-0.133
-0.13
-0.128
-0.126
-0.123
-0.12
-0.116
-0.112
-0.107
-0.102
-0.096
-0.085
-0.074
-0.063
-0.052
-0.042
-0.031
-0.019
-0.008
0.002
0.015
0.029
0.039
0.047
0.053
0.059
0.066
0.075
0.087
0.099
0.113
0.127
0.142
0.166
0.199
0.226
0.247
0.266
0.284
0.302
0.321
0.34
0.359
0.376
0.387
0.394
0.4
0.404
0.409
0.414
0.419
0.424
0.429
0.434
0.441
0.446
0.45
0.45
0.447
0.442
0.434
0.421
0.397
0.385
0.38
0.376
0.372
0.368
0.365
0.361
0.358
0.354
0.349
0.344
0.339
0.333
0.323
0.314
0.304
0.296
0.291
0.288
0.286
0.284
0.282
0.281
0.28
0.279
0.278
0.276
0.275
0.273
0.272
0.271
0.27
0.268
0.267
0.264
0.261
0.259
0.256
0.254
0.25
0.245
0.24
0.236
0.234
0.232
0.232
0.233
0.233
0.234
0.235
0.236
0.238
0.239
0.24
0.242
0.245
0.247
0.246
0.241
0.234
0.227
0.224
0.222
0.219
0.216
0.212
0.209
0.207
0.206
0.205
0.205
0.205
0.205
0.205
0.205
0.205
0.205
0.204
0.203
0.201
0.199
0.196
0.193
0.191
0.19
0.188
0.187
0.186
0.185
0.183
0.181
0.179
0.177
0.175
0.173
0.171
0.17
0.169
0.169
0.168
0.167
0.166
0.166
0.166
0.166
0.165
0.164
0.163
0.163
0.162
0.162
0.161
0.16
0.158
0.157
0.157
0.156
0.154
0.153
0.151
0.15
0.151
0.152
0.154
0.157
0.161
0.164
0.168
0.175
0.181
0.18
0.171
0.158
0.149
0.142
0.134
0.126
0.118
0.111
0.103
0.096
0.089
0.08
0.072
0.067
0.064
0.062
0.061
0.061
0.06
0.059
0.058
0.057
0.056
0.056
0.055
0.055
0.055
0.054
0.054
0.053
0.053
0.052
0.051
0.049
0.048
0.046
0.045
0.044
0.043
0.041
0.04
0.038
0.036
0.034
0.033
0.031
0.028
0.025
0.022
0.02
0.02
0.023
0.028
0.035
0.043
0.053
0.067
0.08
0.09
0.103
0.118
0.137
0.15
0.159
0.165
0.169
0.17
0.169
0.165
0.159
0.15
0.134
0.108
0.096
0.09
0.085
0.081
0.078
0.076
0.075
0.076
0.077
0.078
0.08
0.084
0.088
0.092
0.096
0.1
0.103
0.109
0.116
0.121
0.121
0.118
0.112
0.106
0.102
0.098
0.093
0.089
0.086
0.085
0.086
0.088
0.091
0.094
0.097
0.1
0.105
0.108
0.111
0.11
0.107
0.102
0.097
0.091
0.084
0.078
0.077
0.084
0.094
0.105
0.118
0.132
0.148
0.159
0.167
0.174
0.18
0.185
0.191
0.195
0.199
0.202
0.205
0.208
0.211
0.214
0.215
0.217
0.218
0.221
0.223
0.226
0.228
0.229
0.23
0.232
0.234
0.236
0.239
0.242
0.245
0.249
0.253
0.257
0.26
0.261
0.26
0.258
0.254
0.25
0.243
0.231
0.206
0.184
0.167
0.145
0.129
0.117
0.107
0.098
0.089
0.083
0.078
0.074
0.071
0.069
0.066
0.063
0.06
0.058
0.055
0.052
0.049
0.044
0.039
0.03
0.013
-0.008
-0.019
-0.025
-0.029
-0.032
-0.035
-0.038
-0.041
-0.044
-0.047
-0.049
-0.051
-0.053
-0.055
-0.058
-0.063
-0.074
-0.102
-0.123
-0.134
-0.143
-0.153
-0.161
-0.169
-0.175
-0.18
-0.185
-0.19
-0.197
-0.204
-0.212
-0.219
-0.226
-0.233
-0.239
-0.245
-0.25
-0.254
-0.258
-0.262
-0.265
-0.269
-0.271
-0.274
-0.277
-0.281
-0.286
-0.29
-0.296
-0.301
-0.308
-0.317
-0.334
-0.347
-0.357
-0.362
-0.366
-0.368
-0.371
-0.373
-0.374
-0.375
-0.376
-0.376
-0.375
-0.374
-0.371
-0.369
-0.366
-0.363
-0.361
-0.358
-0.356
-0.353
-0.352
-0.35
-0.349
-0.349
-0.348
-0.348
-0.348
-0.347
-0.346
-0.346
-0.345
-0.344
-0.344
-0.343
-0.341
-0.339
-0.336
-0.334
-0.332
-0.331
-0.329
-0.327
-0.325
-0.323
-0.322
-0.32
-0.318
-0.315
-0.312
-0.31
-0.307
-0.304
-0.302
-0.299
-0.297
-0.296
-0.295
-0.295
-0.294
-0.293
-0.292
-0.29
-0.288
-0.285
-0.281
-0.276
-0.272
-0.266
-0.259
-0.251
-0.244
-0.239
-0.234
-0.23
-0.227
-0.224
-0.221
-0.218
-0.214
-0.211
-0.209
-0.206
-0.204
-0.202
-0.2
-0.198
-0.195
-0.193
-0.19
-0.188
-0.185
-0.182
-0.18
-0.177
-0.175
-0.172
-0.169
-0.166
-0.163
-0.16
-0.156
-0.151
-0.145
-0.138
-0.132
-0.126
-0.12
-0.112
-0.102
-0.088
-0.069
-0.038
-0.009
0.001
0.008
0.013
0.015
0.015
0.008
-0.001
-0.011
-0.02
-0.029
-0.038
-0.046
-0.05
-0.051
-0.05
-0.049
-0.049
-0.049
-0.05
-0.051
-0.052
-0.049
-0.045
-0.04
-0.038
-0.037
-0.035
-0.034
-0.031
-0.029
-0.026
-0.024
-0.022
-0.02
-0.019
-0.018
-0.016
-0.014
-0.011
-0.008
-0.004
0.0
0.002
0.006
0.01
0.014
0.018
0.021
0.024
0.026
0.028
0.031
0.035
0.039
0.045
0.051
0.056
0.061
0.065
0.068
0.072
0.076
0.079
0.081
0.083
0.085
0.086
0.089
0.092
0.095
0.098
0.1
0.101
0.102
0.103
0.104
0.105
0.106
0.107
0.108
0.109
0.11
0.112
0.113
0.114
0.114
0.115
0.114
0.112
0.109
0.105
0.1
0.096
0.091
0.086
0.08
0.073
0.066
0.058
0.049
0.04
0.031
0.02
0.009
0.0
-0.008
-0.015
-0.019
-0.022
-0.026
-0.029
-0.032
-0.035
-0.037
-0.038
-0.039
-0.039
-0.039
-0.039
-0.037
-0.035
-0.033
-0.03
-0.027
-0.025
-0.024
-0.023
-0.021
-0.02
-0.02
-0.019
-0.017
-0.015
-0.014
-0.012
-0.011
-0.01
-0.01
-0.01
-0.012
-0.014
-0.016
-0.019
-0.023
-0.025
-0.027
-0.029
-0.029
-0.029
-0.029
-0.028
-0.028
-0.028
-0.028
-0.028
-0.028
-0.029
-0.03
-0.031
-0.031
-0.031
-0.03
-0.029
-0.028
-0.028
-0.028
-0.028
-0.029
-0.03
-0.031
-0.032
-0.034
-0.035
-0.036
-0.037
-0.036
-0.036
-0.034
-0.033
-0.032
-0.031
-0.03
-0.03
-0.029
-0.029
-0.028
-0.026
-0.025
-0.024
-0.023
-0.022
-0.02
-0.018
-0.016
-0.013
-0.012
-0.01
-0.009
-0.008
-0.006
-0.003
0.0
0.004
0.01
0.019
0.04
0.059
0.073
0.083
0.094
0.104
0.114
0.127
0.145
0.165
0.185
0.204
0.224
0.25
0.278
0.322
0.37
0.425
0.488
0.557
0.635
0.716
0.793
0.863
0.928
0.99
1.056
1.123
1.142
1.148
1.14
1.082
1.022
0.969
0.921
0.889
0.852
0.814
0.785
0.766
0.752
0.741
0.731
0.72
0.709
0.698
0.684
0.668
0.649
0.632
0.618
0.605
0.594
0.583
0.571
0.561
0.551
0.539
0.524
0.51
0.492
0.466
0.447
0.436
0.428
0.419
0.412
0.406
0.401
0.396
0.391
0.384
0.377
0.369
0.362
0.356
0.35
0.345
0.34
0.337
0.336
0.337
0.341
0.347
0.355
0.362
0.371
0.384
0.394
0.394
0.387
0.378
0.366
0.35
0.33
0.301
0.271
0.259
0.253
0.249
0.245
0.242
0.239
0.237
0.234
0.231
0.229
0.227
0.226
0.225
0.224
0.223
0.222
0.22
0.219
0.218
0.217
0.215
0.213
0.211
0.209
0.209
0.208
0.207
0.206
0.205
0.203
0.203
0.202
0.202
0.201
0.2
0.199
0.198
0.198
0.197
0.197
0.197
0.197
0.198
0.2
0.201
0.203
0.205
0.208
0.211
0.214
0.217
0.219
0.22
0.222
0.223
0.226
0.229
0.231
0.234
0.237
0.24
0.243
0.246
0.249
0.252
0.254
0.254
0.253
0.252
0.25
0.249
0.246
0.244
0.241
0.238
0.234
0.23
0.226
0.218
0.198
0.185
0.169
0.146
0.12
0.093
0.062
0.036
0.014
-0.008
-0.03
-0.054
-0.078
-0.105
-0.126
-0.139
-0.151
-0.164
-0.179
-0.197
-0.218
-0.241
-0.262
-0.272
-0.275
-0.278
-0.28
-0.282
-0.283
-0.284
-0.285
-0.286
-0.287
-0.287
-0.288
-0.289
-0.289
-0.289
-0.288
-0.287
-0.285
-0.284
-0.282
-0.28
-0.278
-0.276
-0.273
-0.271
-0.269
-0.267
-0.265
-0.264
-0.263
-0.262
-0.262
-0.261
-0.261
-0.261
-0.26
-0.259
-0.259
-0.259
-0.259
-0.259
-0.258
-0.259
-0.26
-0.261
-0.261
-0.262
-0.261
-0.26
-0.259
-0.258
-0.258
-0.257
-0.256
-0.254
-0.253
-0.251
-0.249
-0.248
-0.245
-0.243
-0.24
-0.237
-0.235
-0.232
-0.229
-0.226
-0.224
-0.223
-0.222
-0.22
-0.219
-0.217
-0.214
-0.21
-0.206
-0.201
-0.196
-0.19
-0.182
-0.175
-0.169
-0.164
-0.161
-0.158
-0.156
-0.154
-0.152
-0.149
-0.145
-0.141
-0.137
-0.134
-0.131
-0.129
-0.128
-0.127
-0.126
-0.125
-0.124
-0.123
-0.122
-0.121
-0.119
-0.117
-0.116
-0.114
-0.113
-0.112
-0.111
-0.11
-0.108
-0.107
-0.105
-0.104
-0.101
-0.098
-0.095
-0.092
-0.089
-0.086
-0.084
-0.081
-0.079
-0.076
-0.074
-0.072
-0.069
-0.067
-0.063
-0.06
-0.056
-0.052
-0.05
-0.048
-0.046
-0.045
-0.044
-0.043
-0.043
-0.042
-0.041
-0.039
-0.036
-0.033
-0.031
-0.029
-0.028
-0.027
-0.026
-0.025
-0.024
-0.024
-0.023
-0.022
-0.021
-0.019
-0.018
-0.016
-0.015
-0.014
-0.012
-0.011
-0.009
-0.007
-0.005
-0.004
-0.001
0.002
0.008
0.014
0.02
0.025
0.032
0.039
0.047
0.062
0.084
0.094
0.101
0.106
0.11
0.108
0.098
0.084
0.069
0.051
0.039
0.031
0.025
0.017
0.012
0.011
0.014
0.018
0.02
0.021
0.023
0.026
0.028
0.03
0.031
0.032
0.033
0.034
0.034
0.033
0.032
0.029
0.027
0.026
0.025
0.025
0.025
0.024
0.023
0.023
0.024
0.024
0.024
0.023
0.021
0.02
0.019
0.02
0.023
0.026
0.03
0.032
0.034
0.037
0.04
0.042
0.045
0.047
0.049
0.051
0.054
0.057
0.06
0.062
0.064
0.066
0.068
0.071
0.074
0.078
0.083
0.088
0.092
0.096
0.1
0.102
0.105
0.106
0.108
0.108
0.109
0.11
0.111
0.113
0.115
0.116
0.117
0.117
0.117
0.118
0.117
0.115
0.111
0.107
0.101
0.096
0.091
0.086
0.079
0.072
0.064
0.057
0.05
0.043
0.035
0.026
0.014
0.002
-0.008
-0.018
-0.031
-0.046
-0.052
-0.055
-0.056
-0.057
-0.057
-0.058
-0.058
-0.059
-0.059
-0.06
-0.06
-0.06
-0.06
-0.059
-0.058
-0.057
-0.056
-0.056
-0.056
-0.056
-0.056
-0.057
-0.058
-0.059
-0.06
-0.06
-0.061
-0.061
-0.061
-0.061
-0.061
-0.06
-0.06
-0.06
-0.06
-0.061
-0.062
-0.062
-0.063
-0.063
-0.063
-0.063
-0.062
-0.061
-0.059
-0.057
-0.054
-0.052
-0.05
-0.047
-0.045
-0.042
-0.04
-0.038
-0.034
-0.021
-0.011
-0.004
0.0
0.003
0.007
0.01
0.013
0.016
0.02
0.024
0.028
0.033
0.037
0.041
0.044
0.047
0.053
0.059
0.064
0.068
0.069
0.07
0.07
0.07
0.071
0.071
0.071
0.07
0.069
0.068
0.067
0.065
0.065
0.065
0.065
0.066
0.067
0.068
0.069
0.07
0.072
0.073
0.074
0.075
0.074
0.074
0.075
0.075
0.076
0.076
0.076
0.076
0.075
0.075
0.073
0.071
0.067
0.061
0.054
0.047
0.035
0.016
0.015
0.015
0.014
0.014
0.014
0.016
0.019
0.024
0.028
0.029
0.031
0.032
0.034
0.036
0.037
0.037
0.038
0.038
0.04
0.041
0.041
0.041
0.041
0.04
0.039
0.038
0.036
0.033
0.03
0.027
0.025
0.023
0.022
0.02
0.019
0.018
0.017
0.016
0.015
0.014
0.012
0.009
0.006
0.003
0.0
0.0
-0.002
-0.003
-0.003
-0.003
-0.003
-0.002
-0.001
0.0
0.002
0.004
0.006
0.008
0.01
0.013
0.017
0.021
0.031
0.055
0.068
0.075
0.081
0.084
0.086
0.083
0.077
0.067
0.056
0.04
0.015
0.002
-0.002
-0.006
-0.008
-0.009
-0.01
-0.011
-0.011
-0.012
-0.012
-0.013
-0.013
-0.013
-0.014
-0.015
-0.016
-0.017
-0.018
-0.018
-0.018
-0.017
-0.016
-0.014
-0.012
-0.009
-0.007
-0.005
-0.004
-0.003
-0.003
-0.003
-0.002
-0.002
-0.002
-0.002
-0.001
0.0
0.001
0.003
0.006
0.008
0.009
0.01
0.011
0.012
0.014
0.015
0.015
0.015
0.015
0.017
0.019
0.022
0.026
0.03
0.033
0.037
0.043
0.056
0.068
0.078
0.082
0.084
0.086
0.089
0.091
0.094
0.097
0.099
0.1
0.1
0.1
0.101
0.101
0.1
0.098
0.096
0.094
0.093
0.092
0.092
0.091
0.09
0.088
0.086
0.083
0.079
0.068
0.053
0.042
0.035
0.029
0.024
0.019
0.013
0.007
0.001
-0.001
-0.003
-0.005
-0.007
-0.008
-0.01
-0.012
-0.015
-0.017
-0.018
-0.018
-0.019
-0.019
-0.02
-0.02
-0.02
-0.019
-0.018
-0.017
-0.018
-0.019
-0.02
-0.02
-0.02
-0.021
-0.021
-0.022
-0.022
-0.022
-0.021
-0.02
-0.02
-0.022
-0.023
-0.023
-0.023
-0.023
-0.023
-0.024
-0.026
-0.027
-0.028
-0.028
-0.028
-0.029
-0.03
-0.031
-0.031
-0.032
-0.032
-0.033
-0.035
-0.036
-0.037
-0.038
-0.038
-0.039
-0.039
-0.04
-0.04
-0.04
-0.039
-0.039
-0.039
-0.039
-0.04
-0.041
-0.042
-0.042
-0.042
-0.041
-0.041
-0.04
-0.039
-0.038
-0.037
-0.036
-0.034
-0.033
-0.033
-0.033
-0.034
-0.035
-0.036
-0.037
-0.038
-0.039
-0.039
-0.04
-0.04
-0.039
-0.039
-0.038
-0.038
-0.038
-0.038
-0.038
-0.038
-0.039
-0.039
-0.039
-0.039
-0.039
-0.038
-0.036
-0.033
-0.031
-0.03
-0.028
-0.027
-0.025
-0.024
-0.023
-0.023
-0.023
-0.024
-0.026
-0.029
-0.032
-0.036
-0.04
-0.044
-0.046
-0.049
-0.051
-0.053
-0.054
-0.056
-0.056
-0.056
-0.056
-0.055
-0.055
-0.056
-0.057
-0.058
-0.059
-0.061
-0.063
-0.066
-0.069
-0.072
-0.074
-0.075
-0.077
-0.078
-0.08
-0.082
-0.085
-0.089
-0.092
-0.096
-0.099
-0.101
-0.103
-0.103
-0.103
-0.102
-0.101
-0.1
-0.099
-0.098
-0.097
-0.097
-0.096
-0.095
-0.095
-0.095
-0.095
-0.095
-0.095
-0.095
-0.094
-0.093
-0.092
-0.091
-0.09
-0.089
-0.087
-0.084
-0.08
-0.076
-0.064
-0.042
-0.031
-0.024
-0.019
-0.016
-0.018
-0.024
-0.032
-0.043
-0.058
-0.072
-0.077
-0.08
-0.084
-0.088
-0.09
-0.092
-0.093
-0.094
-0.095
-0.097
-0.099
-0.1
-0.1
-0.1
-0.1
-0.099
-0.098
-0.097
-0.095
-0.093
-0.091
-0.089
-0.086
-0.084
-0.081
-0.079
-0.077
-0.077
-0.076
-0.075
-0.073
-0.07
-0.066
-0.063
-0.06
-0.058
-0.055
-0.053
-0.05
-0.049
-0.048
-0.048
-0.048
-0.049
-0.05
-0.05
-0.051
-0.052
-0.053
-0.054
-0.056
-0.057
-0.058
-0.06
-0.062
-0.066
-0.069
-0.071
-0.075
-0.078
-0.085
-0.094
-0.104
-0.112
-0.121
-0.131
-0.153
-0.186
-0.206
-0.219
-0.226
-0.23
-0.233
-0.237
-0.242
-0.245
-0.238
-0.222
-0.203
-0.18
-0.158
-0.127
-0.09
-0.052
-0.021
-0.002
0.013
0.033
0.06
0.097
0.141
0.179
0.206
0.227
0.239
0.248
0.255
0.265
0.28
0.293
0.306
0.315
0.314
0.304
0.292
0.286
0.281
0.278
0.274
0.272
0.269
0.266
0.263
0.26
0.257
0.254
0.251
0.249
0.247
0.246
0.245
0.242
0.236
0.229
0.219
0.21
0.204
0.2
0.195
0.191
0.187
0.184
0.183
0.182
0.182
0.182
0.183
0.184
0.186
0.187
0.189
0.191
0.192
0.194
0.196
0.201
0.206
0.206
0.198
0.189
0.186
0.184
0.183
0.182
0.181
0.179
0.176
0.174
0.172
0.171
0.17
0.17
0.17
0.17
0.17
0.17
0.17
0.17
0.169
0.168
0.166
0.164
0.162
0.16
0.158
0.156
0.154
0.152
0.15
0.149
0.148
0.146
0.142
0.138
0.134
0.131
0.129
0.128
0.127
0.128
0.13
0.134
0.139
0.145
0.151
0.155
0.159
0.164
0.17
0.175
0.178
0.179
0.176
0.17
0.163
0.156
0.15
0.147
0.143
0.14
0.137
0.134
0.132
0.13
0.128
0.125
0.122
0.12
0.119
0.118
0.117
0.116
0.115
0.114
0.114
0.115
0.115
0.115
0.115
0.114
0.113
0.113
0.112
0.11
0.108
0.105
0.102
0.099
0.096
0.092
0.087
0.082
0.077
0.072
0.068
0.065
0.062
0.058
0.054
0.05
0.047
0.044
0.04
0.037
0.035
0.033
0.031
0.03
0.029
0.028
0.026
0.024
0.022
0.021
0.019
0.016
0.014
0.011
0.009
0.008
0.007
0.007
0.008
0.01
0.013
0.018
0.022
0.028
0.034
0.045
0.066
0.086
0.099
0.109
0.117
0.12
0.117
0.109
0.098
0.08
0.05
0.021
-0.006
-0.017
-0.021
-0.024
-0.026
-0.028
-0.029
-0.03
-0.03
-0.03
-0.031
-0.032
-0.033
-0.035
-0.036
-0.037
-0.037
-0.038
-0.038
-0.038
-0.039
-0.04
-0.041
-0.042
-0.043
-0.046
-0.05
-0.053
-0.056
-0.056
-0.053
-0.048
-0.042
-0.037
-0.034
-0.031
-0.027
-0.024
-0.021
-0.019
-0.018
-0.017
-0.017
-0.018
-0.018
-0.018
-0.018
-0.018
-0.019
-0.02
-0.021
-0.022
-0.023
-0.023
-0.024
-0.025
-0.026
-0.026
-0.026
-0.025
-0.023
-0.021
-0.019
-0.017
-0.014
-0.01
-0.008
-0.009
-0.018
-0.034
-0.059
-0.094
-0.147
-0.201
-0.254
-0.305
-0.328
-0.343
-0.353
-0.34
-0.303
-0.256
-0.205
-0.153
-0.122
-0.088
-0.058
-0.037
-0.02
0.0
0.013
0.024
0.032
0.036
0.035
0.032
0.028
0.025
0.021
0.017
0.015
0.017
0.022
0.026
0.028
0.029
0.03
0.032
0.034
0.037
0.039
0.041
0.042
0.042
0.042
0.042
0.041
0.04
0.039
0.038
0.038
0.038
0.039
0.04
0.041
0.041
0.041
0.041
0.041
0.04
0.039
0.038
0.036
0.035
0.033
0.031
0.03
0.03
0.03
0.031
0.031
0.031
0.031
0.031
0.031
0.03
0.028
0.025
0.022
0.019
0.017
0.015
0.013
0.011
0.009
0.008
0.007
0.007
0.006
0.004
0.001
-0.001
-0.005
-0.007
-0.009
-0.012
-0.014
-0.017
-0.018
-0.019
-0.019
-0.02
-0.021
-0.023
-0.025
-0.026
-0.027
-0.027
-0.028
-0.029
-0.03
-0.03
-0.029
-0.028
-0.027
-0.027
-0.027
-0.028
-0.028
-0.027
-0.026
-0.026
-0.026
-0.027
-0.031
-0.034
-0.037
-0.038
-0.04
-0.042
-0.044
-0.045
-0.046
-0.046
-0.046
-0.047
-0.047
-0.047
-0.047
-0.047
-0.047
-0.047
-0.048
-0.049
-0.05
-0.05
-0.05
-0.05
-0.05
-0.05
-0.049
-0.049
-0.049
-0.049
-0.049
-0.049
-0.05
-0.05
-0.051
-0.052
-0.053
-0.054
-0.054
-0.055
-0.055
-0.055
-0.055
-0.054
-0.054
-0.054
-0.053
-0.052
-0.052
-0.052
-0.052
-0.052
-0.051
-0.049
-0.046
-0.044
-0.042
-0.04
-0.038
-0.035
-0.033
-0.031
-0.03
-0.029
-0.029
-0.03
-0.033
-0.036
-0.039
-0.043
-0.047
-0.052
-0.056
-0.063
-0.07
-0.074
-0.075
-0.076
-0.078
-0.082
-0.08
-0.065
-0.042
-0.014
0.007
0.023
0.037
0.048
0.058
0.063
0.056
0.041
0.018
-0.013
-0.033
-0.047
-0.053
-0.056
-0.057
-0.058
-0.06
-0.06
-0.061
-0.061
-0.062
-0.063
-0.064
-0.065
-0.066
-0.067
-0.067
-0.067
-0.067
-0.067
-0.067
-0.066
-0.066
-0.064
-0.061
-0.059
-0.056
-0.053
-0.051
-0.049
-0.047
-0.045
-0.043
-0.041
-0.039
-0.037
-0.034
-0.031
-0.027
-0.023
-0.02
-0.017
-0.014
-0.011
-0.009
-0.006
-0.004
-0.003
-0.002
0.0
0.002
0.011
0.021
0.033
0.039
0.043
0.047
0.05
0.054
0.058
0.062
0.066
0.07
0.073
0.076
0.08
0.083
0.086
0.089
0.093
0.098
0.103
0.108
0.112
0.117
0.12
0.124
0.127
0.131
0.134
0.139
0.144
0.147
0.147
0.143
0.136
0.129
0.12
0.108
0.097
0.088
0.081
0.075
0.07
0.065
0.06
0.054
0.048
0.04
0.029
0.011
-0.002
-0.008
-0.011
-0.013
-0.014
-0.015
-0.016
-0.018
-0.02
-0.022
-0.024
-0.027
-0.029
-0.031
-0.033
-0.035
-0.036
-0.037
-0.038
-0.039
-0.04
-0.041
-0.043
-0.045
-0.047
-0.048
-0.05
-0.052
-0.053
-0.053
-0.053
-0.053
-0.052
-0.052
-0.052
-0.052
-0.053
-0.053
-0.054
-0.054
-0.055
-0.057
-0.058
-0.059
-0.061
-0.061
-0.063
-0.064
-0.066
-0.069
-0.071
-0.074
-0.076
-0.079
-0.081
-0.084
-0.087
-0.089
-0.091
-0.093
-0.095
-0.097
-0.099
-0.101
-0.103
-0.104
-0.105
-0.106
-0.106
-0.107
-0.107
-0.106
-0.105
-0.104
-0.104
-0.104
-0.104
-0.104
-0.104
-0.105
-0.105
-0.106
-0.107
-0.108
-0.109
-0.11
-0.11
-0.111
-0.112
-0.113
-0.115
-0.116
-0.118
-0.12
-0.121
-0.123
-0.125
-0.128
-0.13
-0.132
-0.133
-0.135
-0.137
-0.138
-0.139
-0.14
-0.141
-0.142
-0.142
-0.143
-0.144
-0.145
-0.145
-0.146
-0.148
-0.15
-0.153
-0.155
-0.157
-0.156
-0.155
-0.153
-0.151
-0.149
-0.145
-0.139
-0.134
-0.133
-0.14
-0.149
-0.156
-0.164
-0.171
-0.175
-0.176
-0.175
-0.173
-0.17
-0.167
-0.162
-0.157
-0.156
-0.158
-0.163
-0.167
-0.17
-0.172
-0.174
-0.177
-0.181
-0.184
-0.186
-0.188
-0.19
-0.191
-0.192
-0.193
-0.193
-0.192
-0.192
-0.192
-0.194
-0.196
-0.198
-0.2
-0.201
-0.201
-0.202
-0.202
-0.203
-0.203
-0.202
-0.201
-0.2
-0.199
-0.2
-0.2
-0.195
-0.184
-0.173
-0.158
-0.139
-0.125
-0.115
-0.106
-0.103
-0.104
-0.109
-0.116
-0.124
-0.134
-0.146
-0.16
-0.169
-0.177
-0.185
-0.19
-0.191
-0.191
-0.191
-0.191
-0.191
-0.191
-0.191
-0.191
-0.189
-0.183
-0.175
-0.165
-0.151
-0.136
-0.124
-0.113
-0.101
-0.088
-0.068
-0.041
-0.026
-0.019
-0.013
-0.006
0.001
0.008
0.016
0.025
0.034
0.045
0.055
0.065
0.074
0.082
0.089
0.095
0.101
0.11
0.123
0.138
0.152
0.163
0.173
0.183
0.195
0.209
0.224
0.236
0.247
0.257
0.267
0.279
0.293
0.308
0.323
0.338
0.352
0.365
0.379
0.396
0.413
0.43
0.445
0.453
0.459
0.463
0.466
0.47
0.475
0.48
0.484
0.489
0.492
0.496
0.5
0.503
0.506
0.508
0.508
0.506
0.504
0.5
0.496
0.49
0.482
0.466
0.452
0.437
0.423
0.409
0.394
0.38
0.365
0.35
0.336
0.318
0.306
0.297
0.291
0.285
0.279
0.275
0.27
0.266
0.262
0.257
0.253
0.247
0.24
0.234
0.23
0.227
0.223
0.22
0.217
0.214
0.211
0.208
0.205
0.201
0.197
0.193
0.188
0.183
0.177
0.169
0.162
0.156
0.151
0.146
0.143
0.141
0.139
0.136
0.135
0.133
0.131
0.129
0.126
0.124
0.122
0.121
0.119
0.118
0.115
0.112
0.105
0.089
0.072
0.065
0.06
0.056
0.053
0.05
0.047
0.045
0.043
0.042
0.04
0.038
0.036
0.035
0.033
0.032
0.03
0.029
0.027
0.025
0.023
0.021
0.018
0.015
0.011
0.007
0.003
0.0
-0.004
-0.009
-0.013
-0.016
-0.019
-0.022
-0.024
-0.026
-0.028
-0.03
-0.032
-0.035
-0.038
-0.041
-0.044
-0.047
-0.049
-0.052
-0.054
-0.055
-0.056
-0.058
-0.06
-0.063
-0.066
-0.069
-0.072
-0.075
-0.078
-0.081
-0.085
-0.088
-0.091
-0.094
-0.097
-0.101
-0.104
-0.108
-0.112
-0.117
-0.121
-0.123
-0.125
-0.127
-0.129
-0.13
-0.131
-0.133
-0.134
-0.136
-0.137
-0.138
-0.139
-0.139
-0.139
-0.14
-0.14
-0.14
-0.141
-0.141
-0.141
-0.142
-0.143
-0.144
-0.145
-0.147
-0.148
-0.148
-0.148
-0.148
-0.148
-0.149
-0.149
-0.149
-0.149
-0.149
-0.149
-0.15
-0.152
-0.154
-0.154
-0.153
-0.15
-0.148
-0.145
-0.143
-0.142
-0.139
-0.136
-0.134
-0.132
-0.13
-0.128
-0.125
-0.122
-0.119
-0.115
-0.111
-0.104
-0.089
-0.062
-0.039
-0.016
0.005
0.024
0.037
0.045
0.036
0.007
-0.042
-0.062
-0.073
-0.08
-0.071
-0.06
-0.05
-0.05
-0.06
-0.069
-0.078
-0.082
-0.077
-0.062
-0.038
-0.013
-0.001
0.006
0.01
0.004
-0.008
-0.028
-0.05
-0.06
-0.066
-0.07
-0.069
-0.059
-0.047
-0.037
-0.026
-0.017
-0.01
-0.004
0.0
0.002
0.004
0.005
0.006
0.007
0.007
0.008
0.008
0.009
0.01
0.012
0.014
0.015
0.017
0.018
0.019
0.02
0.021
0.023
0.025
0.028
0.033
0.04
0.048
0.056
0.064
0.073
0.083
0.094
0.104
0.112
0.118
0.121
0.123
0.125
0.127
0.129
0.131
0.133
0.135
0.136
0.137
0.137
0.138
0.137
0.137
0.135
0.133
0.129
0.126
0.123
0.119
0.116
0.112
0.108
0.102
0.089
0.083
0.081
0.08
0.079
0.077
0.076
0.075
0.074
0.073
0.073
0.074
0.074
0.075
0.077
0.079
0.083
0.087
0.091
0.095
0.1
0.105
0.11
0.117
0.125
0.133
0.138
0.144
0.149
0.153
0.157
0.16
0.163
0.165
0.168
0.171
0.174
0.178
0.182
0.188
0.198
0.208
0.215
0.222
0.228
0.234
0.238
0.24
0.239
0.236
0.233
0.23
0.227
0.224
0.221
0.218
0.214
0.21
0.206
0.203
0.199
0.195
0.191
0.186
0.181
0.174
0.164
0.154
0.146
0.139
0.13
0.12
0.11
0.1
0.091
0.081
0.07
0.058
0.047
0.036
0.025
0.015
0.007
0.001
-0.004
-0.01
-0.016
-0.023
-0.033
-0.048
-0.065
-0.081
-0.094
-0.105
-0.116
-0.126
-0.137
-0.146
-0.156
-0.161
-0.165
-0.168
-0.17
-0.172
-0.174
-0.175
-0.175
-0.176
-0.176
-0.176
-0.175
-0.174
-0.172
-0.17
-0.169
-0.166
-0.167
-0.178
-0.186
-0.191
-0.196
-0.201
-0.207
-0.214
-0.22
-0.227
-0.236
-0.249
-0.258
-0.261
-0.263
-0.266
-0.271
-0.274
-0.272
-0.267
-0.263
-0.26
-0.257
-0.255
-0.254
-0.252
-0.249
-0.245
-0.242
-0.24
-0.238
-0.238
-0.238
-0.237
-0.236
-0.235
-0.235
-0.235
-0.234
-0.232
-0.23
-0.227
-0.225
-0.223
-0.222
-0.22
-0.217
-0.214
-0.211
-0.209
-0.207
-0.205
-0.202
-0.197
-0.192
-0.188
-0.184
-0.182
-0.18
-0.177
-0.174
-0.172
-0.17
-0.168
-0.166
-0.164
-0.162
-0.159
-0.156
-0.152
-0.149
-0.146
-0.141
-0.134
-0.121
-0.095
-0.067
-0.034
-0.01
0.003
0.013
0.017
0.015
0.008
-0.001
-0.017
-0.048
-0.068
-0.078
-0.086
-0.09
-0.093
-0.094
-0.095
-0.095
-0.095
-0.096
-0.097
-0.099
-0.1
-0.098
-0.095
-0.091
-0.088
-0.086
-0.083
-0.081
-0.078
-0.074
-0.07
-0.067
-0.064
-0.061
-0.057
-0.052
-0.045
-0.031
-0.017
-0.01
-0.006
-0.002
0.001
0.004
0.006
0.006
0.005
0.002
-0.001
-0.004
-0.006
-0.009
-0.012
-0.015
-0.018
-0.02
-0.019
-0.016
-0.011
-0.005
0.0
0.005
0.011
0.019
0.026
0.034
0.041
0.046
0.05
0.053
0.057
0.061
0.064
0.067
0.07
0.072
0.075
0.078
0.081
0.085
0.088
0.09
0.093
0.097
0.1
0.104
0.106
0.109
0.11
0.11
0.11
0.108
0.107
0.104
0.102
0.098
0.094
0.088
0.077
0.066
0.054
0.047
0.042
0.037
0.032
0.028
0.025
0.022
0.019
0.017
0.015
0.013
0.011
0.01
0.008
0.007
0.005
0.003
0.001
0.0
0.0
0.001
0.002
0.003
0.003
0.004
0.006
0.008
0.009
0.011
0.012
0.013
0.014
0.017
0.019
0.02
0.019
0.014
0.008
0.002
-0.002
-0.007
-0.013
-0.018
-0.022
-0.024
-0.026
-0.026
-0.027
-0.028
-0.03
-0.033
-0.035
-0.037
-0.037
-0.035
-0.034
-0.033
-0.032
-0.029
-0.026
-0.024
-0.024
-0.028
-0.035
-0.041
-0.044
-0.047
-0.05
-0.053
-0.056
-0.058
-0.06
-0.06
-0.061
-0.061
-0.061
-0.061
-0.061
-0.061
-0.061
-0.062
-0.063
-0.064
-0.064
-0.064
-0.064
-0.062
-0.061
-0.061
-0.06
-0.059
-0.059
-0.059
-0.059
-0.059
-0.06
-0.059
-0.056
-0.051
-0.047
-0.045
-0.043
-0.042
-0.041
-0.04
-0.039
-0.038
-0.037
-0.037
-0.037
-0.037
-0.036
-0.036
-0.036
-0.036
-0.037
-0.038
-0.038
-0.038
-0.038
-0.038
-0.037
-0.037
-0.036
-0.034
-0.031
-0.029
-0.027
-0.025
-0.024
-0.023
-0.022
-0.02
-0.016
-0.011
-0.007
-0.005
-0.006
-0.007
-0.008
-0.01
-0.012
-0.014
-0.016
-0.018
-0.017
-0.012
-0.005
0.001
0.005
0.009
0.014
0.018
0.022
0.025
0.027
0.028
0.029
0.029
0.028
0.027
0.025
0.022
0.019
0.017
0.014
0.011
0.008
0.006
0.004
0.003
0.001
0.001
0.0
0.0
0.0
0.0
-0.001
-0.003
-0.006
-0.008
-0.001
0.013
0.027
0.042
0.052
0.059
0.067
0.078
0.094
0.106
0.116
0.122
0.121
0.114
0.105
0.095
0.084
0.069
0.053
0.037
0.021
0.014
0.023
0.039
0.049
0.058
0.066
0.073
0.076
0.075
0.071
0.065
0.058
0.051
0.044
0.035
0.025
0.021
0.021
0.021
0.021
0.021
0.02
0.02
0.02
0.024
0.03
0.033
0.034
0.035
0.036
0.036
0.037
0.037
0.038
0.038
0.038
0.039
0.04
0.041
0.042
0.043
0.043
0.044
0.044
0.046
0.049
0.052
0.055
0.059
0.064
0.071
0.079
0.086
0.093
0.098
0.102
0.104
0.107
0.11
0.113
0.115
0.115
0.116
0.117
0.118
0.12
0.121
0.122
0.122
0.121
0.12
0.12
0.12
0.119
0.117
0.115
0.114
0.113
0.112
0.111
0.109
0.107
0.104
0.102
0.097
0.084
0.066
0.047
0.028
0.009
-0.009
-0.026
-0.04
-0.052
-0.062
-0.068
-0.072
-0.074
-0.076
-0.078
-0.08
-0.078
-0.074
-0.07
-0.067
-0.065
-0.064
-0.063
-0.061
-0.06
-0.059
-0.059
-0.06
-0.061
-0.064
-0.065
-0.067
-0.068
-0.069
-0.07
-0.071
-0.072
-0.073
-0.072
-0.072
-0.071
-0.071
-0.071
-0.071
-0.07
-0.069
-0.067
-0.067
-0.066
-0.066
-0.065
-0.064
-0.063
-0.062
-0.062
-0.063
-0.063
-0.063
-0.063
-0.063
-0.063
-0.063
-0.063
-0.063
-0.063
-0.062
-0.062
-0.061
-0.061
-0.06
-0.059
-0.058
-0.058
-0.058
-0.058
-0.058
-0.058
-0.057
-0.055
-0.053
-0.052
-0.051
-0.05
-0.049
-0.048
-0.048
-0.049
-0.052
-0.055
-0.058
-0.061
-0.064
-0.067
-0.07
-0.073
-0.076
-0.078
-0.077
-0.074
-0.069
-0.063
-0.057
-0.051
-0.043
-0.035
-0.029
-0.025
-0.021
-0.016
-0.01
-0.007
-0.013
-0.023
-0.028
-0.032
-0.036
-0.04
-0.043
-0.045
-0.046
-0.047
-0.047
-0.047
-0.047
-0.046
-0.044
-0.042
-0.039
-0.036
-0.035
-0.033
-0.031
-0.028
-0.026
-0.024
-0.023
-0.023
-0.024
-0.026
-0.028
-0.031
-0.033
-0.036
-0.039
-0.042
-0.045
-0.047
-0.047
-0.044
-0.039
-0.032
-0.026
-0.021
-0.014
-0.007
-0.001
0.003
0.007
0.01
0.013
0.016
0.019
0.022
0.024
0.026
0.027
0.027
0.028
0.028
0.027
0.027
0.026
0.025
0.025
0.024
0.024
0.024
0.024
0.024
0.024
0.023
0.021
0.02
0.018
0.018
0.019
0.023
0.028
0.034
0.043
0.06
0.08
0.101
0.12
0.137
0.147
0.155
0.161
0.164
0.165
0.163
0.157
0.146
0.111
0.047
-0.001
-0.018
-0.017
0.001
0.031
0.049
0.053
0.054
0.053
0.049
0.046
0.043
0.044
0.048
0.05
0.052
0.054
0.054
0.054
0.053
0.053
0.053
0.054
0.054
0.053
0.051
0.049
0.048
0.047
0.046
0.046
0.046
0.044
0.042
0.04
0.04
0.043
0.048
0.053
0.055
0.057
0.06
0.063
0.066
0.068
0.071
0.074
0.076
0.079
0.081
0.082
0.084
0.085
0.086
0.088
0.091
0.095
0.099
0.103
0.108
0.112
0.117
0.122
0.126
0.13
0.133
0.135
0.137
0.139
0.142
0.144
0.147
0.149
0.151
0.152
0.153
0.153
0.153
0.152
0.15
0.148
0.145
0.142
0.137
0.133
0.129
0.123
0.109
0.095
0.081
0.067
0.055
0.048
0.044
0.04
0.037
0.034
0.031
0.028
0.024
0.021
0.017
0.014
0.012
0.01
0.008
0.006
0.002
-0.001
-0.004
-0.007
-0.01
-0.012
-0.015
-0.017
-0.018
-0.018
-0.018
-0.018
-0.019
-0.021
-0.022
-0.023
-0.023
-0.022
-0.021
-0.021
-0.021
-0.021
-0.02
-0.019
-0.018
-0.017
-0.017
-0.017
-0.017
-0.017
-0.017
-0.018
-0.02
-0.023
-0.026
-0.029
-0.033
-0.036
-0.039
-0.041
-0.043
-0.045
-0.045
-0.046
-0.047
-0.047
-0.048
-0.048
-0.049
-0.049
-0.049
-0.049
-0.05
-0.051
-0.051
-0.052
-0.052
-0.053
-0.053
-0.054
-0.054
-0.054
-0.054
-0.054
-0.054
-0.054
-0.054
-0.053
-0.053
-0.052
-0.052
-0.051
-0.051
-0.05
-0.05
-0.049
-0.048
-0.047
-0.046
-0.044
-0.043
-0.041
-0.038
-0.036
-0.033
-0.029
-0.026
-0.023
-0.021
-0.02
-0.019
-0.019
-0.02
-0.021
-0.024
-0.026
-0.028
-0.03
-0.032
-0.033
-0.035
-0.039
-0.044
-0.047
-0.048
-0.044
-0.039
-0.034
-0.032
-0.029
-0.025
-0.022
-0.019
-0.016
-0.015
-0.015
-0.015
-0.016
-0.017
-0.018
-0.019
-0.021
-0.024
-0.025
-0.022
-0.015
-0.006
0.004
0.018
0.025
0.029
0.033
0.036
0.038
0.04
0.039
0.034
0.027
0.02
0.016
0.011
0.007
0.003
0.0
-0.002
-0.003
-0.004
-0.004
-0.004
-0.004
-0.002
-0.001
0.0
0.002
0.004
0.011
0.015
0.013
0.009
0.007
0.005
0.004
0.003
0.002
0.001
0.0
0.0
0.0
0.0
0.001
0.004
0.006
0.009
0.013
0.017
0.027
0.05
0.079
0.098
0.105
0.11
0.113
0.112
0.106
0.096
0.082
0.052
0.037
0.033
0.029
0.025
0.021
0.018
0.015
0.014
0.013
0.012
0.011
0.01
0.009
0.01
0.012
0.013
0.014
0.014
0.014
0.015
0.015
0.016
0.016
0.016
0.015
0.014
0.014
0.014
0.015
0.014
0.014
0.014
0.013
0.013
0.013
0.013
0.01
0.008
0.014
0.026
0.03
0.033
0.036
0.038
0.04
0.041
0.042
0.043
0.044
0.046
0.047
0.048
0.05
0.051
0.052
0.054
0.056
0.058
0.059
0.06
0.062
0.064
0.067
0.069
0.071
0.072
0.074
0.077
0.081
0.085
0.088
0.091
0.092
0.092
0.091
0.09
0.088
0.085
0.081
0.076
0.071
0.064
0.051
0.04
0.031
0.015
-0.007
-0.03
-0.056
-0.087
-0.12
-0.156
-0.186
-0.232
-0.277
-0.324
-0.37
-0.416
-0.457
-0.471
-0.476
-0.47
-0.457
-0.445
-0.435
-0.425
-0.417
-0.409
-0.394
-0.368
-0.341
-0.313
-0.297
-0.289
-0.283
-0.279
-0.274
-0.27
-0.267
-0.261
-0.247
-0.223
-0.203
-0.189
-0.171
-0.163
-0.159
-0.155
-0.153
-0.151
-0.149
-0.148
-0.147
-0.145
-0.143
-0.141
-0.138
-0.136
-0.134
-0.131
-0.128
-0.126
-0.124
-0.122
-0.12
-0.117
-0.113
-0.109
-0.105
-0.101
-0.098
-0.094
-0.09
-0.085
-0.081
-0.077
-0.075
-0.073
-0.071
-0.07
-0.068
-0.067
-0.066
-0.065
-0.063
-0.062
-0.059
-0.057
-0.055
-0.053
-0.052
-0.05
-0.049
-0.048
-0.047
-0.046
-0.044
-0.043
-0.041
-0.039
-0.037
-0.034
-0.031
-0.029
-0.026
-0.023
-0.021
-0.018
-0.016
-0.014
-0.012
-0.01
-0.009
-0.007
-0.005
-0.003
-0.001
0.0
0.001
0.003
0.004
0.005
0.005
0.005
0.005
0.005
0.005
0.006
0.007
0.008
0.008
0.009
0.011
0.012
0.014
0.015
0.015
0.016
0.016
0.017
0.018
0.019
0.02
0.021
0.022
0.024
0.028
0.032
0.035
0.036
0.035
0.032
0.03
0.027
0.025
0.023
0.019
0.016
0.014
0.013
0.015
0.019
0.023
0.027
0.03
0.033
0.036
0.039
0.041
0.043
0.044
0.044
0.044
0.043
0.041
0.039
0.038
0.036
0.034
0.033
0.032
0.032
0.031
0.03
0.028
0.026
0.024
0.023
0.022
0.022
0.021
0.022
0.023
0.026
0.03
0.034
0.039
0.044
0.049
0.054
0.059
0.065
0.072
0.08
0.087
0.094
0.101
0.108
0.114
0.116
0.113
0.107
0.098
0.087
0.065
0.039
0.034
0.032
0.029
0.027
0.026
0.024
0.023
0.021
0.018
0.016
0.014
0.012
0.011
0.01
0.009
0.008
0.007
0.005
0.004
0.001
-0.001
-0.004
-0.007
-0.008
-0.009
-0.009
-0.008
-0.006
-0.003
0.0
0.004
0.008
0.012
0.016
0.021
0.026
0.031
0.034
0.035
0.035
0.033
0.03
0.027
0.024
0.022
0.018
0.014
0.011
0.009
0.008
0.01
0.014
0.02
0.028
0.037
0.051
0.073
0.084
0.088
0.09
0.092
0.094
0.095
0.095
0.096
0.098
0.099
0.1
0.101
0.102
0.102
0.102
0.101
0.101
0.099
0.098
0.097
0.096
0.096
0.095
0.093
0.091
0.09
0.088
0.086
0.084
0.082
0.079
0.076
0.072
0.068
0.063
0.054
0.042
0.031
0.019
0.008
0.0
-0.007
-0.015
-0.022
-0.027
-0.03
-0.032
-0.033
-0.034
-0.034
-0.034
-0.034
-0.033
-0.032
-0.031
-0.031
-0.03
-0.03
-0.031
-0.031
-0.031
-0.031
-0.031
-0.03
-0.03
-0.029
-0.029
-0.028
-0.028
-0.028
-0.027
-0.027
-0.027
-0.028
-0.029
-0.031
-0.032
-0.033
-0.034
-0.035
-0.036
-0.037
-0.037
-0.038
-0.039
-0.04
-0.04
-0.041
-0.042
-0.042
-0.043
-0.044
-0.046
-0.047
-0.048
-0.049
-0.05
-0.05
-0.051
-0.052
-0.053
-0.053
-0.053
-0.054
-0.054
-0.054
-0.055
-0.054
-0.055
-0.055
-0.056
-0.057
-0.058
-0.057
-0.057
-0.057
-0.057
-0.057
-0.058
-0.059
-0.059
-0.058
-0.058
-0.059
-0.059
-0.06
-0.06
-0.06
-0.059
-0.059
-0.058
-0.058
-0.058
-0.057
-0.057
-0.056
-0.056
-0.056
-0.056
-0.056
-0.056
-0.055
-0.055
-0.055
-0.055
-0.055
-0.055
-0.054
-0.054
-0.055
-0.056
-0.057
-0.057
-0.058
-0.057
-0.057
-0.057
-0.057
-0.056
-0.055
-0.054
-0.053
-0.053
-0.052
-0.051
-0.05
-0.049
-0.048
-0.048
-0.048
-0.048
-0.047
-0.047
-0.046
-0.046
-0.046
-0.046
-0.046
-0.045
-0.044
-0.044
-0.043
-0.044
-0.044
-0.043
-0.043
-0.043
-0.043
-0.043
-0.043
-0.042
-0.042
-0.041
-0.04
-0.039
-0.039
-0.038
-0.037
-0.036
-0.035
-0.034
-0.034
-0.034
-0.033
-0.032
-0.031
-0.031
-0.031
-0.031
-0.031
-0.032
-0.031
-0.03
-0.03
-0.029
-0.028
-0.027
-0.026
-0.024
-0.022
-0.02
-0.016
-0.012
-0.007
-0.002
0.004
0.018
0.03
0.04
0.058
0.084
0.104
0.117
0.122
0.113
0.092
0.059
0.024
0.014
0.012
0.01
0.008
0.007
0.005
0.003
0.001
-0.001
-0.003
-0.004
-0.005
-0.005
-0.005
-0.004
-0.004
-0.003
-0.003
-0.003
-0.003
-0.002
-0.001
0.0
0.0
0.0
0.0
0.001
0.002
0.003
0.005
0.007
0.009
0.011
0.013
0.015
0.017
0.019
0.021
0.022
0.024
0.026
0.029
0.032
0.035
0.037
0.04
0.042
0.045
0.048
0.05
0.052
0.054
0.056
0.058
0.06
0.063
0.065
0.068
0.071
0.074
0.078
0.083
0.089
0.095
0.1
0.104
0.107
0.111
0.113
0.115
0.116
0.118
0.119
0.121
0.123
0.124
0.124
0.125
0.125
0.125
0.125
0.124
0.123
0.121
0.118
0.114
0.11
0.106
0.101
0.095
0.088
0.079
0.068
0.053
0.038
0.029
0.022
0.017
0.012
0.008
0.004
0.001
-0.002
-0.005
-0.009
-0.013
-0.016
-0.019
-0.021
-0.023
-0.024
-0.025
-0.025
-0.024
-0.025
-0.025
-0.026
-0.027
-0.028
-0.03
-0.031
-0.032
-0.034
-0.035
-0.036
-0.036
-0.037
-0.038
-0.039
-0.04
-0.041
-0.041
-0.042
-0.042
-0.042
-0.043
-0.044
-0.045
-0.045
-0.046
-0.046
-0.047
-0.048
-0.049
-0.05
-0.051
-0.051
-0.052
-0.053
-0.054
-0.055
-0.055
-0.054
-0.054
-0.053
-0.052
-0.052
-0.052
-0.051
-0.05
-0.049
-0.05
-0.051
-0.052
-0.052
-0.052
-0.051
-0.051
-0.05
-0.049
-0.048
-0.045
-0.045
-0.049
-0.056
-0.059
-0.063
-0.067
-0.07
-0.073
-0.075
-0.076
-0.076
-0.075
-0.072
-0.068
-0.064
-0.061
-0.058
-0.054
-0.051
-0.048
-0.046
-0.044
-0.043
-0.043
-0.043
-0.044
-0.045
-0.046
-0.047
-0.047
-0.048
-0.048
-0.048
-0.047
-0.047
-0.047
-0.047
-0.048
-0.05
-0.051
-0.051
-0.052
-0.052
-0.052
-0.052
-0.051
-0.049
-0.047
-0.045
-0.042
-0.04
-0.038
-0.037
-0.035
-0.034
-0.033
-0.033
-0.031
-0.028
-0.023
-0.018
-0.014
-0.013
-0.013
-0.016
-0.019
-0.022
-0.025
-0.03
-0.036
-0.039
-0.037
-0.031
-0.025
-0.022
-0.018
-0.014
-0.011
-0.007
-0.004
-0.001
0.0
0.001
0.002
0.001
0.0
-0.001
-0.002
-0.003
-0.003
-0.003
-0.003
-0.003
-0.003
-0.002
-0.002
-0.001
-0.001
-0.002
-0.003
-0.005
-0.003
0.003
0.012
0.019
0.025
0.031
0.037
0.043
0.049
0.056
0.063
0.069
0.073
0.078
0.084
0.089
0.094
0.097
0.095
0.089
0.08
0.071
0.064
0.06
0.057
0.054
0.051
0.048
0.045
0.042
0.04
0.038
0.036
0.033
0.031
0.03
0.029
0.029
0.03
0.031
0.031
0.03
0.031
0.031
0.032
0.033
0.034
0.034
0.034
0.034
0.034
0.034
0.035
0.035
0.035
0.036
0.036
0.038
0.039
0.041
0.043
0.045
0.047
0.049
0.052
0.054
0.056
0.057
0.059
0.061
0.064
0.066
0.068
0.07
0.072
0.075
0.078
0.081
0.084
0.087
0.089
0.091
0.093
0.095
0.096
0.097
0.096
0.096
0.096
0.096
0.096
0.096
0.096
0.096
0.096
0.096
0.097
0.097
0.097
0.096
0.095
0.094
0.094
0.093
0.092
0.09
0.088
0.085
0.08
0.073
0.064
0.055
0.045
0.033
0.021
0.011
0.002
-0.005
-0.014
-0.021
-0.028
-0.035
-0.042
-0.049
-0.055
-0.058
-0.062
-0.065
-0.067
-0.07
-0.072
-0.073
-0.075
-0.075
-0.076
-0.076
-0.075
-0.073
-0.072
-0.07
-0.068
-0.067
-0.066
-0.066
-0.065
-0.065
-0.065
-0.065
-0.065
-0.063
-0.061
-0.059
-0.058
-0.059
-0.06
-0.062
-0.062
-0.063
-0.064
-0.066
-0.068
-0.07
-0.071
-0.071
-0.071
-0.071
-0.07
-0.069
-0.069
-0.067
-0.066
-0.065
-0.065
-0.065
-0.065
-0.066
-0.066
-0.066
-0.066
-0.066
-0.065
-0.064
-0.062
-0.061
-0.059
-0.058
-0.058
-0.058
-0.058
-0.059
-0.059
-0.06
-0.06
-0.061
-0.061
-0.061
-0.06
-0.058
-0.057
-0.057
-0.057
-0.056
-0.056
-0.055
-0.055
-0.056
-0.056
-0.057
-0.057
-0.057
-0.056
-0.056
-0.055
-0.054
-0.052
-0.05
-0.048
-0.047
-0.046
-0.045
-0.045
-0.045
-0.044
-0.043
-0.043
-0.043
-0.043
-0.042
-0.041
-0.039
-0.038
-0.036
-0.036
-0.035
-0.034
-0.034
-0.033
-0.033
-0.034
-0.034
-0.034
-0.033
-0.032
-0.031
-0.031
-0.031
-0.03
-0.03
-0.029
-0.028
-0.028
-0.027
-0.027
-0.026
-0.024
-0.022
-0.02
-0.018
-0.016
-0.014
-0.012
-0.011
-0.01
-0.009
-0.009
-0.009
-0.009
-0.009
-0.008
-0.007
-0.007
-0.006
-0.006
-0.005
-0.004
-0.004
-0.004
-0.005
-0.005
-0.005
-0.005
-0.004
-0.003
-0.002
-0.002
-0.001
0.0
0.001
0.003
0.004
0.004
0.005
0.005
0.007
0.009
0.011
0.013
0.015
0.017
0.019
0.021
0.024
0.026
0.028
0.031
0.034
0.038
0.046
0.062
0.079
0.097
0.114
0.119
0.125
0.131
0.129
0.11
0.082
0.039
0.009
-0.007
-0.017
-0.016
-0.009
-0.001
0.004
0.01
0.015
0.021
0.025
0.028
0.032
0.038
0.048
0.046
0.03
0.022
0.017
0.013
0.01
0.007
0.005
0.003
0.001
0.0
0.0
0.002
0.004
0.007
0.01
0.012
0.015
0.017
0.019
0.021
0.023
0.026
0.028
0.03
0.031
0.033
0.034
0.036
0.037
0.038
0.039
0.04
0.041
0.042
0.044
0.046
0.047
0.049
0.051
0.054
0.057
0.061
0.064
0.068
0.074
0.08
0.085
0.09
0.094
0.097
0.101
0.104
0.107
0.11
0.114
0.116
0.119
0.122
0.125
0.127
0.129
0.131
0.132
0.134
0.135
0.137
0.139
0.141
0.146
0.151
0.153
0.149
0.14
0.129
0.119
0.108
0.096
0.081
0.067
0.06
0.056
0.051
0.048
0.045
0.042
0.04
0.038
0.037
0.036
0.034
0.033
0.032
0.031
0.031
0.031
0.032
0.031
0.031
0.03
0.029
0.029
0.028
0.027
0.026
0.025
0.023
0.022
0.021
0.02
0.02
0.019
0.018
0.017
0.015
0.014
0.013
0.011
0.01
0.009
0.008
0.007
0.006
0.004
0.003
0.002
0.0
0.0
-0.001
-0.002
-0.003
-0.004
-0.005
-0.007
-0.009
-0.011
-0.013
-0.015
-0.016
-0.018
-0.021
-0.023
-0.025
-0.027
-0.028
-0.028
-0.028
-0.028
-0.029
-0.029
-0.029
-0.029
-0.029
-0.029
-0.029
-0.03
-0.03
-0.031
-0.031
-0.031
-0.031
-0.031
-0.031
-0.032
-0.033
-0.035
-0.037
-0.039
-0.041
-0.044
-0.048
-0.052
-0.055
-0.056
-0.055
-0.053
-0.05
-0.047
-0.045
-0.043
-0.042
-0.04
-0.039
-0.038
-0.037
-0.037
-0.035
-0.033
-0.031
-0.029
-0.028
-0.028
-0.028
-0.027
-0.027
-0.026
-0.026
-0.026
-0.026
-0.026
-0.025
-0.023
-0.022
-0.02
-0.019
-0.019
-0.018
-0.017
-0.017
-0.016
-0.016
-0.017
-0.018
-0.018
-0.018
-0.017
-0.015
-0.013
-0.011
-0.01
-0.008
-0.007
-0.005
-0.004
-0.003
-0.003
-0.004
-0.004
-0.004
-0.004
-0.004
-0.004
-0.004
-0.005
-0.006
-0.007
-0.009
-0.011
-0.014
-0.016
-0.018
-0.019
-0.021
-0.023
-0.024
-0.025
-0.027
-0.03
-0.032
-0.035
-0.037
-0.038
-0.038
-0.038
-0.037
-0.035
-0.033
-0.031
-0.029
-0.027
-0.024
-0.021
-0.018
-0.016
-0.014
-0.012
-0.01
-0.007
-0.002
0.008
0.036
0.056
0.068
0.075
0.075
0.067
0.055
0.04
0.019
-0.001
-0.023
-0.042
-0.043
-0.044
-0.045
-0.046
-0.046
-0.047
-0.047
-0.047
-0.048
-0.049
-0.05
-0.05
-0.05
-0.049
-0.047
-0.046
-0.045
-0.044
-0.043
-0.041
-0.04
-0.039
-0.038
-0.038
-0.037
-0.035
-0.034
-0.033
-0.032
-0.031
-0.03
-0.028
-0.027
-0.026
-0.026
-0.026
-0.026
-0.026
-0.026
-0.026
-0.026
-0.026
-0.025
-0.023
-0.022
-0.019
-0.016
-0.013
-0.01
-0.008
-0.006
-0.004
-0.002
0.0
0.004
0.009
0.014
0.02
0.025
0.031
0.036
0.041
0.045
0.05
0.055
0.061
0.068
0.076
0.082
0.087
0.09
0.093
0.096
0.099
0.102
0.105
0.106
0.107
0.108
0.108
0.106
0.103
0.099
0.094
0.088
0.083
0.078
0.074
0.07
0.065
0.06
0.055
0.051
0.047
0.042
0.038
0.033
0.028
0.024
0.02
0.017
0.014
0.012
0.009
0.006
0.003
0.001
0.0
-0.001
-0.003
-0.004
-0.005
-0.005
-0.004
-0.003
-0.001
0.0
0.001
0.003
0.004
0.006
0.007
0.009
0.01
0.011
0.011
0.012
0.013
0.014
0.015
0.016
0.016
0.016
0.015
0.014
0.013
0.011
0.01
0.008
0.007
0.005
0.003
0.002
0.001
0.001
0.001
0.001
0.001
0.001
0.002
0.002
0.003
0.002
0.001
0.0
0.0
-0.001
-0.002
-0.004
-0.005
-0.006
-0.007
-0.008
-0.008
-0.008
-0.008
-0.008
-0.009
-0.009
-0.01
-0.011
-0.012
-0.014
-0.015
-0.016
-0.017
-0.017
-0.016
-0.016
-0.017
-0.017
-0.017
-0.017
-0.018
-0.018
-0.018
-0.019
-0.02
-0.021
-0.022
-0.023
-0.024
-0.024
-0.024
-0.024
-0.023
-0.022
-0.02
-0.018
-0.017
-0.016
-0.016
-0.016
-0.017
-0.017
-0.018
-0.019
-0.02
-0.02
-0.019
-0.018
-0.018
-0.017
-0.017
-0.017
-0.018
-0.019
-0.02
-0.022
-0.024
-0.027
-0.03
-0.032
-0.034
-0.035
-0.036
-0.037
-0.037
-0.036
-0.036
-0.035
-0.034
-0.033
-0.032
-0.032
-0.031
-0.031
-0.03
-0.029
-0.028
-0.027
-0.026
-0.024
-0.023
-0.021
-0.02
-0.02
-0.02
-0.022
-0.024
-0.027
-0.03
-0.033
-0.035
-0.038
-0.041
-0.044
-0.046
-0.047
-0.047
-0.046
-0.044
-0.041
-0.038
-0.035
-0.033
-0.031
-0.029
-0.027
-0.026
-0.025
-0.025
-0.024
-0.023
-0.021
-0.02
-0.019
-0.018
-0.016
-0.014
-0.011
-0.008
-0.003
0.001
0.006
0.018
0.042
0.055
0.063
0.069
0.073
0.075
0.075
0.069
0.059
0.046
0.028
0.001
-0.011
-0.016
-0.019
-0.022
-0.025
-0.028
-0.031
-0.033
-0.036
-0.039
-0.041
-0.044
-0.046
-0.048
-0.049
-0.051
-0.053
-0.054
-0.056
-0.057
-0.059
-0.061
-0.064
-0.066
-0.067
-0.068
-0.068
-0.068
-0.068
-0.069
-0.069
-0.07
-0.071
-0.072
-0.074
-0.076
-0.078
-0.079
-0.08
-0.081
-0.083
-0.084
-0.085
-0.087
-0.091
-0.095
-0.099
-0.101
-0.098
-0.092
-0.084
-0.077
-0.074
-0.071
-0.069
-0.066
-0.063
-0.061
-0.059
-0.058
-0.056
-0.055
-0.053
-0.051
-0.05
-0.048
-0.047
-0.046
-0.045
-0.044
-0.043
-0.043
-0.044
-0.045
-0.046
-0.046
-0.047
-0.049
-0.05
-0.051
-0.053
-0.054
-0.055
-0.057
-0.06
-0.063
-0.066
-0.071
-0.081
-0.093
-0.103
-0.113
-0.123
-0.131
-0.138
-0.144
-0.15
-0.154
-0.158
-0.16
-0.162
-0.164
-0.164
-0.165
-0.166
-0.166
-0.167
-0.167
-0.168
-0.168
-0.169
-0.169
-0.168
-0.168
-0.167
-0.166
-0.166
-0.166
-0.167
-0.168
-0.171
-0.173
-0.177
-0.18
-0.183
-0.186
-0.189
-0.192
-0.195
-0.198
-0.2
-0.203
-0.205
-0.207
-0.21
-0.213
-0.216
-0.218
-0.22
-0.222
-0.224
-0.227
-0.229
-0.231
-0.233
-0.236
-0.238
-0.241
-0.243
-0.246
-0.249
-0.252
-0.255
-0.258
-0.262
-0.267
-0.271
-0.276
-0.281
-0.287
-0.292
-0.296
-0.299
-0.3
-0.301
-0.302
-0.303
-0.304
-0.304
-0.305
-0.305
-0.307
-0.31
-0.312
-0.314
-0.314
-0.31
-0.304
-0.297
-0.29
-0.285
-0.278
-0.272
-0.265
-0.258
-0.253
-0.249
-0.244
-0.239
-0.232
-0.223
-0.213
-0.202
-0.19
-0.174
-0.153
-0.134
-0.109
-0.078
-0.053
-0.035
-0.015
0.001
0.015
0.03
0.044
0.061
0.08
0.1
0.119
0.139
0.158
0.177
0.196
0.213
0.224
0.232
0.238
0.244
0.252
0.26
0.268
0.277
0.287
0.296
0.305
0.313
0.32
0.326
0.331
0.335
0.339
0.342
0.344
0.344
0.344
0.341
0.337
0.331
0.324
0.317
0.31
0.304
0.298
0.292
0.285
0.279
0.274
0.27
0.266
0.264
0.262
0.261
0.26
0.26
0.26
0.26
0.26
0.26
0.26
0.259
0.259
0.258
0.256
0.255
0.254
0.253
0.252
0.252
0.251
0.251
0.252
0.252
0.254
0.255
0.257
0.259
0.261
0.263
0.266
0.269
0.272
0.276
0.284
0.305
0.321
0.334
0.347
0.347
0.332
0.289
0.239
0.211
0.196
0.187
0.18
0.176
0.176
0.181
0.189
0.198
0.205
0.212
0.219
0.226
0.233
0.24
0.247
0.254
0.264
0.276
0.288
0.298
0.308
0.319
0.332
0.348
0.366
0.382
0.397
0.409
0.421
0.432
0.441
0.45
0.457
0.462
0.466
0.468
0.471
0.473
0.474
0.474
0.474
0.475
0.475
0.475
0.475
0.474
0.473
0.472
0.472
0.471
0.471
0.471
0.47
0.471
0.471
0.472
0.474
0.476
0.478
0.48
0.481
0.483
0.485
0.488
0.491
0.494
0.497
0.501
0.505
0.51
0.514
0.518
0.521
0.523
0.523
0.522
0.519
0.516
0.511
0.505
0.499
0.492
0.48
0.455
0.43
0.412
0.398
0.387
0.379
0.372
0.367
0.36
0.353
0.345
0.336
0.325
0.31
0.291
0.272
0.253
0.234
0.212
0.196
0.183
0.172
0.162
0.153
0.15
0.147
0.144
0.141
0.139
0.136
0.134
0.132
0.13
0.128
0.127
0.126
0.125
0.125
0.126
0.126
0.126
0.127
0.128
0.129
0.13
0.131
0.132
0.134
0.136
0.139
0.142
0.145
0.148
0.152
0.157
0.162
0.167
0.173
0.186
0.2
0.21
0.219
0.225
0.229
0.234
0.237
0.24
0.241
0.242
0.242
0.241
0.238
0.236
0.232
0.229
0.225
0.222
0.218
0.214
0.21
0.206
0.204
0.203
0.204
0.208
0.213
0.219
0.224
0.228
0.233
0.238
0.243
0.248
0.252
0.256
0.259
0.261
0.262
0.262
0.26
0.258
0.254
0.25
0.246
0.242
0.238
0.233
0.228
0.223
0.215
0.206
0.198
0.192
0.187
0.183
0.178
0.175
0.172
0.169
0.167
0.165
0.162
0.16
0.158
0.155
0.152
0.15
0.146
0.142
0.138
0.133
0.128
0.121
0.113
0.105
0.097
0.09
0.082
0.073
0.059
0.036
0.018
0.001
-0.016
-0.036
-0.064
-0.098
-0.125
-0.145
-0.162
-0.176
-0.188
-0.199
-0.211
-0.222
-0.231
-0.24
-0.251
-0.262
-0.275
-0.289
-0.304
-0.319
-0.329
-0.336
-0.342
-0.347
-0.353
-0.359
-0.364
-0.37
-0.376
-0.382
-0.388
-0.395
-0.402
-0.41
-0.417
-0.423
-0.427
-0.432
-0.436
-0.441
-0.446
-0.449
-0.452
-0.455
-0.457
-0.459
-0.46
-0.462
-0.464
-0.466
-0.47
-0.473
-0.475
-0.475
-0.469
-0.46
-0.448
-0.432
-0.408
-0.389
-0.373
-0.358
-0.351
-0.357
-0.374
-0.399
-0.44
-0.467
-0.48
-0.49
-0.497
-0.505
-0.512
-0.517
-0.521
-0.525
-0.528
-0.53
-0.532
-0.533
-0.534
-0.535
-0.536
-0.538
-0.54
-0.541
-0.541
-0.54
-0.537
-0.535
-0.532
-0.531
-0.53
-0.529
-0.528
-0.526
-0.525
-0.523
-0.521
-0.519
-0.517
-0.515
-0.512
-0.509
-0.505
-0.502
-0.499
-0.497
-0.494
-0.491
-0.488
-0.485
-0.482
-0.478
-0.474
-0.469
-0.464
-0.458
-0.452
-0.447
-0.442
-0.435
-0.425
-0.41
-0.396
-0.383
-0.375
-0.37
-0.365
-0.36
-0.354
-0.347
-0.341
-0.335
-0.329
-0.324
-0.317
-0.311
-0.305
-0.299
-0.294
-0.289
-0.282
-0.275
-0.269
-0.263
-0.258
-0.254
-0.249
-0.245
-0.241
-0.238
-0.237
-0.237
-0.238
-0.238
-0.239
-0.239
-0.24
-0.242
-0.245
-0.247
-0.248
-0.249
-0.25
-0.252
-0.255
-0.258
-0.261
-0.263
-0.264
-0.265
-0.266
-0.265
-0.263
-0.258
-0.252
-0.246
-0.241
-0.235
-0.231
-0.225
-0.22
-0.213
-0.207
-0.201
-0.195
-0.188
-0.18
-0.17
-0.162
-0.155
-0.149
-0.144
-0.139
-0.135
-0.131
-0.129
-0.127
-0.125
-0.123
-0.121
-0.118
-0.116
-0.115
-0.113
-0.112
-0.11
-0.107
-0.106
-0.106
-0.106
-0.106
-0.105
-0.104
-0.103
-0.101
-0.1
-0.098
-0.096
-0.092
-0.088
-0.083
-0.077
-0.067
-0.057
-0.05
-0.047
-0.045
-0.044
-0.044
-0.044
-0.044
-0.044
-0.043
-0.043
-0.043
-0.043
-0.044
-0.044
-0.045
-0.045
-0.045
-0.045
-0.045
-0.045
-0.044
-0.042
-0.04
-0.038
-0.038
-0.037
-0.037
-0.036
-0.035
-0.034
-0.033
-0.032
-0.031
-0.03
-0.027
-0.025
-0.024
-0.022
-0.021
-0.02
-0.019
-0.018
-0.017
-0.016
-0.016
-0.015
-0.014
-0.012
-0.01
-0.008
-0.005
-0.002
0.0
0.004
0.007
0.009
0.011
0.013
0.015
0.016
0.017
0.018
0.018
0.019
0.019
0.019
0.02
0.02
0.021
0.022
0.023
0.024
0.025
0.025
0.026
0.026
0.026
0.026
0.026
0.026
0.025
0.025
0.025
0.026
0.027
0.027
0.027
0.027
0.026
0.027
0.028
0.029
0.029
0.03
0.031
0.031
0.032
0.032
0.033
0.033
0.032
0.032
0.032
0.032
0.032
0.032
0.032
0.032
0.033
0.034
0.035
0.036
0.038
0.039
0.041
0.042
0.043
0.044
0.046
0.048
0.051
0.054
0.057
0.061
0.069
0.09
0.109
0.128
0.153
0.179
0.19
0.203
0.199
0.153
0.08
0.008
-0.018
-0.018
0.001
0.02
0.04
0.042
0.034
0.031
0.03
0.029
0.028
0.028
0.028
0.028
0.027
0.026
0.024
0.024
0.025
0.026
0.028
0.029
0.03
0.03
0.031
0.033
0.034
0.036
0.037
0.038
0.04
0.041
0.042
0.042
0.041
0.041
0.041
0.041
0.041
0.04
0.04
0.04
0.04
0.041
0.043
0.045
0.047
0.049
0.05
0.051
0.053
0.055
0.056
0.058
0.059
0.061
0.065
0.07
0.076
0.083
0.089
0.095
0.1
0.104
0.108
0.111
0.114
0.115
0.116
0.117
0.118
0.119
0.121
0.123
0.124
0.126
0.129
0.131
0.132
0.132
0.132
0.131
0.129
0.127
0.125
0.123
0.121
0.118
0.115
0.112
0.109
0.106
0.102
0.095
0.081
0.067
0.054
0.048
0.043
0.039
0.035
0.032
0.028
0.025
0.022
0.02
0.017
0.016
0.014
0.013
0.011
0.011
0.01
0.01
0.01
0.01
0.009
0.009
0.008
0.008
0.009
0.009
0.01
0.011
0.012
0.014
0.015
0.016
0.017
0.017
0.017
0.016
0.016
0.015
0.015
0.014
0.012
0.011
0.01
0.009
0.008
0.007
0.007
0.006
0.005
0.004
0.003
0.002
0.001
0.0
0.0
-0.001
-0.002
-0.003
-0.004
-0.004
-0.004
-0.004
-0.003
-0.003
-0.004
-0.004
-0.004
-0.004
-0.003
-0.003
-0.004
-0.005
-0.006
-0.007
-0.007
-0.008
-0.008
-0.009
-0.009
-0.009
-0.009
-0.008
-0.007
-0.007
-0.008
-0.009
-0.01
-0.01
-0.01
-0.01
-0.01
-0.009
-0.009
-0.008
-0.007
-0.006
-0.005
-0.005
-0.005
-0.005
-0.005
-0.005
-0.005
-0.003
-0.001
0.001
0.003
0.006
0.008
0.011
0.014
0.016
0.017
0.017
0.017
0.016
0.015
0.015
0.015
0.015
0.015
0.015
0.014
0.014
0.014
0.014
0.014
0.013
0.013
0.012
0.013
0.013
0.013
0.012
0.012
0.012
0.013
0.014
0.014
0.014
0.014
0.014
0.014
0.015
0.016
0.016
0.015
0.015
0.015
0.015
0.015
0.015
0.015
0.014
0.013
0.013
0.013
0.013
0.011
0.01
0.008
0.006
0.005
0.005
0.005
0.004
0.003
0.002
0.001
0.0
-0.002
-0.005
-0.009
-0.013
-0.015
-0.015
-0.012
-0.007
-0.001
0.004
0.011
0.02
0.029
0.038
0.047
0.055
0.067
0.084
0.098
0.109
0.119
0.123
0.114
0.092
0.059
0.017
0.0
-0.008
-0.013
-0.017
-0.02
-0.021
-0.02
-0.017
-0.012
-0.007
-0.002
0.001
0.006
0.01
0.015
0.018
0.021
0.023
0.024
0.025
0.025
0.024
0.023
0.021
0.019
0.017
0.015
0.013
0.013
0.013
0.012
0.012
0.011
0.012
0.014
0.018
0.023
0.026
0.028
0.029
0.03
0.031
0.033
0.034
0.034
0.035
0.036
0.038
0.04
0.042
0.044
0.046
0.047
0.049
0.051
0.054
0.057
0.06
0.063
0.068
0.073
0.08
0.086
0.092
0.095
0.098
0.099
0.1
0.102
0.103
0.104
0.104
0.105
0.105
0.107
0.109
0.111
0.113
0.114
0.114
0.114
0.114
0.113
0.112
0.11
0.108
0.105
0.103
0.1
0.097
0.094
0.088
0.075
0.065
0.057
0.049
0.041
0.031
0.019
0.009
0.0
-0.006
-0.007
-0.006
-0.005
-0.005
-0.004
-0.004
-0.004
-0.004
-0.005
-0.005
-0.006
-0.006
-0.006
-0.006
-0.005
-0.004
-0.003
-0.003
-0.004
-0.005
-0.005
-0.006
-0.007
-0.008
-0.008
-0.008
-0.009
-0.008
-0.008
-0.008
-0.007
-0.007
-0.006
-0.006
-0.005
-0.005
-0.004
-0.003
-0.002
-0.001
0.0
0.0
0.001
0.002
0.002
0.002
0.0
-0.003
-0.007
-0.011
-0.016
-0.022
-0.029
-0.033
-0.034
-0.032
-0.03
-0.028
-0.026
-0.024
-0.022
-0.02
-0.018
-0.016
-0.014
-0.012
-0.011
-0.01
-0.009
-0.009
-0.009
-0.008
-0.006
-0.003
-0.001
-0.001
-0.004
-0.007
-0.01
-0.012
-0.013
-0.015
-0.018
-0.02
-0.021
-0.023
-0.024
-0.024
-0.025
-0.025
-0.024
-0.023
-0.022
-0.02
-0.019
-0.018
-0.018
-0.016
-0.016
-0.015
-0.015
-0.015
-0.015
-0.015
-0.013
-0.011
-0.009
-0.008
-0.007
-0.008
-0.008
-0.009
-0.009
-0.01
-0.012
-0.014
-0.016
-0.017
-0.016
-0.016
-0.015
-0.014
-0.013
-0.011
-0.01
-0.009
-0.008
-0.008
-0.009
-0.01
-0.011
-0.012
-0.013
-0.014
-0.015
-0.016
-0.018
-0.018
-0.018
-0.017
-0.016
-0.014
-0.013
-0.011
-0.01
-0.009
-0.007
-0.005
-0.003
-0.002
-0.002
-0.002
0.0
0.001
0.002
0.002
0.0
-0.002
-0.005
-0.007
-0.008
-0.01
-0.012
-0.015
-0.017
-0.02
-0.021
-0.022
-0.022
-0.022
-0.023
-0.022
-0.021
-0.019
-0.016
-0.013
-0.009
-0.007
-0.003
0.001
0.013
0.029
0.053
0.082
0.113
0.128
0.134
0.138
0.125
0.086
0.053
0.045
0.038
0.029
0.019
0.008
-0.005
-0.024
-0.027
-0.022
-0.017
-0.012
-0.012
-0.019
-0.025
-0.032
-0.037
-0.038
-0.034
-0.03
-0.028
-0.028
-0.027
-0.027
-0.026
-0.024
-0.023
-0.022
-0.021
-0.02
-0.02
-0.02
-0.021
-0.021
-0.021
-0.021
-0.02
-0.018
-0.016
-0.014
-0.012
-0.01
-0.008
-0.006
-0.004
-0.002
-0.001
0.0
0.002
0.006
0.01
0.013
0.015
0.014
0.014
0.013
0.011
0.01
0.008
0.003
0.004
0.016
0.027
0.037
0.047
0.058
0.066
0.073
0.079
0.084
0.088
0.092
0.095
0.097
0.099
0.102
0.104
0.105
0.106
0.107
0.107
0.106
0.105
0.104
0.102
0.099
0.096
0.092
0.087
0.077
0.056
0.046
0.042
0.039
0.037
0.035
0.032
0.03
0.026
0.023
0.02
0.018
0.015
0.012
0.008
0.004
0.0
-0.003
-0.006
-0.008
-0.01
-0.013
-0.017
-0.023
-0.026
-0.02
-0.011
-0.005
-0.001
0.002
0.006
0.008
0.008
0.006
0.002
-0.002
-0.006
-0.009
-0.012
-0.015
-0.018
-0.02
-0.023
-0.024
-0.024
-0.024
-0.024
-0.024
-0.023
-0.022
-0.021
-0.019
-0.018
-0.018
-0.018
-0.017
-0.016
-0.015
-0.014
-0.014
-0.014
-0.014
-0.014
-0.016
-0.018
-0.02
-0.022
-0.025
-0.027
-0.028
-0.029
-0.03
-0.03
-0.031
-0.031
-0.032
-0.033
-0.033
-0.034
-0.035
-0.036
-0.036
-0.036
-0.036
-0.035
-0.035
-0.034
-0.034
-0.034
-0.035
-0.035
-0.035
-0.036
-0.037
-0.037
-0.038
-0.039
-0.04
-0.041
-0.041
-0.041
-0.041
-0.04
-0.04
-0.039
-0.038
-0.038
-0.037
-0.036
-0.036
-0.035
-0.035
-0.035
-0.034
-0.033
-0.033
-0.032
-0.031
-0.029
-0.027
-0.026
-0.024
-0.023
-0.022
-0.023
-0.024
-0.025
-0.027
-0.03
-0.032
-0.035
-0.038
-0.042
-0.047
-0.051
-0.053
-0.05
-0.044
-0.039
-0.036
-0.033
-0.03
-0.028
-0.026
-0.024
-0.024
-0.024
-0.024
-0.024
-0.024
-0.024
-0.025
-0.026
-0.027
-0.027
-0.028
-0.029
-0.032
-0.034
-0.037
-0.037
-0.037
-0.036
-0.035
-0.035
-0.034
-0.033
-0.031
-0.03
-0.028
-0.026
-0.024
-0.022
-0.022
-0.022
-0.022
-0.023
-0.023
-0.024
-0.024
-0.022
-0.021
-0.02
-0.018
-0.018
-0.017
-0.016
-0.015
-0.013
-0.011
-0.008
-0.006
0.0
0.012
0.027
0.047
0.072
0.097
0.117
0.13
0.138
0.128
0.097
0.055
0.023
0.011
0.009
0.014
0.018
0.023
0.025
0.019
0.007
-0.002
-0.012
-0.019
-0.02
-0.016
-0.009
0.001
0.016
0.027
0.034
0.033
0.022
0.014
0.009
0.004
0.001
0.0
0.0
0.002
0.005
0.009
0.011
0.013
0.015
0.017
0.02
0.023
0.025
0.028
0.03
0.032
0.035
0.037
0.039
0.04
0.041
0.043
0.045
0.047
0.049
0.051
0.052
0.054
0.056
0.058
0.06
0.061
0.062
0.064
0.065
0.068
0.071
0.075
0.081
0.094
0.106
0.116
0.125
0.132
0.137
0.14
0.143
0.145
0.146
0.147
0.148
0.149
0.149
0.149
0.149
0.148
0.146
0.143
0.141
0.138
0.135
0.132
0.128
0.122
0.117
0.112
0.106
0.101
0.095
0.088
0.082
0.077
0.073
0.069
0.065
0.061
0.056
0.051
0.045
0.039
0.031
0.02
0.012
0.009
0.007
0.006
0.005
0.004
0.003
0.002
0.002
0.002
0.002
0.003
0.004
0.004
0.004
0.004
0.004
0.005
0.006
0.008
0.009
0.01
0.012
0.013
0.015
0.017
0.019
0.02
0.022
0.023
0.026
0.03
0.021
0.014
0.009
0.005
0.001
-0.002
-0.006
-0.009
-0.011
-0.013
-0.016
-0.018
-0.019
-0.02
-0.02
-0.02
-0.02
-0.02
-0.02
-0.019
-0.018
-0.016
-0.014
-0.012
-0.011
-0.01
-0.008
-0.006
-0.004
-0.003
-0.004
-0.007
-0.012
-0.017
-0.021
-0.027
-0.033
-0.035
-0.034
-0.03
-0.026
-0.024
-0.022
-0.021
-0.02
-0.018
-0.017
-0.015
-0.014
-0.012
-0.012
-0.011
-0.012
-0.012
-0.014
-0.015
-0.018
-0.02
-0.023
-0.026
-0.028
-0.029
-0.029
-0.03
-0.03
-0.031
-0.031
-0.031
-0.032
-0.032
-0.032
-0.033
-0.034
-0.034
-0.035
-0.035
-0.036
-0.037
-0.038
-0.038
-0.037
-0.037
-0.037
-0.037
-0.038
-0.038
-0.038
-0.039
-0.041
-0.044
-0.046
-0.048
-0.049
-0.049
-0.048
-0.046
-0.044
-0.04
-0.035
-0.045
-0.052
-0.055
-0.058
-0.061
-0.063
-0.064
-0.065
-0.064
-0.063
-0.062
-0.061
-0.059
-0.058
-0.056
-0.053
-0.051
-0.05
-0.049
-0.048
-0.047
-0.047
-0.046
-0.045
-0.045
-0.046
-0.047
-0.05
-0.053
-0.056
-0.059
-0.062
-0.066
-0.071
-0.074
-0.075
-0.074
-0.07
-0.063
-0.053
-0.036
-0.009
0.014
0.035
0.044
0.048
0.052
0.055
0.056
0.056
0.054
0.048
0.038
0.005
-0.051
-0.082
-0.092
-0.079
-0.041
-0.018
-0.01
-0.011
-0.024
-0.033
-0.04
-0.045
-0.05
-0.052
-0.055
-0.057
-0.06
-0.063
-0.067
-0.068
-0.065
-0.06
-0.053
-0.045
-0.036
-0.03
-0.025
-0.023
-0.021
-0.02
-0.018
-0.017
-0.016
-0.016
-0.016
-0.017
-0.019
-0.021
-0.023
-0.024
-0.025
-0.027
-0.029
-0.03
-0.031
-0.03
-0.027
-0.023
-0.019
-0.014
-0.01
-0.004
0.0
0.005
0.011
0.016
0.02
0.025
0.029
0.033
0.037
0.042
0.047
0.051
0.055
0.058
0.063
0.067
0.071
0.074
0.076
0.077
0.079
0.08
0.082
0.084
0.085
0.085
0.085
0.086
0.086
0.086
0.085
0.083
0.08
0.076
0.072
0.068
0.063
0.053
0.043
0.034
0.025
0.018
0.012
0.007
0.002
-0.006
-0.02
-0.027
-0.03
-0.033
-0.035
-0.037
-0.037
-0.038
-0.038
-0.038
-0.038
-0.038
-0.038
-0.037
-0.036
-0.036
-0.039
-0.043
-0.046
-0.05
-0.053
-0.055
-0.056
-0.055
-0.053
-0.049
-0.046
-0.042
-0.037
-0.033
-0.029
-0.029
-0.033
-0.039
-0.044
-0.048
-0.052
-0.055
-0.058
-0.061
-0.063
-0.063
-0.063
-0.061
-0.059
-0.056
-0.054
-0.052
-0.049
-0.047
-0.044
-0.042
-0.04
-0.041
-0.042
-0.044
-0.047
-0.049
-0.05
-0.052
-0.053
-0.055
-0.058
-0.06
-0.061
-0.063
-0.063
-0.064
-0.063
-0.063
-0.061
-0.059
-0.056
-0.053
-0.049
-0.046
-0.043
-0.04
-0.038
-0.036
-0.034
-0.033
-0.031
-0.03
-0.029
-0.027
-0.025
-0.023
-0.021
-0.019
-0.018
-0.017
-0.016
-0.015
-0.015
-0.015
-0.015
-0.016
-0.017
-0.017
-0.017
-0.018
-0.018
-0.019
-0.02
-0.021
-0.021
-0.021
-0.021
-0.021
-0.021
-0.021
-0.022
-0.022
-0.023
-0.025
-0.028
-0.029
-0.029
-0.025
-0.021
-0.018
-0.013
-0.009
-0.009
-0.012
-0.014
-0.016
-0.017
-0.018
-0.019
-0.02
-0.02
-0.02
-0.019
-0.019
-0.018
-0.016
-0.015
-0.013
-0.011
-0.01
-0.009
-0.008
-0.007
-0.006
-0.006
-0.006
-0.007
-0.008
-0.008
-0.008
-0.008
-0.008
-0.009
-0.009
-0.01
-0.01
-0.011
-0.011
-0.011
-0.012
-0.012
-0.013
-0.013
-0.012
-0.012
-0.011
-0.01
-0.009
-0.008
-0.006
-0.005
-0.003
-0.002
0.0
0.001
0.004
0.007
0.018
0.028
0.037
0.052
0.073
0.088
0.099
0.104
0.103
0.098
0.082
0.041
-0.009
-0.048
-0.063
-0.061
-0.043
-0.03
-0.02
-0.012
-0.006
-0.001
0.003
0.009
0.015
0.021
0.025
0.025
0.024
0.022
0.019
0.016
0.014
0.014
0.018
0.024
0.027
0.03
0.032
0.034
0.035
0.035
0.034
0.033
0.031
0.03
0.029
0.027
0.025
0.024
0.023
0.022
0.022
0.023
0.025
0.028
0.031
0.035
0.039
0.042
0.044
0.045
0.047
0.048
0.049
0.049
0.05
0.05
0.051
0.052
0.053
0.055
0.056
0.057
0.058
0.06
0.062
0.064
0.067
0.069
0.072
0.078
0.092
0.098
0.101
0.103
0.105
0.107
0.108
0.109
0.11
0.111
0.112
0.111
0.11
0.108
0.106
0.104
0.102
0.099
0.096
0.087
0.074
0.065
0.059
0.055
0.052
0.047
0.043
0.039
0.034
0.026
0.014
0.005
-0.002
-0.008
-0.015
-0.022
-0.024
-0.026
-0.028
-0.03
-0.033
-0.034
-0.036
-0.037
-0.039
-0.039
-0.04
-0.04
-0.04
-0.038
-0.037
-0.035
-0.034
-0.033
-0.031
-0.03
-0.028
-0.026
-0.025
-0.023
-0.021
-0.019
-0.016
-0.014
-0.013
-0.015
-0.019
-0.024
-0.028
-0.031
-0.035
-0.038
-0.042
-0.046
-0.048
-0.049
-0.048
-0.046
-0.045
-0.043
-0.042
-0.042
-0.04
-0.038
-0.036
-0.034
-0.034
-0.037
-0.039
-0.042
-0.044
-0.046
-0.048
-0.051
-0.054
-0.057
-0.058
-0.059
-0.059
-0.059
-0.059
-0.058
-0.056
-0.054
-0.051
-0.049
-0.047
-0.047
-0.046
-0.045
-0.044
-0.042
-0.042
-0.041
-0.04
-0.039
-0.038
-0.037
-0.036
-0.037
-0.038
-0.038
-0.039
-0.039
-0.04
-0.041
-0.042
-0.043
-0.043
-0.042
-0.042
-0.042
-0.043
-0.044
-0.044
-0.044
-0.044
-0.044
-0.044
-0.043
-0.042
-0.039
-0.037
-0.033
-0.03
-0.027
-0.023
-0.015
-0.008
-0.002
0.003
0.008
0.011
0.011
0.004
-0.003
-0.008
-0.014
-0.019
-0.023
-0.025
-0.024
-0.022
-0.018
-0.014
-0.005
0.011
0.029
0.047
0.063
0.075
0.085
0.098
0.116
0.127
0.132
0.136
0.139
0.142
0.146
0.15
0.154
0.159
0.165
0.175
0.181
0.181
0.181
0.181
0.182
0.181
0.171
0.156
0.139
0.123
0.106
0.095
0.089
0.085
0.081
0.078
0.076
0.074
0.072
0.07
0.068
0.067
0.069
0.073
0.079
0.09
0.106
0.131
0.157
0.189
0.22
0.247
0.256
0.247
0.219
0.159
0.101
0.065
0.049
0.036
0.022
0.01
0.003
0.0
0.003
0.009
0.016
0.023
0.023
0.012
0.005
0.0
-0.004
-0.007
-0.009
-0.011
-0.013
-0.015
-0.017
-0.018
-0.019
-0.02
-0.02
-0.021
-0.021
-0.022
-0.023
-0.024
-0.025
-0.026
-0.027
-0.028
-0.028
-0.027
-0.026
-0.025
-0.024
-0.024
-0.023
-0.022
-0.021
-0.019
-0.019
-0.018
-0.018
-0.017
-0.013
-0.008
-0.004
0.0
0.002
0.005
0.009
0.012
0.017
0.021
0.026
0.03
0.034
0.039
0.044
0.048
0.054
0.064
0.083
0.096
0.103
0.11
0.119
0.127
0.135
0.144
0.151
0.155
0.158
0.161
0.163
0.165
0.165
0.159
0.151
0.145
0.14
0.135
0.128
0.122
0.115
0.107
0.098
0.085
0.074
0.063
0.049
0.035
0.033
0.032
0.031
0.03
0.03
0.029
0.029
0.03
0.031
0.033
0.035
0.036
0.038
0.041
0.043
0.046
0.048
0.049
0.05
0.05
0.05
0.05
0.049
0.047
0.043
0.039
0.035
0.031
0.028
0.024
0.019
0.013
0.008
0.003
-0.001
-0.006
-0.01
-0.015
-0.02
-0.023
-0.026
-0.028
-0.029
-0.03
-0.031
-0.032
-0.034
-0.035
-0.038
-0.041
-0.043
-0.046
-0.048
-0.05
-0.051
-0.053
-0.054
-0.055
-0.056
-0.058
-0.062
-0.067
-0.072
-0.075
-0.075
-0.074
-0.073
-0.071
-0.069
-0.068
-0.066
-0.063
-0.06
-0.058
-0.057
-0.056
-0.056
-0.055
-0.055
-0.056
-0.057
-0.059
-0.062
-0.064
-0.065
-0.066
-0.067
-0.069
-0.071
-0.072
-0.074
-0.075
-0.077
-0.078
-0.079
-0.081
-0.083
-0.084
-0.087
-0.093
-0.097
-0.089
-0.077
-0.069
-0.063
-0.058
-0.053
-0.05
-0.05
-0.052
-0.055
-0.059
-0.062
-0.065
-0.068
-0.071
-0.075
-0.079
-0.081
-0.082
-0.082
-0.081
-0.079
-0.078
-0.077
-0.076
-0.075
-0.074
-0.073
-0.072
-0.072
-0.072
-0.072
-0.072
-0.071
-0.07
-0.07
-0.07
-0.07
-0.069
-0.068
-0.067
-0.065
-0.064
-0.063
-0.063
-0.062
-0.061
-0.06
-0.059
-0.059
-0.059
-0.059
-0.06
-0.06
-0.06
-0.059
-0.059
-0.059
-0.059
-0.058
-0.058
-0.059
-0.06
-0.061
-0.063
-0.064
-0.064
-0.062
-0.061
-0.06
-0.058
-0.056
-0.055
-0.055
-0.056
-0.057
-0.06
-0.065
-0.065
-0.055
-0.027
0.004
0.043
0.082
0.113
0.124
0.124
0.11
0.072
0.023
-0.005
-0.014
-0.019
-0.026
-0.033
-0.039
-0.043
-0.047
-0.05
-0.052
-0.054
-0.056
-0.057
-0.057
-0.056
-0.055
-0.055
-0.053
-0.051
-0.048
-0.045
-0.043
-0.042
-0.042
-0.041
-0.04
-0.039
-0.038
-0.037
-0.035
-0.034
-0.034
-0.033
-0.032
-0.031
-0.029
-0.028
-0.027
-0.027
-0.026
-0.025
-0.024
-0.022
-0.021
-0.02
-0.018
-0.016
-0.013
-0.01
-0.007
-0.004
-0.002
0.0
0.002
0.004
0.006
0.008
0.01
0.013
0.016
0.02
0.026
0.033
0.041
0.049
0.056
0.062
0.067
0.072
0.076
0.078
0.077
0.072
0.065
0.058
0.052
