ECG
-0.41
-0.49
-0.576
-0.663
-0.736
-0.757
-0.764
-0.766
-0.76
-0.749
-0.742
-0.737
-0.733
-0.729
-0.725
-0.72
-0.714
-0.709
-0.704
-0.698
-0.691
-0.685
-0.678
-0.67
-0.661
-0.653
-0.646
-0.639
-0.632
-0.626
-0.62
-0.615
-0.611
-0.605
-0.599
-0.593
-0.588
-0.582
-0.575
-0.568
-0.561
-0.553
-0.542
-0.533
-0.524
-0.517
-0.508
-0.498
-0.486
-0.472
-0.457
-0.443
-0.431
-0.42
-0.406
-0.389
-0.372
-0.354
-0.336
-0.319
-0.306
-0.295
-0.288
-0.286
-0.284
-0.282
-0.279
-0.294
-0.313
-0.329
-0.344
-0.363
-0.388
-0.414
-0.441
-0.465
-0.483
-0.496
-0.513
-0.536
-0.561
-0.586
-0.597
-0.602
-0.606
-0.609
-0.612
-0.615
-0.616
-0.617
-0.618
-0.618
-0.617
-0.615
-0.613
-0.61
-0.607
-0.603
-0.599
-0.595
-0.592
-0.588
-0.585
-0.581
-0.577
-0.572
-0.567
-0.562
-0.557
-0.553
-0.548
-0.544
-0.54
-0.536
-0.533
-0.529
-0.525
-0.521
-0.518
-0.514
-0.511
-0.508
-0.504
-0.501
-0.497
-0.493
-0.489
-0.484
-0.479
-0.475
-0.471
-0.468
-0.465
-0.462
-0.46
-0.458
-0.456
-0.455
-0.453
-0.451
-0.449
-0.446
-0.444
-0.441
-0.438
-0.435
-0.432
-0.428
-0.424
-0.419
-0.415
-0.41
-0.404
-0.398
-0.393
-0.388
-0.385
-0.382
-0.379
-0.376
-0.373
-0.37
-0.367
-0.363
-0.359
-0.354
-0.349
-0.343
-0.336
-0.33
-0.325
-0.321
-0.317
-0.313
-0.309
-0.306
-0.302
-0.297
-0.293
-0.289
-0.286
-0.284
-0.281
-0.277
-0.273
-0.268
-0.263
-0.259
-0.255
-0.25
-0.245
-0.239
-0.231
-0.22
-0.201
-0.185
-0.169
-0.152
-0.127
-0.109
-0.097
-0.087
-0.082
-0.081
-0.082
-0.082
-0.084
-0.085
-0.085
-0.086
-0.086
-0.089
-0.094
-0.102
-0.111
-0.121
-0.135
-0.148
-0.16
-0.166
-0.17
-0.173
-0.174
-0.176
-0.179
-0.182
-0.185
-0.189
-0.191
-0.193
-0.196
-0.199
-0.203
-0.207
-0.215
-0.23
-0.23
-0.213
-0.165
-0.069
0.06
0.203
0.331
0.423
0.46
0.46
0.419
0.327
0.202
0.053
-0.106
-0.256
-0.368
-0.399
-0.409
-0.389
-0.33
-0.277
-0.226
-0.193
-0.158
-0.122
-0.095
-0.078
-0.063
-0.051
-0.045
-0.04
-0.036
-0.033
-0.03
-0.027
-0.024
-0.022
-0.019
-0.017
-0.014
-0.01
-0.005
0.004
0.014
0.027
0.041
0.058
0.073
0.08
0.085
0.088
0.091
0.093
0.096
0.1
0.104
0.108
0.112
0.117
0.123
0.13
0.141
0.153
0.163
0.172
0.185
0.203
0.224
0.242
0.257
0.271
0.283
0.298
0.316
0.333
0.345
0.356
0.364
0.371
0.376
0.379
0.382
0.386
0.388
0.39
0.391
0.39
0.387
0.383
0.377
0.369
0.353
0.324
0.298
0.266
0.226
0.19
0.156
0.128
0.106
0.082
0.06
0.044
0.027
0.014
0.005
-0.001
-0.008
-0.015
-0.02
-0.022
-0.024
-0.026
-0.027
-0.028
-0.029
-0.03
-0.032
-0.033
-0.034
-0.035
-0.035
-0.036
-0.036
-0.037
-0.036
-0.036
-0.036
-0.035
-0.035
-0.035
-0.034
-0.033
-0.033
-0.032
-0.032
-0.031
-0.029
-0.028
-0.027
-0.025
-0.025
-0.025
-0.025
-0.026
-0.027
-0.029
-0.031
-0.033
-0.036
-0.04
-0.044
-0.048
-0.056
-0.073
-0.09
-0.105
-0.115
-0.123
-0.13
-0.136
-0.14
-0.142
-0.142
-0.138
-0.133
-0.127
-0.121
-0.116
-0.112
-0.109
-0.106
-0.103
-0.1
-0.097
-0.095
-0.093
-0.092
-0.09
-0.089
-0.088
-0.086
-0.085
-0.084
-0.083
-0.082
-0.082
-0.081
-0.081
-0.081
-0.081
-0.08
-0.078
-0.077
-0.075
-0.072
-0.069
-0.066
-0.062
-0.059
-0.055
-0.051
-0.047
-0.042
-0.037
-0.031
-0.023
-0.014
-0.005
0.002
0.01
0.017
0.026
0.037
0.046
0.05
0.053
0.055
0.058
0.06
0.062
0.063
0.063
0.06
0.056
0.05
0.044
0.036
0.027
0.016
0.006
-0.004
-0.019
-0.036
-0.047
-0.052
-0.055
-0.057
-0.06
-0.062
-0.065
-0.067
-0.068
-0.07
-0.071
-0.072
-0.073
-0.074
-0.076
-0.079
-0.085
-0.094
-0.077
-0.025
0.069
0.216
0.407
0.62
0.805
0.899
0.854
0.665
0.374
0.051
-0.224
-0.396
-0.435
-0.432
-0.376
-0.318
-0.267
-0.214
-0.158
-0.103
-0.057
-0.044
-0.035
-0.028
-0.023
-0.019
-0.015
-0.013
-0.011
-0.01
-0.009
-0.009
-0.009
-0.01
-0.01
-0.01
-0.009
-0.009
-0.009
-0.009
-0.009
-0.009
-0.01
-0.01
-0.01
-0.01
-0.01
-0.009
-0.008
-0.006
-0.003
0.0
0.003
0.007
0.015
0.033
0.052
0.068
0.082
0.096
0.111
0.124
0.136
0.146
0.154
0.161
0.171
0.184
0.201
0.216
0.228
0.24
0.252
0.267
0.283
0.301
0.314
0.323
0.33
0.336
0.342
0.347
0.353
0.362
0.366
0.361
0.35
0.333
0.308
0.286
0.261
0.232
0.202
0.171
0.14
0.116
0.097
0.081
0.062
0.033
0.007
-0.01
-0.021
-0.026
-0.029
-0.032
-0.034
-0.036
-0.038
-0.04
-0.042
-0.044
-0.046
-0.047
-0.049
-0.051
-0.052
-0.054
-0.056
-0.057
-0.06
-0.062
-0.065
-0.066
-0.066
-0.066
-0.065
-0.064
-0.062
-0.06
-0.058
-0.056
-0.054
-0.052
-0.047
-0.043
-0.041
-0.042
-0.045
-0.048
-0.05
-0.051
-0.053
-0.055
-0.056
-0.058
-0.06
-0.061
-0.061
-0.061
-0.06
-0.06
-0.059
-0.058
-0.057
-0.056
-0.055
-0.055
-0.055
-0.055
-0.054
-0.054
-0.053
-0.052
-0.051
-0.05
-0.049
-0.048
-0.048
-0.048
-0.048
-0.049
-0.05
-0.05
-0.051
-0.051
-0.052
-0.052
-0.052
-0.052
-0.051
-0.05
-0.049
-0.049
-0.048
-0.047
-0.046
-0.045
-0.044
-0.044
-0.043
-0.043
-0.042
-0.041
-0.04
-0.038
-0.036
-0.034
-0.032
-0.029
-0.027
-0.025
-0.023
-0.021
-0.019
-0.018
-0.016
-0.014
-0.011
-0.008
-0.003
0.002
0.011
0.022
0.031
0.04
0.049
0.056
0.063
0.068
0.073
0.076
0.078
0.079
0.08
0.081
0.082
0.082
0.083
0.085
0.086
0.087
0.086
0.084
0.08
0.074
0.067
0.06
0.051
0.037
0.022
0.007
0.0
-0.006
-0.011
-0.016
-0.021
-0.025
-0.029
-0.031
-0.032
-0.034
-0.038
-0.046
-0.067
-0.088
-0.102
-0.101
-0.084
-0.04
0.061
0.21
0.404
0.624
0.821
0.906
0.892
0.74
0.458
0.138
-0.14
-0.322
-0.381
-0.384
-0.34
-0.279
-0.224
-0.174
-0.125
-0.076
-0.047
-0.029
-0.02
-0.012
-0.002
0.01
0.02
0.027
0.032
0.036
0.039
0.042
0.044
0.047
0.049
0.052
0.055
0.058
0.06
0.062
0.063
0.065
0.067
0.069
0.071
0.074
0.08
0.088
0.096
0.105
0.114
0.121
0.129
0.136
0.144
0.152
0.16
0.167
0.173
0.178
0.183
0.188
0.192
0.195
0.198
0.2
0.202
0.206
0.21
0.218
0.231
0.247
0.269
0.298
0.317
0.329
0.336
0.34
0.341
0.343
0.344
0.346
0.348
0.349
0.348
0.343
0.334
0.323
0.308
0.286
0.268
0.245
0.215
0.185
0.153
0.125
0.105
0.089
0.069
0.039
0.011
-0.009
-0.032
-0.042
-0.046
-0.049
-0.052
-0.055
-0.058
-0.06
-0.061
-0.063
-0.063
-0.064
-0.065
-0.066
-0.067
-0.067
-0.068
-0.068
-0.069
-0.07
-0.071
-0.073
-0.074
-0.075
-0.076
-0.077
-0.078
-0.079
-0.08
-0.081
-0.082
-0.083
-0.085
-0.086
-0.088
-0.088
-0.089
-0.089
-0.09
-0.091
-0.092
-0.092
-0.092
-0.092
-0.093
-0.094
-0.095
-0.096
-0.096
-0.096
-0.096
-0.097
-0.097
-0.097
-0.097
-0.097
-0.097
-0.098
-0.099
-0.1
-0.101
-0.102
-0.102
-0.102
-0.102
-0.101
-0.099
-0.095
-0.092
-0.088
-0.084
-0.081
-0.079
-0.078
-0.076
-0.074
-0.072
-0.071
-0.07
-0.069
-0.068
-0.067
-0.065
-0.064
-0.063
-0.063
-0.063
-0.062
-0.06
-0.058
-0.056
-0.055
-0.053
-0.052
-0.051
-0.049
-0.048
-0.047
-0.046
-0.045
-0.043
-0.041
-0.039
-0.036
-0.033
-0.03
-0.027
-0.024
-0.02
-0.017
-0.013
-0.01
-0.007
-0.004
0.0
0.003
0.009
0.017
0.026
0.034
0.041
0.048
0.054
0.059
0.063
0.067
0.071
0.074
0.077
0.079
0.08
0.081
0.08
0.079
0.076
0.073
0.068
0.062
0.056
0.048
0.041
0.03
0.008
-0.005
-0.014
-0.019
-0.024
-0.028
-0.031
-0.035
-0.038
-0.042
-0.044
-0.047
-0.05
-0.053
-0.056
-0.06
-0.067
-0.081
-0.082
-0.068
-0.032
0.049
0.178
0.354
0.56
0.754
0.87
0.874
0.781
0.543
0.236
-0.065
-0.291
-0.372
-0.398
-0.377
-0.315
-0.26
-0.23
-0.179
-0.131
-0.077
-0.024
0.007
0.022
0.03
0.035
0.039
0.042
0.045
0.048
0.051
0.054
0.056
0.06
0.064
0.067
0.071
0.074
0.079
0.083
0.089
0.094
0.099
0.105
0.111
0.118
0.126
0.138
0.151
0.162
0.173
0.18
0.185
0.189
0.193
0.196
0.198
0.2
0.202
0.205
0.208
0.211
0.213
0.216
0.218
0.22
0.224
0.228
0.233
0.239
0.249
0.26
0.269
0.277
0.286
0.298
0.312
0.32
0.324
0.328
0.331
0.333
0.335
0.335
0.333
0.329
0.322
0.313
0.295
0.267
0.242
0.215
0.188
0.161
0.134
0.105
0.074
0.047
0.023
0.001
-0.019
-0.042
-0.062
-0.076
-0.095
-0.101
-0.103
-0.105
-0.107
-0.108
-0.109
-0.11
-0.111
-0.112
-0.113
-0.114
-0.115
-0.116
-0.116
-0.117
-0.117
-0.118
-0.118
-0.119
-0.119
-0.119
-0.12
-0.12
-0.121
-0.122
-0.122
-0.123
-0.124
-0.126
-0.127
-0.128
-0.129
-0.13
-0.131
-0.131
-0.131
-0.13
-0.13
-0.129
-0.128
-0.127
-0.127
-0.127
-0.128
-0.129
-0.131
-0.133
-0.134
-0.136
-0.137
-0.139
-0.14
-0.142
-0.143
-0.145
-0.146
-0.15
-0.155
-0.16
-0.165
-0.168
-0.169
-0.166
-0.162
-0.156
-0.151
-0.147
-0.144
-0.14
-0.137
-0.133
-0.13
-0.127
-0.124
-0.122
-0.119
-0.116
-0.113
-0.111
-0.11
-0.109
-0.109
-0.108
-0.108
-0.107
-0.106
-0.105
-0.104
-0.103
-0.101
-0.099
-0.097
-0.096
-0.094
-0.093
-0.091
-0.089
-0.087
-0.085
-0.084
-0.082
-0.081
-0.079
-0.076
-0.073
-0.069
-0.065
-0.06
-0.052
-0.043
-0.034
-0.025
-0.017
-0.009
-0.001
0.005
0.01
0.014
0.016
0.018
0.02
0.023
0.025
0.027
0.028
0.028
0.027
0.024
0.019
0.013
0.006
-0.003
-0.021
-0.042
-0.052
-0.057
-0.062
-0.065
-0.068
-0.071
-0.074
-0.078
-0.081
-0.084
-0.087
-0.09
-0.094
-0.097
-0.101
-0.107
-0.12
-0.127
-0.122
-0.106
-0.064
0.031
0.169
0.345
0.537
0.704
0.763
0.744
0.587
0.32
0.021
-0.244
-0.417
-0.454
-0.45
-0.389
-0.337
-0.305
-0.271
-0.238
-0.18
-0.122
-0.086
-0.065
-0.055
-0.046
-0.041
-0.035
-0.029
-0.025
-0.02
-0.016
-0.012
-0.008
-0.003
0.0
0.005
0.009
0.014
0.018
0.023
0.028
0.034
0.039
0.043
0.048
0.053
0.058
0.062
0.066
0.069
0.072
0.075
0.078
0.082
0.085
0.088
0.092
0.095
0.1
0.105
0.114
0.124
0.135
0.147
0.161
0.176
0.189
0.199
0.209
0.22
0.232
0.245
0.255
0.263
0.27
0.276
0.281
0.286
0.291
0.295
0.3
0.305
0.308
0.31
0.309
0.305
0.298
0.29
0.275
0.247
0.217
0.187
0.156
0.125
0.094
0.062
0.027
-0.003
-0.024
-0.04
-0.055
-0.07
-0.085
-0.103
-0.109
-0.112
-0.115
-0.118
-0.121
-0.124
-0.127
-0.129
-0.131
-0.132
-0.133
-0.134
-0.134
-0.134
-0.134
-0.133
-0.133
-0.132
-0.132
-0.131
-0.131
-0.131
-0.131
-0.131
-0.13
-0.128
-0.127
-0.125
-0.124
-0.122
-0.121
-0.12
-0.12
-0.119
-0.119
-0.12
-0.12
-0.121
-0.122
-0.122
-0.123
-0.124
-0.124
-0.125
-0.126
-0.127
-0.128
-0.13
-0.131
-0.133
-0.134
-0.134
-0.133
-0.132
-0.131
-0.129
-0.127
-0.126
-0.124
-0.121
-0.12
-0.118
-0.118
-0.117
-0.116
-0.115
-0.114
-0.112
-0.111
-0.11
-0.109
-0.107
-0.106
-0.104
-0.104
-0.104
-0.103
-0.103
-0.102
-0.101
-0.1
-0.099
-0.098
-0.097
-0.095
-0.093
-0.092
-0.09
-0.089
-0.088
-0.086
-0.083
-0.08
-0.077
-0.074
-0.072
-0.069
-0.066
-0.063
-0.06
-0.057
-0.053
-0.048
-0.04
-0.022
-0.002
0.008
0.016
0.023
0.028
0.033
0.037
0.04
0.043
0.045
0.047
0.05
0.052
0.055
0.057
0.058
0.058
0.056
0.053
0.048
0.041
0.034
0.024
0.009
-0.005
-0.02
-0.029
-0.035
-0.04
-0.044
-0.048
-0.051
-0.055
-0.058
-0.059
-0.061
-0.063
-0.067
-0.073
-0.085
-0.097
-0.11
-0.121
-0.121
-0.106
-0.065
0.033
0.186
0.388
0.612
0.803
0.872
0.855
0.702
0.437
0.137
-0.127
-0.309
-0.369
-0.39
-0.373
-0.321
-0.268
-0.209
-0.145
-0.084
-0.051
-0.035
-0.028
-0.023
-0.019
-0.014
-0.009
-0.003
0.001
0.007
0.012
0.019
0.026
0.034
0.042
0.048
0.054
0.058
0.062
0.064
0.067
0.07
0.072
0.074
0.076
0.079
0.082
0.085
0.088
0.092
0.095
0.099
0.104
0.111
0.119
0.127
0.135
0.143
0.151
0.16
0.17
0.18
0.189
0.198
0.207
0.215
0.222
0.23
0.237
0.243
0.249
0.255
0.262
0.269
0.277
0.286
0.295
0.306
0.319
0.326
0.331
0.335
0.34
0.343
0.343
0.336
0.325
0.308
0.282
0.257
0.232
0.205
0.179
0.154
0.126
0.097
0.069
0.04
0.01
-0.014
-0.032
-0.055
-0.065
-0.07
-0.075
-0.078
-0.08
-0.083
-0.084
-0.086
-0.088
-0.09
-0.091
-0.093
-0.095
-0.096
-0.097
-0.097
-0.097
-0.097
-0.096
-0.095
-0.095
-0.095
-0.095
-0.096
-0.096
-0.097
-0.098
-0.099
-0.099
-0.099
-0.099
-0.099
-0.098
-0.097
-0.097
-0.096
-0.096
-0.095
-0.096
-0.097
-0.098
-0.099
-0.1
-0.101
-0.101
-0.102
-0.102
-0.102
-0.102
-0.101
-0.101
-0.1
-0.1
-0.1
-0.1
-0.1
-0.1
-0.1
-0.099
-0.099
-0.098
-0.097
-0.096
-0.094
-0.094
-0.093
-0.094
-0.094
-0.095
-0.095
-0.096
-0.096
-0.096
-0.097
-0.097
-0.098
-0.097
-0.097
-0.096
-0.096
-0.096
-0.096
-0.096
-0.092
-0.084
-0.077
-0.074
-0.072
-0.07
-0.067
-0.065
-0.063
-0.062
-0.061
-0.06
-0.059
-0.057
-0.056
-0.055
-0.055
-0.054
-0.053
-0.052
-0.052
-0.051
-0.05
-0.048
-0.046
-0.043
-0.04
-0.035
-0.031
-0.025
-0.014
-0.002
0.01
0.023
0.029
0.034
0.039
0.043
0.047
0.051
0.053
0.055
0.056
0.056
0.056
0.056
0.055
0.053
0.05
0.046
0.043
0.038
0.033
0.028
0.021
0.007
-0.007
-0.021
-0.029
-0.035
-0.04
-0.044
-0.048
-0.052
-0.057
-0.061
-0.065
-0.069
-0.073
-0.078
-0.084
-0.092
-0.107
-0.116
-0.111
-0.098
-0.063
0.031
0.177
0.369
0.585
0.78
0.875
0.867
0.732
0.459
0.136
-0.157
-0.359
-0.431
-0.437
-0.398
-0.34
-0.285
-0.234
-0.201
-0.164
-0.13
-0.105
-0.087
-0.065
-0.052
-0.044
-0.038
-0.033
-0.029
-0.024
-0.019
-0.015
-0.011
-0.007
-0.003
0.002
0.007
0.013
0.018
0.023
0.028
0.032
0.037
0.041
0.045
0.048
0.052
0.056
0.06
0.065
0.069
0.074
0.079
0.083
0.088
0.093
0.098
0.104
0.109
0.114
0.12
0.128
0.138
0.148
0.159
0.17
0.182
0.193
0.205
0.217
0.229
0.243
0.258
0.271
0.284
0.292
0.298
0.303
0.307
0.31
0.312
0.312
0.312
0.309
0.305
0.3
0.293
0.284
0.272
0.247
0.229
0.206
0.176
0.147
0.117
0.087
0.061
0.037
0.013
-0.01
-0.037
-0.062
-0.079
-0.093
-0.097
-0.098
-0.1
-0.101
-0.103
-0.104
-0.104
-0.105
-0.106
-0.107
-0.108
-0.109
-0.11
-0.111
-0.111
-0.111
-0.111
-0.11
-0.11
-0.109
-0.108
-0.108
-0.108
-0.107
-0.107
-0.107
-0.107
-0.106
-0.106
-0.107
-0.106
-0.106
-0.105
-0.104
-0.103
-0.101
-0.1
-0.099
-0.097
-0.097
-0.096
-0.096
-0.097
-0.097
-0.097
-0.097
-0.098
-0.098
-0.099
-0.1
-0.101
-0.102
-0.103
-0.103
-0.104
-0.105
-0.106
-0.107
-0.107
-0.108
-0.108
-0.108
-0.108
-0.108
-0.109
-0.109
-0.109
-0.108
-0.108
-0.108
-0.107
-0.107
-0.106
-0.105
-0.104
-0.103
-0.102
-0.099
-0.093
-0.091
-0.091
-0.09
-0.089
-0.089
-0.088
-0.088
-0.087
-0.087
-0.086
-0.085
-0.084
-0.082
-0.081
-0.08
-0.08
-0.079
-0.079
-0.078
-0.078
-0.077
-0.076
-0.075
-0.073
-0.072
-0.071
-0.069
-0.068
-0.066
-0.064
-0.063
-0.062
-0.061
-0.059
-0.056
-0.052
-0.048
-0.044
-0.04
-0.035
-0.031
-0.026
-0.021
-0.016
-0.01
-0.002
0.006
0.013
0.018
0.023
0.027
0.031
0.035
0.039
0.042
0.044
0.046
0.046
0.047
0.047
0.047
0.045
0.042
0.038
0.033
0.029
0.023
0.016
0.003
-0.01
-0.025
-0.034
-0.04
-0.045
-0.05
-0.054
-0.059
-0.064
-0.067
-0.07
-0.074
-0.079
-0.085
-0.094
-0.101
-0.104
-0.107
-0.111
-0.116
-0.096
-0.037
0.066
0.217
0.407
0.615
0.794
0.883
0.839
0.653
0.365
0.043
-0.228
-0.389
-0.417
-0.412
-0.354
-0.298
-0.247
-0.212
-0.172
-0.131
-0.099
-0.08
-0.066
-0.056
-0.048
-0.042
-0.035
-0.029
-0.022
-0.016
-0.01
-0.005
-0.001
0.003
0.008
0.014
0.018
0.021
0.023
0.025
0.027
0.029
0.031
0.034
0.036
0.04
0.043
0.046
0.049
0.053
0.056
0.061
0.066
0.073
0.081
0.088
0.094
0.099
0.104
0.111
0.119
0.13
0.141
0.151
0.161
0.171
0.183
0.199
0.212
0.222
0.232
0.24
0.248
0.255
0.264
0.274
0.283
0.292
0.299
0.305
0.31
0.314
0.318
0.319
0.318
0.314
0.308
0.3
0.284
0.256
0.226
0.199
0.176
0.15
0.123
0.094
0.064
0.04
0.02
0.0
-0.019
-0.045
-0.058
-0.062
-0.067
-0.071
-0.074
-0.076
-0.078
-0.08
-0.081
-0.083
-0.084
-0.085
-0.086
-0.086
-0.086
-0.086
-0.087
-0.088
-0.089
-0.089
-0.09
-0.091
-0.092
-0.092
-0.092
-0.091
-0.09
-0.089
-0.088
-0.087
-0.086
-0.086
-0.085
-0.084
-0.083
-0.083
-0.083
-0.082
-0.082
-0.081
-0.08
-0.079
-0.079
-0.08
-0.081
-0.081
-0.082
-0.083
-0.084
-0.086
-0.088
-0.089
-0.09
-0.09
-0.09
-0.09
-0.091
-0.092
-0.092
-0.092
-0.092
-0.091
-0.091
-0.09
-0.088
-0.086
-0.083
-0.079
-0.077
-0.074
-0.073
-0.072
-0.071
-0.069
-0.068
-0.067
-0.067
-0.066
-0.065
-0.064
-0.062
-0.061
-0.06
-0.059
-0.059
-0.058
-0.057
-0.057
-0.056
-0.054
-0.053
-0.051
-0.049
-0.047
-0.045
-0.043
-0.041
-0.04
-0.039
-0.039
-0.039
-0.038
-0.037
-0.036
-0.035
-0.033
-0.032
-0.031
-0.03
-0.028
-0.027
-0.026
-0.025
-0.023
-0.019
-0.013
0.0
0.017
0.03
0.04
0.048
0.054
0.059
0.064
0.067
0.07
0.072
0.074
0.076
0.077
0.076
0.074
0.07
0.064
0.058
0.051
0.044
0.033
0.021
0.009
-0.003
-0.01
-0.015
-0.019
-0.023
-0.027
-0.03
-0.033
-0.037
-0.04
-0.043
-0.046
-0.048
-0.051
-0.054
-0.057
-0.063
-0.073
-0.08
-0.077
-0.068
-0.043
0.025
0.135
0.29
0.482
0.673
0.803
0.814
0.74
0.515
0.221
-0.073
-0.302
-0.418
-0.436
-0.415
-0.356
-0.299
-0.246
-0.194
-0.138
-0.081
-0.03
-0.013
-0.009
-0.007
-0.005
-0.004
-0.003
-0.001
0.002
0.007
0.013
0.019
0.026
0.033
0.04
0.047
0.053
0.059
0.064
0.068
0.072
0.075
0.078
0.08
0.083
0.084
0.087
0.089
0.091
0.093
0.095
0.097
0.1
0.104
0.109
0.115
0.121
0.127
0.135
0.144
0.156
0.166
0.175
0.184
0.192
0.202
0.214
0.224
0.233
0.242
0.25
0.259
0.27
0.281
0.294
0.307
0.315
0.322
0.328
0.333
0.336
0.337
0.336
0.334
0.329
0.323
0.316
0.3
0.272
0.247
0.222
0.196
0.17
0.141
0.114
0.088
0.064
0.041
0.016
-0.01
-0.037
-0.058
-0.071
-0.083
-0.094
-0.098
-0.1
-0.102
-0.104
-0.106
-0.108
-0.109
-0.111
-0.113
-0.114
-0.115
-0.116
-0.117
-0.118
-0.118
-0.118
-0.118
-0.118
-0.118
-0.117
-0.117
-0.116
-0.115
-0.115
-0.114
-0.114
-0.114
-0.114
-0.113
-0.112
-0.111
-0.11
-0.11
-0.11
-0.109
-0.109
-0.109
-0.109
-0.11
-0.11
-0.11
-0.11
-0.11
-0.109
-0.109
-0.108
-0.108
-0.107
-0.106
-0.106
-0.107
-0.107
-0.108
-0.108
-0.108
-0.108
-0.108
-0.108
-0.107
-0.107
-0.106
-0.105
-0.105
-0.104
-0.104
-0.103
-0.103
-0.101
-0.1
-0.099
-0.097
-0.096
-0.094
-0.092
-0.085
-0.078
-0.078
-0.084
-0.09
-0.093
-0.096
-0.099
-0.101
-0.103
-0.104
-0.105
-0.104
-0.102
-0.1
-0.098
-0.095
-0.093
-0.091
-0.09
-0.088
-0.087
-0.085
-0.084
-0.083
-0.082
-0.082
-0.081
-0.08
-0.078
-0.077
-0.076
-0.074
-0.072
-0.07
-0.067
-0.063
-0.058
-0.053
-0.047
-0.034
-0.021
-0.012
-0.005
-0.001
0.002
0.006
0.009
0.011
0.013
0.014
0.015
0.015
0.014
0.012
0.009
0.005
0.0
-0.006
-0.012
-0.021
-0.036
-0.05
-0.063
-0.074
-0.084
-0.091
-0.096
-0.1
-0.104
-0.107
-0.109
-0.112
-0.114
-0.117
-0.119
-0.122
-0.126
-0.13
-0.137
-0.147
-0.146
-0.124
-0.067
0.046
0.212
0.416
0.626
0.796
0.868
0.805
0.604
0.309
-0.01
-0.277
-0.443
-0.489
-0.488
-0.438
-0.37
-0.301
-0.236
-0.177
-0.124
-0.094
-0.078
-0.071
-0.065
-0.06
-0.054
-0.048
-0.041
-0.036
-0.03
-0.024
-0.018
-0.013
-0.008
-0.003
0.001
0.006
0.011
0.016
0.02
0.024
0.028
0.031
0.035
0.038
0.041
0.044
0.046
0.048
0.05
0.053
0.056
0.058
0.061
0.065
0.069
0.072
0.077
0.082
0.088
0.098
0.116
0.134
0.147
0.156
0.163
0.17
0.177
0.185
0.193
0.201
0.21
0.22
0.231
0.246
0.264
0.276
0.282
0.286
0.289
0.292
0.293
0.294
0.294
0.292
0.288
0.283
0.276
0.263
0.237
0.212
0.182
0.146
0.114
0.083
0.055
0.031
0.006
-0.017
-0.044
-0.066
-0.079
-0.089
-0.098
-0.101
-0.103
-0.104
-0.106
-0.107
-0.109
-0.11
-0.111
-0.112
-0.112
-0.113
-0.113
-0.113
-0.112
-0.111
-0.11
-0.109
-0.109
-0.109
-0.109
-0.108
-0.107
-0.106
-0.105
-0.104
-0.103
-0.102
-0.1
-0.099
-0.097
-0.096
-0.095
-0.094
-0.093
-0.092
-0.091
-0.09
-0.089
-0.089
-0.088
-0.087
-0.087
-0.086
-0.086
-0.086
-0.086
-0.086
-0.087
-0.087
-0.089
-0.09
-0.091
-0.092
-0.092
-0.093
-0.093
-0.094
-0.094
-0.093
-0.092
-0.092
-0.091
-0.091
-0.091
-0.09
-0.09
-0.09
-0.089
-0.089
-0.089
-0.088
-0.087
-0.086
-0.085
-0.085
-0.085
-0.084
-0.084
-0.084
-0.083
-0.083
-0.083
-0.084
-0.084
-0.083
-0.082
-0.082
-0.081
-0.08
-0.08
-0.079
-0.078
-0.077
-0.075
-0.073
-0.072
-0.071
-0.07
-0.069
-0.068
-0.067
-0.066
-0.065
-0.064
-0.063
-0.061
-0.059
-0.056
-0.054
-0.052
-0.051
-0.05
-0.049
-0.048
-0.047
-0.046
-0.045
-0.044
-0.042
-0.04
-0.038
-0.036
-0.033
-0.03
-0.026
-0.022
-0.018
-0.013
-0.008
-0.002
0.005
0.012
0.019
0.026
0.032
0.038
0.044
0.048
0.05
0.051
0.052
0.053
0.054
0.055
0.056
0.056
0.051
0.043
0.035
0.024
0.009
-0.006
-0.022
-0.041
-0.051
-0.057
-0.061
-0.064
-0.067
-0.07
-0.074
-0.077
-0.079
-0.081
-0.083
-0.086
-0.089
-0.093
-0.101
-0.105
-0.101
-0.091
-0.062
0.018
0.145
0.323
0.538
0.748
0.879
0.886
0.793
0.545
0.231
-0.072
-0.3
-0.4
-0.433
-0.416
-0.363
-0.3
-0.238
-0.172
-0.105
-0.046
-0.024
-0.018
-0.016
-0.013
-0.011
-0.009
-0.008
-0.006
-0.003
-0.001
0.001
0.004
0.007
0.01
0.014
0.019
0.025
0.031
0.037
0.042
0.047
0.051
0.055
0.057
0.06
0.062
0.064
0.066
0.069
0.071
0.073
0.075
0.078
0.082
0.086
0.091
0.1
0.117
0.129
0.138
0.144
0.15
0.156
0.162
0.169
0.176
0.182
0.189
0.196
0.204
0.213
0.226
0.244
0.257
0.27
0.283
0.299
0.31
0.318
0.324
0.328
0.331
0.333
0.335
0.34
0.338
0.325
0.31
0.295
0.278
0.257
0.226
0.19
0.156
0.121
0.09
0.064
0.037
0.011
-0.016
-0.037
-0.05
-0.062
-0.073
-0.077
-0.08
-0.082
-0.084
-0.086
-0.087
-0.089
-0.09
-0.092
-0.094
-0.095
-0.097
-0.098
-0.1
-0.1
-0.101
-0.102
-0.103
-0.103
-0.103
-0.103
-0.103
-0.103
-0.102
-0.102
-0.101
-0.099
-0.098
-0.097
-0.096
-0.095
-0.093
-0.092
-0.09
-0.088
-0.087
-0.087
-0.086
-0.085
-0.085
-0.084
-0.084
-0.084
-0.084
-0.085
-0.085
-0.085
-0.086
-0.086
-0.087
-0.088
-0.089
-0.09
-0.09
-0.091
-0.091
-0.092
-0.092
-0.091
-0.09
-0.09
-0.089
-0.088
-0.088
-0.086
-0.085
-0.083
-0.081
-0.079
-0.078
-0.077
-0.075
-0.073
-0.072
-0.07
-0.07
-0.069
-0.068
-0.067
-0.066
-0.064
-0.063
-0.063
-0.063
-0.062
-0.061
-0.059
-0.059
-0.058
-0.058
-0.058
-0.058
-0.057
-0.055
-0.055
-0.055
-0.056
-0.057
-0.056
-0.056
-0.055
-0.055
-0.055
-0.055
-0.055
-0.054
-0.053
-0.051
-0.051
-0.051
-0.053
-0.054
-0.055
-0.056
-0.057
-0.059
-0.061
-0.063
-0.064
-0.064
-0.061
-0.054
-0.046
-0.036
-0.026
-0.013
0.0
0.008
0.015
0.026
0.039
0.047
0.051
0.054
0.056
0.058
0.059
0.06
0.06
0.06
0.058
0.054
0.05
0.045
0.039
0.033
0.026
0.017
0.007
-0.004
-0.015
-0.022
-0.027
-0.032
-0.037
-0.042
-0.046
-0.051
-0.054
-0.057
-0.059
-0.062
-0.065
-0.068
-0.072
-0.078
-0.084
-0.083
-0.076
-0.061
-0.018
0.077
0.217
0.401
0.607
0.793
0.877
0.868
0.734
0.473
0.164
-0.117
-0.309
-0.371
-0.391
-0.374
-0.321
-0.269
-0.222
-0.175
-0.143
-0.105
-0.07
-0.042
-0.022
-0.005
0.001
0.005
0.008
0.01
0.012
0.014
0.016
0.017
0.02
0.022
0.024
0.027
0.03
0.032
0.035
0.038
0.042
0.046
0.05
0.055
0.059
0.062
0.065
0.067
0.069
0.072
0.076
0.079
0.082
0.087
0.091
0.097
0.102
0.107
0.112
0.118
0.124
0.131
0.138
0.145
0.152
0.16
0.169
0.18
0.193
0.205
0.218
0.23
0.244
0.258
0.271
0.283
0.293
0.3
0.306
0.311
0.316
0.321
0.323
0.323
0.32
0.313
0.303
0.286
0.26
0.238
0.213
0.184
0.153
0.117
0.083
0.056
0.035
0.014
-0.005
-0.025
-0.046
-0.06
-0.071
-0.08
-0.088
-0.097
-0.104
-0.107
-0.109
-0.111
-0.113
-0.115
-0.116
-0.117
-0.118
-0.119
-0.12
-0.121
-0.121
-0.12
-0.12
-0.12
-0.12
-0.12
-0.12
-0.12
-0.121
-0.121
-0.121
-0.121
-0.121
-0.12
-0.119
-0.119
-0.118
-0.118
-0.117
-0.116
-0.116
-0.116
-0.117
-0.117
-0.118
-0.118
-0.118
-0.119
-0.12
-0.12
-0.121
-0.121
-0.121
-0.121
-0.121
-0.121
-0.121
-0.122
-0.122
-0.123
-0.123
-0.124
-0.124
-0.124
-0.123
-0.122
-0.121
-0.12
-0.12
-0.119
-0.119
-0.118
-0.117
-0.117
-0.116
-0.116
-0.116
-0.116
-0.115
-0.114
-0.113
-0.112
-0.112
-0.111
-0.111
-0.109
-0.101
-0.094
-0.091
-0.09
-0.089
-0.088
-0.087
-0.087
-0.086
-0.085
-0.085
-0.084
-0.082
-0.08
-0.078
-0.077
-0.076
-0.076
-0.075
-0.074
-0.074
-0.073
-0.071
-0.069
-0.067
-0.063
-0.057
-0.051
-0.043
-0.035
-0.025
-0.014
-0.005
0.0
0.005
0.011
0.015
0.02
0.023
0.027
0.03
0.033
0.036
0.037
0.037
0.036
0.035
0.033
0.031
0.029
0.026
0.021
0.016
0.011
0.006
0.0
-0.009
-0.02
-0.031
-0.042
-0.049
-0.053
-0.057
-0.062
-0.066
-0.07
-0.074
-0.077
-0.079
-0.081
-0.083
-0.086
-0.089
-0.091
-0.096
-0.108
-0.107
-0.09
-0.044
0.057
0.206
0.399
0.611
0.793
0.856
0.834
0.664
0.373
0.048
-0.226
-0.394
-0.435
-0.435
-0.388
-0.33
-0.272
-0.215
-0.158
-0.098
-0.07
-0.056
-0.05
-0.046
-0.039
-0.031
-0.022
-0.012
-0.003
0.005
0.015
0.024
0.031
0.036
0.042
0.047
0.053
0.059
0.064
0.067
0.069
0.07
0.071
0.072
0.074
0.075
0.077
0.079
0.081
0.083
0.086
0.091
0.096
0.101
0.107
0.113
0.121
0.131
0.139
0.145
0.149
0.154
0.161
0.17
0.182
0.197
0.21
0.222
0.232
0.242
0.251
0.261
0.27
0.279
0.288
0.297
0.308
0.32
0.329
0.334
0.338
0.341
0.344
0.346
0.346
0.342
0.335
0.325
0.307
0.279
0.254
0.228
0.2
0.169
0.136
0.101
0.064
0.031
0.007
-0.011
-0.027
-0.042
-0.058
-0.079
-0.087
-0.091
-0.094
-0.098
-0.101
-0.103
-0.106
-0.108
-0.109
-0.111
-0.112
-0.113
-0.113
-0.113
-0.113
-0.113
-0.113
-0.114
-0.113
-0.113
-0.112
-0.111
-0.11
-0.109
-0.108
-0.107
-0.105
-0.104
-0.103
-0.102
-0.101
-0.1
-0.1
-0.1
-0.1
-0.1
-0.101
-0.1
-0.1
-0.099
-0.099
-0.099
-0.099
-0.1
-0.101
-0.102
-0.103
-0.105
-0.106
-0.108
-0.109
-0.11
-0.111
-0.112
-0.112
-0.113
-0.113
-0.113
-0.114
-0.114
-0.114
-0.115
-0.115
-0.114
-0.114
-0.114
-0.114
-0.114
-0.114
-0.113
-0.112
-0.111
-0.111
-0.11
-0.11
-0.11
-0.109
-0.108
-0.108
-0.108
-0.107
-0.107
-0.105
-0.104
-0.102
-0.101
-0.099
-0.097
-0.094
-0.091
-0.087
-0.085
-0.082
-0.08
-0.076
-0.066
-0.057
-0.055
-0.056
-0.056
-0.056
-0.055
-0.054
-0.053
-0.052
-0.052
-0.053
-0.053
-0.053
-0.053
-0.054
-0.055
-0.056
-0.057
-0.057
-0.058
-0.058
-0.057
-0.055
-0.052
-0.048
-0.043
-0.038
-0.033
-0.024
-0.012
0.004
0.014
0.023
0.03
0.035
0.038
0.039
0.039
0.04
0.04
0.041
0.041
0.042
0.042
0.041
0.033
0.022
0.01
-0.003
-0.018
-0.032
-0.044
-0.054
-0.063
-0.07
-0.076
-0.081
-0.086
-0.089
-0.092
-0.095
-0.098
-0.102
-0.106
-0.11
-0.114
-0.12
-0.129
-0.144
-0.144
-0.123
-0.066
0.049
0.214
0.418
0.633
0.811
0.892
0.84
0.654
0.376
0.07
-0.191
-0.361
-0.41
-0.426
-0.407
-0.349
-0.288
-0.228
-0.165
-0.109
-0.065
-0.053
-0.045
-0.037
-0.029
-0.022
-0.017
-0.011
-0.007
-0.002
0.0
0.004
0.008
0.011
0.014
0.017
0.02
0.023
0.028
0.033
0.039
0.045
0.052
0.059
0.067
0.077
0.086
0.096
0.104
0.109
0.113
0.117
0.121
0.125
0.127
0.13
0.132
0.135
0.137
0.139
0.141
0.143
0.145
0.149
0.155
0.17
0.185
0.199
0.214
0.232
0.25
0.268
0.285
0.298
0.306
0.314
0.32
0.326
0.331
0.336
0.341
0.346
0.35
0.351
0.349
0.345
0.339
0.33
0.313
0.284
0.254
0.224
0.193
0.163
0.134
0.105
0.078
0.051
0.029
0.013
-0.003
-0.019
-0.035
-0.059
-0.07
-0.076
-0.081
-0.086
-0.089
-0.092
-0.095
-0.097
-0.098
-0.1
-0.101
-0.102
-0.103
-0.103
-0.103
-0.103
-0.103
-0.102
-0.102
-0.101
-0.102
-0.102
-0.102
-0.103
-0.103
-0.104
-0.104
-0.105
-0.105
-0.106
-0.106
-0.106
-0.106
-0.107
-0.108
-0.109
-0.109
-0.109
-0.11
-0.11
-0.11
-0.11
-0.109
-0.109
-0.108
-0.108
-0.108
-0.108
-0.108
-0.107
-0.107
-0.107
-0.107
-0.107
-0.107
-0.106
-0.105
-0.105
-0.105
-0.105
-0.105
-0.106
-0.106
-0.106
-0.107
-0.107
-0.108
-0.108
-0.108
-0.107
-0.107
-0.106
-0.106
-0.105
-0.104
-0.102
-0.101
-0.099
-0.098
-0.097
-0.096
-0.094
-0.092
-0.09
-0.089
-0.088
-0.087
-0.087
-0.086
-0.085
-0.085
-0.084
-0.083
-0.083
-0.082
-0.082
-0.081
-0.081
-0.08
-0.079
-0.079
-0.078
-0.077
-0.075
-0.072
-0.068
-0.063
-0.06
-0.058
-0.056
-0.054
-0.052
-0.05
-0.048
-0.046
-0.044
-0.042
-0.04
-0.038
-0.036
-0.034
-0.033
-0.031
-0.028
-0.023
-0.017
-0.004
0.009
0.024
0.033
0.039
0.046
0.052
0.057
0.06
0.062
0.063
0.063
0.062
0.061
0.058
0.055
0.052
0.047
0.043
0.037
0.027
0.017
0.005
-0.005
-0.016
-0.027
-0.037
-0.045
-0.052
-0.057
-0.062
-0.066
-0.07
-0.072
-0.074
-0.075
-0.076
-0.075
-0.075
-0.072
-0.069
-0.065
-0.061
-0.055
-0.03
0.062
0.203
0.389
0.597
0.787
0.881
0.873
0.74
0.47
0.153
-0.135
-0.333
-0.404
-0.409
-0.364
-0.295
-0.232
-0.178
-0.129
-0.096
-0.064
-0.042
-0.023
-0.012
-0.003
0.003
0.01
0.018
0.026
0.032
0.037
0.042
0.046
0.05
0.053
0.056
0.059
0.062
0.066
0.069
0.072
0.075
0.077
0.079
0.082
0.085
0.088
0.09
0.092
0.094
0.097
0.101
0.105
0.11
0.115
0.119
0.124
0.13
0.137
0.144
0.151
0.157
0.163
0.17
0.18
0.195
0.208
0.221
0.235
0.253
0.273
0.286
0.295
0.302
0.308
0.315
0.321
0.327
0.331
0.336
0.341
0.345
0.348
0.349
0.347
0.344
0.338
0.33
0.319
0.298
0.261
0.235
0.214
0.194
0.169
0.134
0.096
0.062
0.031
0.002
-0.017
-0.032
-0.052
-0.066
-0.077
-0.086
-0.094
-0.102
-0.108
-0.112
-0.117
-0.121
-0.126
-0.129
-0.131
-0.131
-0.13
-0.129
-0.128
-0.128
-0.128
-0.128
-0.127
-0.126
-0.125
-0.124
-0.124
-0.123
-0.121
-0.12
-0.119
-0.118
-0.118
-0.118
-0.117
-0.116
-0.115
-0.113
-0.112
-0.111
-0.11
-0.109
-0.108
-0.107
-0.106
-0.105
-0.105
-0.105
-0.107
-0.108
-0.111
-0.113
-0.116
-0.118
-0.12
-0.121
-0.123
-0.124
-0.125
-0.126
-0.126
-0.127
-0.126
-0.126
-0.126
-0.125
-0.125
-0.124
-0.123
-0.122
-0.121
-0.12
-0.12
-0.12
-0.119
-0.119
-0.119
-0.119
-0.119
-0.118
-0.118
-0.118
-0.117
-0.116
-0.115
-0.114
-0.113
-0.113
-0.112
-0.11
-0.109
-0.107
-0.106
-0.105
-0.104
-0.103
-0.102
-0.101
-0.101
-0.101
-0.101
-0.1
-0.099
-0.098
-0.096
-0.095
-0.094
-0.092
-0.09
-0.088
-0.086
-0.085
-0.083
-0.082
-0.08
-0.077
-0.075
-0.072
-0.069
-0.065
-0.06
-0.055
-0.05
-0.045
-0.04
-0.036
-0.032
-0.028
-0.024
-0.021
-0.017
-0.013
-0.006
0.0
0.007
0.011
0.014
0.017
0.018
0.021
0.023
0.025
0.027
0.028
0.026
0.022
0.016
0.007
-0.001
-0.015
-0.039
-0.059
-0.069
-0.074
-0.079
-0.082
-0.084
-0.087
-0.09
-0.092
-0.095
-0.097
-0.099
-0.1
-0.102
-0.104
-0.106
-0.108
-0.112
-0.122
-0.123
-0.111
-0.081
0.002
0.131
0.304
0.499
0.676
0.757
0.748
0.623
0.378
0.089
-0.172
-0.354
-0.411
-0.431
-0.418
-0.397
-0.372
-0.33
-0.266
-0.189
-0.114
-0.081
-0.068
-0.066
-0.067
-0.068
-0.07
-0.071
-0.063
-0.049
-0.041
-0.036
-0.032
-0.029
-0.026
-0.022
-0.018
-0.014
-0.01
-0.008
-0.006
-0.003
0.0
0.004
0.011
0.018
0.023
0.028
0.032
0.035
0.037
0.039
0.041
0.044
0.047
0.051
0.055
0.06
0.065
0.071
0.079
0.089
0.099
0.106
0.111
0.117
0.128
0.15
0.171
0.187
0.2
0.211
0.22
0.232
0.248
0.261
0.273
0.282
0.287
0.29
0.292
0.295
0.298
0.301
0.302
0.299
0.291
0.281
0.266
0.246
0.229
0.208
0.177
0.141
0.107
0.073
0.043
0.016
-0.008
-0.031
-0.056
-0.073
-0.084
-0.097
-0.113
-0.12
-0.125
-0.13
-0.134
-0.138
-0.141
-0.145
-0.147
-0.149
-0.15
-0.151
-0.151
-0.15
-0.148
-0.145
-0.142
-0.138
-0.134
-0.131
-0.128
-0.126
-0.124
-0.122
-0.12
-0.118
-0.116
-0.114
-0.112
-0.11
-0.108
-0.107
-0.106
-0.105
-0.104
-0.104
-0.103
-0.103
-0.103
-0.102
-0.102
-0.102
-0.1
-0.099
-0.098
-0.096
-0.095
-0.093
-0.091
-0.089
-0.087
-0.086
-0.084
-0.082
-0.08
-0.078
-0.075
-0.073
-0.071
-0.069
-0.067
-0.064
-0.062
-0.059
-0.057
-0.054
-0.052
-0.05
-0.048
-0.046
-0.043
-0.041
-0.039
-0.037
-0.035
-0.033
-0.031
-0.028
-0.026
-0.025
-0.023
-0.021
-0.019
-0.017
-0.015
-0.014
-0.012
-0.011
-0.01
-0.009
-0.009
-0.008
-0.008
-0.007
-0.006
-0.005
-0.004
-0.002
0.0
0.003
0.008
0.015
0.023
0.033
0.044
0.053
0.062
0.07
0.077
0.084
0.09
0.095
0.099
0.102
0.106
0.11
0.114
0.117
0.119
0.121
0.121
0.121
0.121
0.121
0.119
0.117
0.114
0.11
0.106
0.101
0.097
0.09
0.076
0.063
0.052
0.04
0.028
0.018
0.01
0.003
0.0
-0.004
-0.006
-0.008
-0.012
-0.015
-0.018
-0.022
-0.027
-0.035
-0.047
-0.046
-0.025
0.031
0.14
0.295
0.485
0.679
0.828
0.883
0.807
0.599
0.302
-0.008
-0.255
-0.367
-0.404
-0.391
-0.35
-0.307
-0.263
-0.214
-0.166
-0.12
-0.076
-0.049
-0.032
-0.022
-0.015
-0.009
-0.003
0.002
0.006
0.011
0.015
0.02
0.025
0.031
0.036
0.041
0.044
0.047
0.049
0.051
0.054
0.056
0.058
0.06
0.062
0.065
0.068
0.071
0.073
0.075
0.078
0.082
0.087
0.093
0.099
0.104
0.109
0.114
0.121
0.128
0.135
0.143
0.151
0.157
0.164
0.173
0.184
0.196
0.21
0.226
0.244
0.259
0.27
0.278
0.287
0.297
0.307
0.32
0.334
0.341
0.345
0.348
0.351
0.353
0.352
0.345
0.333
0.314
0.285
0.255
0.224
0.191
0.159
0.128
0.099
0.072
0.046
0.021
-0.005
-0.031
-0.048
-0.063
-0.076
-0.086
-0.098
-0.111
-0.117
-0.121
-0.124
-0.127
-0.13
-0.133
-0.135
-0.136
-0.138
-0.139
-0.14
-0.141
-0.14
-0.139
-0.138
-0.138
-0.138
-0.137
-0.136
-0.135
-0.133
-0.131
-0.129
-0.127
-0.125
-0.123
-0.121
-0.119
-0.118
-0.117
-0.117
-0.116
-0.116
-0.115
-0.114
-0.113
-0.113
-0.112
-0.111
-0.11
-0.11
-0.11
-0.111
-0.112
-0.113
-0.113
-0.113
-0.112
-0.111
-0.111
-0.11
-0.109
-0.109
-0.108
-0.108
-0.108
-0.108
-0.108
-0.109
-0.109
-0.109
-0.108
-0.107
-0.105
-0.104
-0.102
-0.101
-0.099
-0.097
-0.096
-0.095
-0.095
-0.095
-0.094
-0.094
-0.093
-0.093
-0.092
-0.09
-0.089
-0.087
-0.086
-0.084
-0.083
-0.082
-0.081
-0.08
-0.079
-0.078
-0.077
-0.076
-0.075
-0.074
-0.072
-0.071
-0.07
-0.069
-0.067
-0.065
-0.064
-0.063
-0.062
-0.062
-0.06
-0.059
-0.057
-0.054
-0.052
-0.05
-0.049
-0.046
-0.044
-0.042
-0.04
-0.038
-0.035
-0.032
-0.028
-0.023
-0.016
-0.002
0.012
0.029
0.04
0.048
0.055
0.061
0.065
0.068
0.068
0.067
0.063
0.059
0.054
0.049
0.044
0.038
0.031
0.023
0.014
0.005
-0.003
-0.012
-0.022
-0.031
-0.037
-0.042
-0.046
-0.05
-0.053
-0.057
-0.06
-0.064
-0.067
-0.071
-0.075
-0.08
-0.086
-0.092
-0.102
-0.12
-0.122
-0.11
-0.078
0.003
0.136
0.317
0.528
0.729
0.849
0.855
0.765
0.535
0.244
-0.038
-0.253
-0.36
-0.395
-0.386
-0.358
-0.31
-0.259
-0.206
-0.152
-0.1
-0.068
-0.051
-0.043
-0.037
-0.031
-0.027
-0.023
-0.018
-0.014
-0.011
-0.008
-0.006
-0.004
-0.003
-0.001
0.0
0.001
0.002
0.003
0.005
0.007
0.009
0.012
0.014
0.016
0.017
0.019
0.021
0.023
0.026
0.029
0.033
0.038
0.045
0.054
0.063
0.07
0.077
0.083
0.089
0.094
0.1
0.106
0.112
0.117
0.122
0.128
0.136
0.146
0.157
0.167
0.179
0.191
0.205
0.219
0.232
0.245
0.259
0.27
0.281
0.288
0.295
0.3
0.304
0.304
0.3
0.293
0.283
0.266
0.239
0.215
0.189
0.161
0.132
0.103
0.071
0.039
0.005
-0.028
-0.066
-0.088
-0.099
-0.107
-0.114
-0.118
-0.123
-0.127
-0.13
-0.133
-0.136
-0.138
-0.14
-0.142
-0.143
-0.145
-0.146
-0.146
-0.146
-0.145
-0.146
-0.146
-0.147
-0.147
-0.146
-0.145
-0.145
-0.144
-0.144
-0.143
-0.142
-0.14
-0.138
-0.136
-0.135
-0.133
-0.132
-0.13
-0.128
-0.126
-0.126
-0.126
-0.126
-0.126
-0.126
-0.126
-0.125
-0.125
-0.125
-0.125
-0.124
-0.123
-0.122
-0.122
-0.122
-0.123
-0.123
-0.124
-0.124
-0.125
-0.125
-0.126
-0.126
-0.126
-0.125
-0.125
-0.124
-0.123
-0.122
-0.12
-0.119
-0.118
-0.117
-0.116
-0.115
-0.113
-0.112
-0.11
-0.108
-0.106
-0.104
-0.102
-0.099
-0.097
-0.095
-0.095
-0.094
-0.093
-0.091
-0.089
-0.087
-0.085
-0.083
-0.081
-0.079
-0.077
-0.075
-0.074
-0.072
-0.071
-0.07
-0.068
-0.066
-0.065
-0.063
-0.062
-0.06
-0.058
-0.055
-0.052
-0.049
-0.047
-0.044
-0.042
-0.039
-0.036
-0.033
-0.031
-0.029
-0.026
-0.023
-0.019
-0.015
-0.01
-0.004
0.003
0.011
0.019
0.028
0.036
0.042
0.047
0.051
0.056
0.06
0.064
0.067
0.069
0.07
0.071
0.071
0.071
0.069
0.066
0.062
0.056
0.05
0.044
0.037
0.029
0.014
0.0
-0.012
-0.023
-0.029
-0.034
-0.04
-0.045
-0.05
-0.053
-0.056
-0.058
-0.059
-0.06
-0.061
-0.062
-0.063
-0.065
-0.069
-0.075
-0.057
-0.005
0.092
0.242
0.443
0.667
0.858
0.949
0.896
0.695
0.393
0.067
-0.2
-0.36
-0.395
-0.392
-0.34
-0.282
-0.226
-0.172
-0.118
-0.081
-0.058
-0.047
-0.04
-0.034
-0.026
-0.019
-0.013
-0.006
0.0
0.006
0.013
0.02
0.026
0.032
0.037
0.042
0.046
0.05
0.053
0.056
0.058
0.06
0.062
0.064
0.067
0.07
0.072
0.074
0.076
0.078
0.08
0.082
0.084
0.087
0.09
0.095
0.102
0.112
0.123
0.134
0.145
0.155
0.163
0.171
0.178
0.185
0.191
0.197
0.203
0.211
0.221
0.232
0.244
0.256
0.269
0.284
0.298
0.311
0.319
0.326
0.332
0.336
0.339
0.339
0.337
0.332
0.326
0.317
0.3
0.268
0.243
0.223
0.201
0.172
0.137
0.102
0.069
0.043
0.023
0.007
-0.013
-0.041
-0.065
-0.083
-0.102
-0.108
-0.11
-0.112
-0.114
-0.116
-0.118
-0.12
-0.121
-0.123
-0.125
-0.126
-0.128
-0.13
-0.131
-0.131
-0.132
-0.132
-0.132
-0.131
-0.131
-0.131
-0.131
-0.131
-0.131
-0.131
-0.13
-0.129
-0.128
-0.128
-0.127
-0.127
-0.126
-0.125
-0.125
-0.124
-0.124
-0.124
-0.124
-0.124
-0.123
-0.122
-0.122
-0.121
-0.121
-0.12
-0.12
-0.119
-0.119
-0.119
-0.119
-0.119
-0.119
-0.118
-0.118
-0.118
-0.117
-0.116
-0.114
-0.113
-0.111
-0.11
-0.109
-0.108
-0.107
-0.105
-0.104
-0.103
-0.102
-0.101
-0.098
-0.094
-0.089
-0.085
-0.083
-0.081
-0.08
-0.08
-0.079
-0.078
-0.078
-0.078
-0.078
-0.079
-0.079
-0.079
-0.078
-0.078
-0.078
-0.078
-0.078
-0.077
-0.075
-0.074
-0.072
-0.071
-0.07
-0.068
-0.066
-0.063
-0.06
-0.056
-0.052
-0.048
-0.041
-0.032
-0.022
-0.012
-0.002
0.006
0.012
0.019
0.026
0.032
0.037
0.04
0.04
0.038
0.034
0.029
0.024
0.02
0.016
0.011
0.006
0.001
-0.004
-0.009
-0.015
-0.021
-0.028
-0.034
-0.04
-0.045
-0.05
-0.054
-0.059
-0.064
-0.07
-0.074
-0.077
-0.079
-0.081
-0.082
-0.085
-0.088
-0.094
-0.104
-0.109
-0.116
-0.122
-0.102
-0.045
0.057
0.204
0.391
0.594
0.774
0.844
0.827
0.67
0.391
0.072
-0.206
-0.384
-0.426
-0.423
-0.367
-0.308
-0.253
-0.206
-0.16
-0.11
-0.077
-0.046
-0.023
0.0
0.014
0.022
0.028
0.034
0.038
0.043
0.046
0.049
0.052
0.055
0.058
0.063
0.067
0.072
0.076
0.081
0.086
0.093
0.099
0.106
0.111
0.117
0.121
0.126
0.129
0.132
0.135
0.137
0.14
0.143
0.146
0.149
0.153
0.158
0.164
0.17
0.177
0.186
0.195
0.205
0.214
0.223
0.232
0.243
0.258
0.272
0.286
0.299
0.312
0.325
0.337
0.347
0.357
0.364
0.368
0.371
0.373
0.375
0.379
0.381
0.382
0.38
0.372
0.362
0.343
0.316
0.293
0.267
0.237
0.208
0.18
0.153
0.126
0.096
0.061
0.03
0.0
-0.025
-0.043
-0.056
-0.076
-0.082
-0.084
-0.087
-0.089
-0.091
-0.093
-0.095
-0.096
-0.097
-0.098
-0.099
-0.1
-0.1
-0.1
-0.1
-0.1
-0.1
-0.1
-0.1
-0.099
-0.099
-0.098
-0.098
-0.097
-0.096
-0.095
-0.094
-0.093
-0.093
-0.094
-0.094
-0.095
-0.095
-0.096
-0.096
-0.097
-0.097
-0.098
-0.098
-0.098
-0.098
-0.098
-0.099
-0.1
-0.101
-0.102
-0.103
-0.105
-0.106
-0.107
-0.107
-0.107
-0.107
-0.107
-0.107
-0.107
-0.108
-0.107
-0.107
-0.106
-0.106
-0.105
-0.105
-0.105
-0.104
-0.103
-0.102
-0.102
-0.101
-0.1
-0.099
-0.097
-0.095
-0.094
-0.094
-0.093
-0.092
-0.091
-0.09
-0.089
-0.089
-0.089
-0.089
-0.088
-0.088
-0.088
-0.089
-0.091
-0.092
-0.093
-0.094
-0.094
-0.094
-0.095
-0.096
-0.097
-0.098
-0.099
-0.099
-0.099
-0.099
-0.097
-0.095
-0.091
-0.087
-0.082
-0.078
-0.074
-0.071
-0.067
-0.063
-0.06
-0.056
-0.052
-0.05
-0.047
-0.044
-0.041
-0.036
-0.029
-0.014
0.004
0.014
0.021
0.027
0.032
0.035
0.037
0.036
0.035
0.032
0.028
0.023
0.019
0.013
0.004
-0.004
-0.013
-0.022
-0.034
-0.049
-0.065
-0.073
-0.077
-0.082
-0.085
-0.088
-0.09
-0.092
-0.095
-0.096
-0.098
-0.099
-0.101
-0.102
-0.104
-0.108
-0.116
-0.115
-0.091
-0.029
0.081
0.239
0.437
0.642
0.803
0.869
0.807
0.615
0.329
0.019
-0.234
-0.383
-0.4
-0.39
-0.323
-0.27
-0.225
-0.2
-0.159
-0.119
-0.075
-0.05
-0.038
-0.033
-0.028
-0.026
-0.024
-0.02
-0.016
-0.012
-0.007
-0.003
0.001
0.005
0.01
0.016
0.022
0.027
0.031
0.034
0.037
0.04
0.043
0.046
0.048
0.05
0.051
0.053
0.055
0.057
0.058
0.06
0.063
0.066
0.069
0.072
0.076
0.081
0.086
0.095
0.104
0.112
0.118
0.124
0.134
0.147
0.161
0.172
0.18
0.188
0.197
0.206
0.219
0.235
0.251
0.267
0.282
0.301
0.313
0.321
0.328
0.332
0.333
0.329
0.323
0.316
0.306
0.29
0.275
0.255
0.229
0.202
0.172
0.139
0.109
0.082
0.056
0.031
0.004
-0.017
-0.03
-0.043
-0.057
-0.067
-0.074
-0.081
-0.087
-0.092
-0.097
-0.102
-0.105
-0.108
-0.109
-0.11
-0.111
-0.112
-0.113
-0.114
-0.114
-0.114
-0.114
-0.114
-0.115
-0.115
-0.115
-0.115
-0.115
-0.114
-0.114
-0.113
-0.112
-0.111
-0.11
-0.109
-0.108
-0.108
-0.107
-0.107
-0.107
-0.106
-0.105
-0.104
-0.104
-0.104
-0.104
-0.103
-0.103
-0.102
-0.102
-0.102
-0.102
-0.102
-0.1
-0.099
-0.097
-0.097
-0.097
-0.098
-0.099
-0.099
-0.1
-0.1
-0.101
-0.102
-0.103
-0.103
-0.103
-0.103
-0.103
-0.103
-0.103
-0.103
-0.102
-0.101
-0.1
-0.099
-0.099
-0.099
-0.098
-0.097
-0.094
-0.092
-0.09
-0.088
-0.086
-0.084
-0.083
-0.081
-0.079
-0.077
-0.075
-0.074
-0.072
-0.07
-0.069
-0.068
-0.066
-0.065
-0.064
-0.063
-0.061
-0.06
-0.059
-0.058
-0.057
-0.055
-0.054
-0.054
-0.053
-0.053
-0.053
-0.052
-0.051
-0.051
-0.05
-0.048
-0.046
-0.043
-0.04
-0.036
-0.033
-0.028
-0.024
-0.018
-0.013
-0.006
0.0
0.011
0.021
0.029
0.037
0.042
0.046
0.05
0.053
0.056
0.057
0.059
0.06
0.06
0.06
0.058
0.055
0.052
0.048
0.043
0.038
0.032
0.023
0.003
-0.022
-0.035
-0.042
-0.048
-0.053
-0.058
-0.063
-0.067
-0.071
-0.074
-0.076
-0.079
-0.081
-0.083
-0.086
-0.089
-0.097
-0.103
-0.102
-0.092
-0.071
-0.011
0.104
0.264
0.46
0.666
0.837
0.915
0.861
0.675
0.395
0.085
-0.18
-0.351
-0.391
-0.404
-0.387
-0.333
-0.275
-0.206
-0.135
-0.072
-0.046
-0.038
-0.033
-0.03
-0.025
-0.022
-0.018
-0.014
-0.01
-0.007
-0.004
0.0
0.001
0.003
0.005
0.007
0.01
0.014
0.017
0.021
0.023
0.025
0.028
0.031
0.036
0.046
0.057
0.071
0.079
0.084
0.089
0.093
0.097
0.101
0.103
0.106
0.108
0.111
0.113
0.115
0.116
0.118
0.121
0.125
0.133
0.149
0.166
0.182
0.198
0.215
0.233
0.25
0.267
0.278
0.285
0.291
0.295
0.298
0.301
0.303
0.306
0.308
0.311
0.313
0.313
0.312
0.308
0.302
0.294
0.28
0.252
0.225
0.199
0.176
0.149
0.121
0.089
0.053
0.019
-0.005
-0.025
-0.039
-0.053
-0.068
-0.088
-0.094
-0.096
-0.098
-0.1
-0.102
-0.103
-0.105
-0.107
-0.109
-0.111
-0.113
-0.115
-0.116
-0.116
-0.117
-0.117
-0.117
-0.117
-0.117
-0.116
-0.116
-0.116
-0.116
-0.116
-0.117
-0.117
-0.117
-0.117
-0.117
-0.116
-0.116
-0.116
-0.115
-0.115
-0.115
-0.115
-0.115
-0.116
-0.116
-0.116
-0.117
-0.117
-0.117
-0.117
-0.117
-0.116
-0.115
-0.113
-0.113
-0.113
-0.113
-0.113
-0.112
-0.111
-0.111
-0.11
-0.11
-0.11
-0.11
-0.108
-0.107
-0.106
-0.106
-0.106
-0.106
-0.106
-0.106
-0.106
-0.106
-0.106
-0.106
-0.106
-0.106
-0.105
-0.104
-0.103
-0.102
-0.095
-0.09
-0.088
-0.087
-0.086
-0.086
-0.086
-0.086
-0.085
-0.084
-0.083
-0.082
-0.082
-0.081
-0.08
-0.078
-0.077
-0.075
-0.074
-0.073
-0.072
-0.071
-0.069
-0.068
-0.066
-0.065
-0.064
-0.063
-0.062
-0.062
-0.062
-0.062
-0.062
-0.062
-0.061
-0.061
-0.06
-0.059
-0.057
-0.056
-0.054
-0.052
-0.05
-0.047
-0.044
-0.041
-0.038
-0.034
-0.029
-0.021
-0.012
-0.003
0.004
0.011
0.018
0.026
0.037
0.052
0.059
0.062
0.064
0.066
0.068
0.069
0.068
0.063
0.054
0.045
0.037
0.029
0.021
0.013
0.005
-0.002
-0.01
-0.016
-0.022
-0.028
-0.033
-0.038
-0.041
-0.045
-0.048
-0.052
-0.056
-0.062
-0.067
-0.074
-0.08
-0.089
-0.108
-0.13
-0.143
-0.151
-0.15
-0.128
-0.069
0.041
0.205
0.413
0.634
0.819
0.91
0.866
0.68
0.388
0.064
-0.209
-0.377
-0.418
-0.415
-0.362
-0.304
-0.252
-0.199
-0.148
-0.102
-0.077
-0.065
-0.059
-0.055
-0.051
-0.046
-0.04
-0.033
-0.027
-0.021
-0.016
-0.01
-0.005
0.0
0.005
0.01
0.015
0.019
0.022
0.025
0.028
0.031
0.033
0.036
0.039
0.042
0.045
0.049
0.052
0.055
0.058
0.062
0.068
0.078
0.088
0.097
0.106
0.112
0.117
0.121
0.126
0.13
0.134
0.138
0.141
0.145
0.151
0.158
0.169
0.19
0.209
0.224
0.236
0.247
0.26
0.272
0.282
0.293
0.302
0.307
0.309
0.311
0.312
0.314
0.317
0.319
0.318
0.312
0.3
0.282
0.257
0.235
0.21
0.181
0.152
0.121
0.088
0.054
0.024
-0.004
-0.032
-0.052
-0.065
-0.078
-0.091
-0.099
-0.106
-0.112
-0.116
-0.118
-0.119
-0.119
-0.119
-0.119
-0.118
-0.117
-0.117
-0.117
-0.117
-0.117
-0.117
-0.117
-0.117
-0.117
-0.118
-0.117
-0.117
-0.116
-0.115
-0.115
-0.115
-0.115
-0.114
-0.114
-0.113
-0.112
-0.112
-0.112
-0.112
-0.112
-0.111
-0.111
-0.111
-0.111
-0.111
-0.11
-0.109
-0.109
-0.108
-0.108
-0.108
-0.108
-0.108
-0.108
-0.108
-0.108
-0.108
-0.108
-0.107
-0.107
-0.107
-0.106
-0.106
-0.107
-0.107
-0.107
-0.106
-0.105
-0.104
-0.102
-0.101
-0.099
-0.096
-0.093
-0.091
-0.089
-0.087
-0.087
-0.086
-0.085
-0.083
-0.081
-0.079
-0.078
-0.079
-0.081
-0.084
-0.087
-0.089
-0.092
-0.095
-0.098
-0.1
-0.099
-0.096
-0.09
-0.084
-0.079
-0.075
-0.072
-0.069
-0.066
-0.064
-0.063
-0.061
-0.06
-0.059
-0.057
-0.055
-0.053
-0.052
-0.05
-0.049
-0.047
-0.045
-0.043
-0.041
-0.038
-0.034
-0.029
-0.019
0.002
0.023
0.033
0.04
0.046
0.052
0.056
0.059
0.061
0.062
0.063
0.061
0.059
0.056
0.051
0.046
0.039
0.032
0.021
0.0
-0.02
-0.029
-0.034
-0.038
-0.04
-0.043
-0.045
-0.048
-0.051
-0.055
-0.058
-0.061
-0.063
-0.066
-0.068
-0.071
-0.074
-0.079
-0.089
-0.096
-0.092
-0.083
-0.057
0.025
0.153
0.326
0.526
0.71
0.8
0.791
0.66
0.402
0.1
-0.168
-0.348
-0.405
-0.408
-0.369
-0.321
-0.294
-0.252
-0.208
-0.161
-0.111
-0.078
-0.051
-0.034
-0.02
-0.009
-0.003
0.002
0.006
0.009
0.013
0.017
0.022
0.026
0.03
0.035
0.039
0.043
0.046
0.05
0.054
0.058
0.062
0.066
0.071
0.075
0.079
0.083
0.087
0.091
0.095
0.099
0.104
0.109
0.114
0.119
0.123
0.127
0.132
0.137
0.144
0.152
0.162
0.172
0.182
0.193
0.204
0.214
0.222
0.23
0.238
0.246
0.255
0.265
0.277
0.289
0.304
0.316
0.325
0.332
0.339
0.344
0.347
0.347
0.343
0.337
0.328
0.317
0.3
0.285
0.266
0.24
0.212
0.182
0.149
0.116
0.081
0.049
0.019
-0.011
-0.031
-0.043
-0.053
-0.064
-0.074
-0.082
-0.09
-0.097
-0.103
-0.108
-0.113
-0.116
-0.118
-0.12
-0.122
-0.124
-0.126
-0.127
-0.129
-0.13
-0.13
-0.13
-0.129
-0.128
-0.127
-0.125
-0.123
-0.121
-0.119
-0.117
-0.116
-0.115
-0.114
-0.113
-0.112
-0.112
-0.111
-0.11
-0.11
-0.109
-0.109
-0.109
-0.109
-0.11
-0.112
-0.113
-0.115
-0.117
-0.118
-0.119
-0.119
-0.118
-0.117
-0.115
-0.113
-0.11
-0.108
-0.107
-0.105
-0.104
-0.103
-0.102
-0.101
-0.099
-0.097
-0.096
-0.094
-0.092
-0.09
-0.088
-0.086
-0.084
-0.083
-0.081
-0.08
-0.079
-0.078
-0.077
-0.076
-0.074
-0.073
-0.071
-0.07
-0.069
-0.067
-0.066
-0.065
-0.063
-0.061
-0.06
-0.059
-0.058
-0.057
-0.056
-0.055
-0.054
-0.054
-0.053
-0.052
-0.052
-0.051
-0.049
-0.047
-0.045
-0.043
-0.041
-0.039
-0.038
-0.036
-0.033
-0.031
-0.028
-0.025
-0.022
-0.018
-0.012
0.0
0.01
0.02
0.025
0.028
0.032
0.034
0.037
0.039
0.041
0.042
0.042
0.042
0.042
0.041
0.04
0.037
0.034
0.03
0.025
0.021
0.016
0.008
-0.009
-0.027
-0.041
-0.05
-0.058
-0.066
-0.074
-0.081
-0.087
-0.092
-0.097
-0.101
-0.105
-0.109
-0.112
-0.115
-0.119
-0.126
-0.137
-0.138
-0.125
-0.09
-0.018
0.096
0.255
0.447
0.644
0.795
0.848
0.773
0.57
0.276
-0.034
-0.282
-0.398
-0.436
-0.42
-0.373
-0.318
-0.267
-0.237
-0.185
-0.13
-0.073
-0.029
-0.014
-0.006
-0.005
-0.009
-0.016
-0.021
-0.025
-0.03
-0.034
-0.034
-0.028
-0.02
-0.012
-0.006
-0.001
0.002
0.007
0.012
0.018
0.023
0.028
0.033
0.037
0.041
0.045
0.049
0.052
0.056
0.059
0.063
0.067
0.07
0.074
0.078
0.082
0.086
0.09
0.096
0.102
0.109
0.116
0.124
0.133
0.143
0.155
0.167
0.178
0.188
0.2
0.214
0.226
0.236
0.245
0.254
0.262
0.27
0.278
0.284
0.29
0.295
0.299
0.301
0.301
0.299
0.294
0.286
0.276
0.257
0.224
0.195
0.164
0.134
0.104
0.076
0.047
0.022
0.002
-0.017
-0.035
-0.049
-0.065
-0.08
-0.096
-0.113
-0.123
-0.13
-0.133
-0.134
-0.135
-0.136
-0.137
-0.138
-0.139
-0.14
-0.141
-0.142
-0.142
-0.143
-0.143
-0.143
-0.142
-0.141
-0.14
-0.139
-0.139
-0.139
-0.138
-0.138
-0.137
-0.136
-0.136
-0.136
-0.135
-0.134
-0.134
-0.133
-0.132
-0.132
-0.131
-0.13
-0.129
-0.128
-0.127
-0.126
-0.125
-0.125
-0.124
-0.122
-0.121
-0.12
-0.12
-0.119
-0.119
-0.118
-0.117
-0.116
-0.115
-0.114
-0.112
-0.11
-0.108
-0.105
-0.103
-0.1
-0.098
-0.095
-0.092
-0.089
-0.086
-0.084
-0.083
-0.082
-0.081
-0.079
-0.078
-0.076
-0.075
-0.074
-0.072
-0.07
-0.067
-0.065
-0.063
-0.062
-0.061
-0.061
-0.06
-0.06
-0.059
-0.058
-0.057
-0.055
-0.053
-0.051
-0.048
-0.045
-0.042
-0.04
-0.038
-0.035
-0.033
-0.031
-0.029
-0.027
-0.026
-0.025
-0.023
-0.02
-0.016
-0.011
-0.005
0.004
0.015
0.025
0.035
0.045
0.055
0.064
0.071
0.077
0.08
0.083
0.086
0.088
0.091
0.092
0.093
0.094
0.094
0.093
0.091
0.089
0.085
0.079
0.073
0.067
0.057
0.038
0.02
0.007
-0.003
-0.011
-0.016
-0.021
-0.025
-0.03
-0.034
-0.037
-0.039
-0.04
-0.041
-0.041
-0.041
-0.039
-0.036
-0.032
-0.024
-0.015
-0.004
0.044
0.151
0.301
0.487
0.685
0.843
0.905
0.833
0.634
0.347
0.041
-0.21
-0.365
-0.401
-0.396
-0.337
-0.269
-0.204
-0.141
-0.087
-0.039
-0.013
-0.003
0.001
0.005
0.009
0.012
0.015
0.019
0.024
0.03
0.036
0.042
0.047
0.051
0.055
0.059
0.064
0.07
0.075
0.079
0.083
0.086
0.089
0.091
0.094
0.097
0.099
0.101
0.104
0.108
0.113
0.118
0.122
0.125
0.129
0.134
0.141
0.15
0.159
0.166
0.171
0.175
0.177
0.18
0.182
0.184
0.187
0.19
0.193
0.198
0.204
0.21
0.219
0.232
0.255
0.276
0.287
0.296
0.303
0.308
0.311
0.313
0.312
0.31
0.305
0.3
0.293
0.284
0.266
0.249
0.227
0.199
0.169
0.139
0.11
0.08
0.051
0.022
-0.001
-0.018
-0.033
-0.045
-0.055
-0.067
-0.081
-0.092
-0.103
-0.112
-0.119
-0.125
-0.128
-0.131
-0.133
-0.135
-0.137
-0.139
-0.14
-0.14
-0.14
-0.139
-0.138
-0.137
-0.135
-0.133
-0.13
-0.128
-0.126
-0.125
-0.124
-0.123
-0.121
-0.12
-0.118
-0.117
-0.116
-0.115
-0.115
-0.114
-0.114
-0.113
-0.113
-0.113
-0.113
-0.112
-0.112
-0.111
-0.11
-0.11
-0.109
-0.109
-0.108
-0.108
-0.109
-0.109
-0.109
-0.108
-0.108
-0.107
-0.106
-0.106
-0.105
-0.105
-0.104
-0.104
-0.104
-0.103
-0.103
-0.102
-0.101
-0.099
-0.097
-0.094
-0.092
-0.091
-0.089
-0.087
-0.086
-0.086
-0.086
-0.085
-0.085
-0.085
-0.084
-0.083
-0.083
-0.082
-0.082
-0.082
-0.082
-0.082
-0.083
-0.084
-0.085
-0.087
-0.088
-0.09
-0.09
-0.09
-0.09
-0.09
-0.089
-0.088
-0.087
-0.086
-0.085
-0.084
-0.083
-0.082
-0.079
-0.076
-0.071
-0.067
-0.063
-0.059
-0.055
-0.05
-0.045
-0.04
-0.035
-0.028
-0.018
-0.007
0.0
0.007
0.014
0.019
0.024
0.026
0.028
0.03
0.032
0.035
0.037
0.04
0.043
0.044
0.041
0.034
0.025
0.014
-0.002
-0.023
-0.037
-0.047
-0.055
-0.06
-0.063
-0.066
-0.068
-0.07
-0.072
-0.074
-0.076
-0.078
-0.08
-0.082
-0.085
-0.088
-0.091
-0.095
-0.102
-0.114
-0.115
-0.101
-0.065
0.027
0.17
0.357
0.57
0.765
0.858
0.85
0.712
0.44
0.121
-0.165
-0.36
-0.432
-0.438
-0.395
-0.333
-0.276
-0.225
-0.179
-0.134
-0.103
-0.079
-0.066
-0.056
-0.049
-0.044
-0.039
-0.035
-0.031
-0.027
-0.021
-0.014
-0.007
0.0
0.008
0.017
0.024
0.03
0.034
0.038
0.04
0.042
0.045
0.047
0.049
0.051
0.053
0.056
0.058
0.061
0.064
0.067
0.071
0.076
0.084
0.099
0.111
0.123
0.131
0.139
0.145
0.151
0.156
0.16
0.164
0.169
0.174
0.181
0.19
0.202
0.214
0.229
0.24
0.25
0.261
0.274
0.29
0.303
0.312
0.319
0.323
0.325
0.326
0.328
0.331
0.329
0.316
0.301
0.286
0.273
0.255
0.231
0.204
0.175
0.141
0.11
0.082
0.056
0.032
0.008
-0.015
-0.038
-0.055
-0.065
-0.075
-0.083
-0.093
-0.105
-0.117
-0.122
-0.124
-0.125
-0.127
-0.129
-0.13
-0.131
-0.133
-0.134
-0.134
-0.135
-0.135
-0.135
-0.136
-0.136
-0.136
-0.137
-0.137
-0.138
-0.138
-0.138
-0.138
-0.137
-0.136
-0.135
-0.133
-0.132
-0.131
-0.13
-0.129
-0.129
-0.129
-0.129
-0.129
-0.129
-0.129
-0.129
-0.128
-0.127
-0.126
-0.125
-0.124
-0.123
-0.123
-0.123
-0.123
-0.123
-0.124
-0.124
-0.124
-0.124
-0.123
-0.122
-0.12
-0.118
-0.117
-0.115
-0.114
-0.112
-0.111
-0.11
-0.11
-0.109
-0.109
-0.108
-0.106
-0.104
-0.103
-0.101
-0.099
-0.097
-0.095
-0.094
-0.093
-0.093
-0.093
-0.092
-0.092
-0.091
-0.09
-0.089
-0.088
-0.087
-0.085
-0.083
-0.08
-0.078
-0.077
-0.076
-0.076
-0.075
-0.074
-0.073
-0.073
-0.072
-0.071
-0.069
-0.066
-0.062
-0.057
-0.052
-0.046
-0.039
-0.031
-0.021
-0.011
-0.002
0.011
0.027
0.033
0.037
0.041
0.043
0.044
0.043
0.039
0.034
0.029
0.025
0.021
0.017
0.012
0.006
0.0
-0.006
-0.013
-0.02
-0.029
-0.037
-0.044
-0.049
-0.054
-0.058
-0.062
-0.065
-0.068
-0.071
-0.073
-0.076
-0.078
-0.08
-0.082
-0.086
-0.09
-0.098
-0.11
-0.101
-0.076
-0.013
0.088
0.229
0.404
0.59
0.745
0.816
0.761
0.576
0.299
0.0
-0.248
-0.399
-0.429
-0.426
-0.375
-0.331
-0.295
-0.254
-0.202
-0.14
-0.08
-0.039
-0.027
-0.021
-0.013
-0.006
-0.001
0.002
0.005
0.009
0.012
0.015
0.017
0.019
0.02
0.021
0.022
0.023
0.024
0.025
0.026
0.027
0.029
0.03
0.032
0.034
0.036
0.038
0.041
0.044
0.047
0.051
0.056
0.062
0.074
0.084
0.094
0.102
0.109
0.115
0.122
0.129
0.135
0.144
0.154
0.165
0.176
0.188
0.199
0.21
0.221
0.234
0.248
0.26
0.272
0.284
0.3
0.309
0.316
0.321
0.325
0.327
0.328
0.327
0.326
0.323
0.319
0.313
0.303
0.283
0.261
0.236
0.206
0.177
0.147
0.116
0.085
0.056
0.03
0.002
-0.021
-0.039
-0.059
-0.076
-0.089
-0.099
-0.106
-0.111
-0.113
-0.114
-0.115
-0.116
-0.117
-0.118
-0.119
-0.119
-0.12
-0.121
-0.121
-0.122
-0.122
-0.122
-0.122
-0.122
-0.122
-0.121
-0.121
-0.12
-0.12
-0.119
-0.118
-0.117
-0.117
-0.117
-0.117
-0.116
-0.116
-0.115
-0.114
-0.114
-0.114
-0.113
-0.113
-0.112
-0.111
-0.11
-0.109
-0.109
-0.109
-0.109
-0.11
-0.11
-0.11
-0.11
-0.11
-0.109
-0.108
-0.107
-0.105
-0.104
-0.103
-0.102
-0.101
-0.1
-0.099
-0.099
-0.098
-0.097
-0.097
-0.095
-0.093
-0.09
-0.087
-0.084
-0.08
-0.078
-0.076
-0.075
-0.075
-0.075
-0.075
-0.075
-0.076
-0.077
-0.078
-0.079
-0.079
-0.078
-0.078
-0.077
-0.076
-0.076
-0.075
-0.074
-0.073
-0.072
-0.07
-0.067
-0.064
-0.06
-0.055
-0.05
-0.043
-0.032
-0.02
-0.01
0.0
0.008
0.017
0.024
0.03
0.033
0.035
0.037
0.039
0.041
0.042
0.044
0.045
0.046
0.046
0.045
0.042
0.038
0.033
0.027
0.019
0.008
-0.012
-0.031
-0.04
-0.045
-0.049
-0.053
-0.056
-0.059
-0.063
-0.066
-0.069
-0.072
-0.075
-0.078
-0.082
-0.086
-0.092
-0.104
-0.11
-0.103
-0.084
-0.031
0.064
0.205
0.391
0.595
0.772
0.833
0.815
0.658
0.393
0.093
-0.173
-0.353
-0.406
-0.424
-0.402
-0.336
-0.281
-0.232
-0.199
-0.161
-0.125
-0.092
-0.059
-0.042
-0.032
-0.026
-0.022
-0.018
-0.014
-0.009
-0.005
0.0
0.003
0.006
0.01
0.014
0.017
0.021
0.024
0.028
0.031
0.035
0.039
0.044
0.048
0.052
0.056
0.061
0.066
0.071
0.077
0.082
0.087
0.092
0.096
0.102
0.107
0.113
0.119
0.124
0.129
0.134
0.14
0.146
0.154
0.163
0.173
0.182
0.191
0.203
0.219
0.239
0.256
0.27
0.283
0.295
0.302
0.308
0.312
0.316
0.319
0.321
0.322
0.321
0.32
0.316
0.312
0.306
0.298
0.282
0.252
0.225
0.196
0.166
0.135
0.102
0.072
0.045
0.018
-0.003
-0.02
-0.037
-0.056
-0.073
-0.091
-0.097
-0.099
-0.102
-0.104
-0.106
-0.108
-0.11
-0.111
-0.112
-0.114
-0.116
-0.117
-0.118
-0.119
-0.119
-0.119
-0.118
-0.118
-0.118
-0.117
-0.117
-0.116
-0.116
-0.116
-0.115
-0.115
-0.114
-0.113
-0.112
-0.112
-0.111
-0.11
-0.11
-0.109
-0.108
-0.108
-0.108
-0.107
-0.107
-0.107
-0.107
-0.106
-0.105
-0.105
-0.104
-0.104
-0.103
-0.103
-0.102
-0.101
-0.1
-0.099
-0.099
-0.098
-0.098
-0.097
-0.095
-0.094
-0.092
-0.091
-0.09
-0.089
-0.087
-0.085
-0.083
-0.081
-0.079
-0.077
-0.074
-0.071
-0.068
-0.066
-0.064
-0.062
-0.061
-0.059
-0.058
-0.057
-0.056
-0.056
-0.055
-0.054
-0.052
-0.05
-0.049
-0.047
-0.045
-0.043
-0.04
-0.038
-0.036
-0.035
-0.033
-0.031
-0.029
-0.026
-0.023
-0.019
-0.013
-0.005
0.002
0.01
0.019
0.027
0.035
0.043
0.05
0.056
0.062
0.068
0.072
0.075
0.078
0.081
0.083
0.086
0.089
0.09
0.091
0.092
0.092
0.091
0.09
0.088
0.085
0.081
0.075
0.07
0.064
0.051
0.022
0.002
-0.008
-0.015
-0.019
-0.022
-0.025
-0.028
-0.031
-0.033
-0.035
-0.037
-0.041
-0.046
-0.052
-0.059
-0.068
-0.081
-0.088
-0.081
-0.061
-0.006
0.098
0.248
0.435
0.635
0.801
0.879
0.831
0.652
0.379
0.072
-0.198
-0.38
-0.437
-0.438
-0.381
-0.302
-0.231
-0.171
-0.121
-0.078
-0.058
-0.049
-0.044
-0.041
-0.036
-0.029
-0.022
-0.014
-0.005
0.005
0.015
0.023
0.029
0.032
0.034
0.037
0.039
0.042
0.044
0.046
0.047
0.049
0.052
0.054
0.055
0.057
0.059
0.062
0.066
0.073
0.088
0.105
0.116
0.122
0.128
0.133
0.138
0.143
0.147
0.15
0.154
0.159
0.164
0.169
0.175
0.182
0.188
0.197
0.207
0.218
0.228
0.239
0.26
0.287
0.302
0.312
0.32
0.326
0.33
0.334
0.338
0.342
0.345
0.346
0.344
0.341
0.334
0.326
0.311
0.283
0.256
0.23
0.205
0.177
0.145
0.114
0.084
0.059
0.039
0.017
-0.004
-0.031
-0.057
-0.076
-0.091
-0.099
-0.103
-0.106
-0.108
-0.11
-0.112
-0.114
-0.117
-0.119
-0.121
-0.123
-0.125
-0.128
-0.13
-0.132
-0.134
-0.135
-0.136
-0.138
-0.14
-0.141
-0.143
-0.144
-0.145
-0.146
-0.147
-0.148
-0.149
-0.15
-0.151
-0.151
-0.152
-0.152
-0.153
-0.153
-0.153
-0.153
-0.153
-0.153
-0.154
-0.154
-0.154
-0.154
-0.154
-0.153
-0.152
-0.151
-0.15
-0.148
-0.146
-0.144
-0.141
-0.139
-0.136
-0.133
-0.13
-0.123
-0.105
-0.09
-0.075
-0.061
-0.048
-0.041
-0.036
-0.031
-0.029
-0.029
-0.034
-0.041
-0.048
-0.051
-0.054
-0.056
-0.058
-0.06
-0.062
-0.065
-0.067
-0.069
-0.071
-0.072
-0.073
-0.074
-0.075
-0.075
-0.076
-0.076
-0.077
-0.077
-0.077
-0.077
-0.078
-0.078
-0.079
-0.079
-0.081
-0.082
-0.084
-0.086
-0.087
-0.087
-0.086
-0.083
-0.078
-0.072
-0.066
-0.06
-0.052
-0.043
-0.035
-0.026
-0.02
-0.016
-0.012
-0.009
-0.007
-0.004
-0.002
-0.001
0.0
0.0
0.0
0.0
0.0
0.0
-0.001
-0.003
-0.005
-0.008
-0.011
-0.015
-0.019
-0.024
-0.034
-0.045
-0.058
-0.07
-0.083
-0.094
-0.103
-0.11
-0.114
-0.118
-0.121
-0.123
-0.127
-0.129
-0.132
-0.134
-0.138
-0.143
-0.152
-0.152
-0.137
-0.096
-0.019
0.097
0.259
0.458
0.661
0.813
0.857
0.759
0.53
0.224
-0.085
-0.327
-0.445
-0.463
-0.442
-0.388
-0.337
-0.29
-0.241
-0.186
-0.133
-0.089
-0.065
-0.055
-0.05
-0.046
-0.043
-0.041
-0.039
-0.036
-0.034
-0.031
-0.028
-0.025
-0.021
-0.017
-0.014
-0.009
-0.005
0.0
0.004
0.01
0.015
0.02
0.024
0.028
0.031
0.035
0.038
0.041
0.043
0.046
0.05
0.053
0.057
0.061
0.065
0.07
0.075
0.084
0.093
0.1
0.105
0.111
0.12
0.132
0.147
0.159
0.169
0.181
0.193
0.207
0.224
0.238
0.249
0.257
0.265
0.274
0.282
0.288
0.294
0.3
0.304
0.307
0.307
0.305
0.301
0.296
0.289
0.276
0.254
0.233
0.209
0.182
0.152
0.12
0.088
0.056
0.025
-0.006
-0.037
-0.058
-0.072
-0.085
-0.096
-0.103
-0.109
-0.113
-0.118
-0.121
-0.125
-0.127
-0.13
-0.133
-0.135
-0.137
-0.139
-0.14
-0.142
-0.143
-0.145
-0.147
-0.148
-0.15
-0.15
-0.15
-0.15
-0.149
-0.147
-0.145
-0.143
-0.14
-0.137
-0.134
-0.132
-0.13
-0.128
-0.127
-0.126
-0.126
-0.125
-0.125
-0.125
-0.125
-0.125
-0.125
-0.124
-0.124
-0.123
-0.122
-0.122
-0.122
-0.122
-0.122
-0.121
-0.12
-0.12
-0.12
-0.12
-0.12
-0.119
-0.118
-0.117
-0.116
-0.115
-0.113
-0.112
-0.109
-0.107
-0.105
-0.103
-0.103
-0.102
-0.101
-0.1
-0.098
-0.096
-0.095
-0.094
-0.092
-0.09
-0.089
-0.087
-0.086
-0.085
-0.084
-0.084
-0.083
-0.082
-0.081
-0.079
-0.078
-0.077
-0.076
-0.075
-0.073
-0.072
-0.07
-0.068
-0.066
-0.065
-0.063
-0.061
-0.059
-0.056
-0.053
-0.05
-0.046
-0.043
-0.038
-0.034
-0.028
-0.023
-0.016
-0.007
0.0
0.007
0.012
0.017
0.019
0.021
0.023
0.025
0.027
0.029
0.031
0.032
0.033
0.033
0.034
0.033
0.032
0.03
0.028
0.025
0.022
0.018
0.015
0.012
0.01
0.007
0.004
0.001
-0.003
-0.008
-0.013
-0.018
-0.022
-0.025
-0.029
-0.033
-0.037
-0.045
-0.058
-0.066
-0.075
-0.082
-0.067
-0.021
0.066
0.198
0.373
0.569
0.738
0.798
0.779
0.624
0.357
0.06
-0.193
-0.362
-0.41
-0.426
-0.41
-0.362
-0.306
-0.237
-0.167
-0.107
-0.071
-0.061
-0.053
-0.046
-0.037
-0.021
0.0
0.009
0.014
0.017
0.019
0.02
0.023
0.025
0.029
0.033
0.038
0.042
0.046
0.05
0.054
0.059
0.064
0.069
0.074
0.079
0.085
0.095
0.111
0.128
0.14
0.15
0.158
0.163
0.166
0.169
0.171
0.173
0.174
0.175
0.176
0.178
0.181
0.184
0.187
0.191
0.195
0.199
0.205
0.215
0.227
0.238
0.251
0.262
0.275
0.286
0.295
0.303
0.309
0.315
0.319
0.323
0.326
0.326
0.324
0.32
0.313
0.304
0.289
0.261
0.234
0.208
0.184
0.158
0.131
0.102
0.07
0.038
0.004
-0.026
-0.05
-0.069
-0.086
-0.102
-0.117
-0.133
-0.138
-0.14
-0.142
-0.144
-0.146
-0.148
-0.149
-0.151
-0.152
-0.154
-0.155
-0.156
-0.156
-0.156
-0.157
-0.157
-0.156
-0.156
-0.155
-0.154
-0.154
-0.154
-0.153
-0.153
-0.152
-0.152
-0.151
-0.151
-0.151
-0.15
-0.15
-0.149
-0.149
-0.149
-0.149
-0.149
-0.148
-0.148
-0.148
-0.148
-0.148
-0.148
-0.148
-0.148
-0.148
-0.149
-0.149
-0.148
-0.148
-0.148
-0.148
-0.147
-0.147
-0.145
-0.144
-0.143
-0.142
-0.141
-0.14
-0.139
-0.138
-0.137
-0.136
-0.135
-0.134
-0.133
-0.13
-0.127
-0.124
-0.121
-0.118
-0.116
-0.114
-0.112
-0.11
-0.108
-0.107
-0.106
-0.106
-0.105
-0.105
-0.104
-0.102
-0.101
-0.101
-0.1
-0.098
-0.096
-0.094
-0.092
-0.09
-0.089
-0.087
-0.084
-0.08
-0.073
-0.065
-0.057
-0.046
-0.033
-0.016
-0.005
0.005
0.016
0.031
0.041
0.048
0.054
0.056
0.055
0.05
0.045
0.04
0.035
0.03
0.024
0.017
0.01
0.002
-0.008
-0.019
-0.03
-0.043
-0.057
-0.065
-0.068
-0.07
-0.072
-0.074
-0.075
-0.077
-0.079
-0.081
-0.084
-0.087
-0.09
-0.094
-0.099
-0.105
-0.12
-0.121
-0.109
-0.074
0.006
0.133
0.303
0.501
0.688
0.8
0.805
0.722
0.497
0.204
-0.085
-0.304
-0.404
-0.416
-0.38
-0.311
-0.253
-0.21
-0.171
-0.129
-0.083
-0.058
-0.045
-0.039
-0.034
-0.03
-0.024
-0.018
-0.011
-0.004
0.0
0.005
0.01
0.014
0.018
0.022
0.026
0.029
0.033
0.036
0.04
0.044
0.051
0.066
0.082
0.089
0.093
0.096
0.099
0.101
0.103
0.105
0.107
0.109
0.111
0.112
0.114
0.115
0.117
0.118
0.12
0.122
0.127
0.133
0.14
0.149
0.165
0.188
0.204
0.213
0.224
0.235
0.246
0.256
0.267
0.278
0.287
0.297
0.304
0.308
0.312
0.316
0.32
0.323
0.323
0.317
0.307
0.296
0.281
0.27
0.257
0.236
0.208
0.178
0.144
0.116
0.092
0.067
0.042
0.014
-0.018
-0.048
-0.065
-0.075
-0.083
-0.091
-0.097
-0.1
-0.102
-0.105
-0.107
-0.11
-0.112
-0.113
-0.115
-0.117
-0.118
-0.12
-0.12
-0.119
-0.117
-0.115
-0.114
-0.112
-0.111
-0.109
-0.106
-0.104
-0.102
-0.101
-0.1
-0.098
-0.096
-0.094
-0.091
-0.09
-0.088
-0.086
-0.084
-0.082
-0.08
-0.079
-0.078
-0.077
-0.076
-0.075
-0.075
-0.074
-0.073
-0.073
-0.072
-0.071
-0.071
-0.07
-0.07
-0.07
-0.071
-0.071
-0.071
-0.071
-0.071
-0.071
-0.07
-0.069
-0.068
-0.067
-0.066
-0.064
-0.062
-0.06
-0.058
-0.055
-0.053
-0.05
-0.047
-0.044
-0.042
-0.04
-0.039
-0.038
-0.037
-0.035
-0.034
-0.033
-0.032
-0.031
-0.03
-0.029
-0.028
-0.027
-0.027
-0.026
-0.026
-0.025
-0.024
-0.023
-0.023
-0.022
-0.021
-0.021
-0.02
-0.018
-0.017
-0.015
-0.013
-0.011
-0.009
-0.006
-0.003
0.0
0.005
0.009
0.013
0.017
0.022
0.028
0.035
0.047
0.059
0.072
0.078
0.082
0.087
0.091
0.095
0.097
0.099
0.1
0.101
0.1
0.099
0.098
0.096
0.092
0.087
0.082
0.076
0.068
0.05
0.034
0.021
0.011
0.004
0.0
-0.004
-0.008
-0.01
-0.013
-0.015
-0.016
-0.018
-0.02
-0.023
-0.025
-0.028
-0.031
-0.033
-0.042
-0.054
-0.043
-0.01
0.07
0.199
0.376
0.587
0.796
0.931
0.94
0.853
0.602
0.277
-0.036
-0.265
-0.352
-0.38
-0.361
-0.3
-0.234
-0.171
-0.108
-0.05
-0.001
0.019
0.029
0.035
0.046
0.06
0.068
0.074
0.079
0.083
0.087
0.09
0.094
0.096
0.098
0.101
0.104
0.107
0.111
0.118
0.122
0.121
0.113
0.103
0.092
0.076
0.061
