ECG
-0.139
-0.173
-0.206
-0.241
-0.265
-0.274
-0.278
-0.281
-0.283
-0.284
-0.286
-0.29
-0.294
-0.299
-0.305
-0.311
-0.318
-0.326
-0.338
-0.349
-0.353
-0.355
-0.357
-0.358
-0.36
-0.361
-0.362
-0.363
-0.361
-0.356
-0.351
-0.347
-0.344
-0.341
-0.339
-0.337
-0.335
-0.334
-0.332
-0.331
-0.33
-0.33
-0.329
-0.328
-0.327
-0.326
-0.325
-0.324
-0.323
-0.322
-0.319
-0.317
-0.314
-0.311
-0.307
-0.303
-0.296
-0.288
-0.282
-0.276
-0.27
-0.265
-0.26
-0.256
-0.251
-0.246
-0.241
-0.236
-0.231
-0.225
-0.219
-0.211
-0.199
-0.19
-0.187
-0.186
-0.183
-0.18
-0.183
-0.203
-0.213
-0.22
-0.226
-0.231
-0.236
-0.24
-0.244
-0.246
-0.247
-0.247
-0.248
-0.248
-0.247
-0.247
-0.248
-0.249
-0.25
-0.25
-0.245
-0.233
-0.2
-0.154
-0.084
-0.003
0.072
0.129
0.15
0.151
0.138
0.102
0.04
-0.028
-0.099
-0.166
-0.204
-0.218
-0.218
-0.204
-0.184
-0.152
-0.123
-0.102
-0.086
-0.079
-0.075
-0.071
-0.067
-0.063
-0.06
-0.058
-0.055
-0.053
-0.051
-0.049
-0.047
-0.046
-0.045
-0.044
-0.044
-0.044
-0.044
-0.043
-0.043
-0.042
-0.04
-0.038
-0.037
-0.036
-0.035
-0.034
-0.033
-0.03
-0.027
-0.024
-0.019
-0.008
0.003
0.016
0.029
0.043
0.056
0.07
0.092
0.123
0.14
0.15
0.157
0.162
0.162
0.156
0.147
0.139
0.133
0.127
0.122
0.117
0.112
0.108
0.104
0.1
0.097
0.093
0.088
0.081
0.066
0.049
0.038
0.03
0.024
0.017
0.008
0.0
-0.007
-0.012
-0.015
-0.019
-0.022
-0.025
-0.027
-0.03
-0.032
-0.034
-0.036
-0.038
-0.04
-0.042
-0.043
-0.044
-0.046
-0.047
-0.049
-0.051
-0.053
-0.056
-0.059
-0.062
-0.066
-0.071
-0.075
-0.079
-0.082
-0.086
-0.091
-0.097
-0.107
-0.119
-0.135
-0.143
-0.148
-0.153
-0.158
-0.162
-0.165
-0.168
-0.171
-0.173
-0.175
-0.175
-0.174
-0.174
-0.172
-0.171
-0.169
-0.166
-0.163
-0.159
-0.154
-0.142
-0.111
-0.084
-0.064
-0.042
-0.013
0.021
0.042
0.054
0.064
0.073
0.08
0.086
0.092
0.098
0.104
0.112
0.121
0.13
0.137
0.142
0.147
0.152
0.157
0.162
0.165
0.17
0.175
0.182
0.197
0.226
0.274
0.343
0.424
0.504
0.573
0.594
0.602
0.607
0.59
0.541
0.477
0.401
0.323
0.254
0.223
0.219
0.214
0.209
0.206
0.203
0.201
0.198
0.196
0.194
0.193
0.193
0.195
0.197
0.199
0.201
0.203
0.204
0.206
0.207
0.208
0.21
0.211
0.213
0.215
0.218
0.219
0.221
0.222
0.224
0.226
0.229
0.231
0.233
0.235
0.236
0.238
0.239
0.241
0.242
0.243
0.244
0.247
0.253
0.266
0.283
0.305
0.334
0.357
0.371
0.386
0.4
0.409
0.416
0.422
0.427
0.43
0.43
0.428
0.424
0.418
0.411
0.403
0.387
0.369
0.355
0.345
0.335
0.326
0.316
0.297
0.271
0.249
0.224
0.202
0.185
0.167
0.147
0.128
0.11
0.1
0.094
0.09
0.086
0.082
0.078
0.073
0.069
0.064
0.059
0.053
0.045
0.033
0.024
0.017
0.012
0.009
0.006
0.004
0.003
0.001
-0.001
-0.005
-0.009
-0.013
-0.018
-0.024
-0.032
-0.047
-0.061
-0.076
-0.095
-0.116
-0.132
-0.147
-0.164
-0.18
-0.201
-0.228
-0.255
-0.281
-0.301
-0.316
-0.332
-0.343
-0.352
-0.359
-0.362
-0.359
-0.353
-0.344
-0.333
-0.317
-0.302
-0.287
-0.271
-0.254
-0.238
-0.221
-0.204
-0.186
-0.169
-0.153
-0.136
-0.119
-0.103
-0.084
-0.058
-0.036
-0.02
-0.003
0.013
0.028
0.036
0.04
0.043
0.045
0.047
0.049
0.05
0.05
0.051
0.05
0.049
0.046
0.042
0.037
0.032
0.026
0.018
0.002
-0.011
-0.021
-0.031
-0.035
-0.03
-0.018
0.016
0.079
0.143
0.205
0.224
0.233
0.228
0.191
0.141
0.075
-0.005
-0.093
-0.178
-0.246
-0.267
-0.274
-0.279
-0.28
-0.272
-0.26
-0.255
-0.252
-0.25
-0.248
-0.247
-0.244
-0.242
-0.239
-0.238
-0.237
-0.236
-0.235
-0.235
-0.236
-0.237
-0.238
-0.239
-0.24
-0.24
-0.24
-0.239
-0.238
-0.237
-0.236
-0.237
-0.237
-0.238
-0.238
-0.239
-0.239
-0.239
-0.238
-0.237
-0.236
-0.234
-0.231
-0.228
-0.222
-0.216
-0.21
-0.202
-0.192
-0.183
-0.176
-0.169
-0.165
-0.161
-0.158
-0.155
-0.153
-0.151
-0.15
-0.149
-0.149
-0.149
-0.149
-0.15
-0.15
-0.149
-0.149
-0.149
-0.149
-0.149
-0.149
-0.149
-0.151
-0.153
-0.155
-0.155
-0.155
-0.155
-0.154
-0.152
-0.151
-0.15
-0.148
-0.146
-0.143
-0.14
-0.137
-0.133
-0.124
-0.113
-0.103
-0.093
-0.082
-0.072
-0.062
-0.052
-0.044
-0.036
-0.03
-0.024
-0.016
-0.006
0.004
0.012
0.019
0.034
0.059
0.082
0.098
0.117
0.131
0.142
0.151
0.16
0.168
0.18
0.196
0.214
0.233
0.252
0.268
0.283
0.299
0.317
0.336
0.355
0.371
0.392
0.417
0.44
0.464
0.489
0.515
0.542
0.57
0.593
0.611
0.628
0.645
0.661
0.669
0.674
0.678
0.68
0.681
0.678
0.67
0.66
0.648
0.63
0.611
0.6
0.591
0.584
0.58
0.579
0.581
0.586
0.594
0.603
0.616
0.635
0.645
0.651
0.654
0.657
0.659
0.662
0.665
0.669
0.672
0.675
0.679
0.686
0.713
0.763
0.825
0.891
0.953
0.987
0.999
0.977
0.911
0.805
0.69
0.584
0.506
0.468
0.455
0.469
0.491
0.52
0.536
0.544
0.55
0.555
0.558
0.56
0.562
0.563
0.563
0.561
0.558
0.554
0.548
0.542
0.536
0.529
0.517
0.506
0.497
0.488
0.48
0.472
0.465
0.457
0.45
0.442
0.425
0.398
0.37
0.342
0.323
0.312
0.3
0.288
0.282
0.278
0.276
0.274
0.272
0.271
0.269
0.268
0.266
0.263
0.261
0.259
0.258
0.257
0.256
0.254
0.251
0.248
0.243
0.234
0.215
0.198
0.176
0.149
0.12
0.093
0.065
0.034
0.01
-0.005
-0.016
-0.026
-0.032
-0.037
-0.04
-0.043
-0.046
-0.05
-0.054
-0.058
-0.061
-0.065
-0.069
-0.073
-0.077
-0.081
-0.085
-0.09
-0.094
-0.098
-0.104
-0.112
-0.121
-0.136
-0.15
-0.162
-0.174
-0.186
-0.202
-0.222
-0.233
-0.24
-0.245
-0.25
-0.255
-0.259
-0.263
-0.267
-0.271
-0.274
-0.277
-0.279
-0.281
-0.283
-0.285
-0.286
-0.289
-0.292
-0.295
-0.298
-0.299
-0.3
-0.302
-0.305
-0.31
-0.316
-0.323
-0.328
-0.333
-0.336
-0.34
-0.343
-0.345
-0.35
-0.356
-0.357
-0.354
-0.352
-0.349
-0.345
-0.342
-0.34
-0.34
-0.339
-0.334
-0.327
-0.318
-0.305
-0.292
-0.284
-0.282
-0.281
-0.279
-0.275
-0.272
-0.271
-0.272
-0.274
-0.278
-0.282
-0.285
-0.287
-0.29
-0.293
-0.296
-0.298
-0.298
-0.3
-0.302
-0.304
-0.305
-0.307
-0.311
-0.315
-0.319
-0.321
-0.323
-0.321
-0.312
-0.276
-0.221
-0.148
-0.063
0.03
0.118
0.179
0.184
0.159
0.05
-0.098
-0.248
-0.363
-0.411
-0.429
-0.413
-0.393
-0.378
-0.365
-0.352
-0.343
-0.337
-0.333
-0.33
-0.326
-0.32
-0.314
-0.311
-0.308
-0.305
-0.303
-0.303
-0.303
-0.302
-0.3
-0.301
-0.304
-0.307
-0.31
-0.312
-0.314
-0.313
-0.309
-0.304
-0.301
-0.298
-0.292
-0.285
-0.279
-0.271
-0.265
-0.26
-0.256
-0.252
-0.247
-0.238
-0.228
-0.217
-0.207
-0.197
-0.186
-0.175
-0.165
-0.157
-0.149
-0.143
-0.138
-0.134
-0.13
-0.124
-0.118
-0.113
-0.108
-0.103
-0.097
-0.089
-0.086
-0.086
-0.087
-0.087
-0.088
-0.092
-0.097
-0.102
-0.109
-0.121
-0.137
-0.148
-0.153
-0.156
-0.162
-0.173
-0.186
-0.199
-0.209
-0.216
-0.216
-0.214
-0.213
-0.214
-0.214
-0.212
-0.208
-0.203
-0.196
-0.188
-0.179
-0.176
-0.176
-0.173
-0.167
-0.156
-0.141
-0.126
-0.112
-0.1
-0.091
-0.077
-0.057
-0.034
-0.014
0.005
0.027
0.053
0.075
0.11
0.154
0.211
0.276
0.346
0.414
0.479
0.539
0.592
0.633
0.644
0.648
0.65
0.651
0.65
0.644
0.634
0.618
0.596
0.564
0.517
0.458
0.396
0.342
0.3
0.281
0.271
0.264
0.255
0.247
0.223
0.192
0.155
0.131
0.105
0.081
0.071
0.067
0.062
0.057
0.053
0.051
0.05
0.048
0.046
0.042
0.033
0.02
0.015
0.015
0.014
0.014
0.015
0.016
0.015
0.014
0.013
0.014
0.015
0.017
0.018
0.017
0.014
0.011
0.008
0.003
0.0
-0.005
-0.017
-0.032
-0.048
-0.064
-0.077
-0.084
-0.088
-0.091
-0.091
-0.089
-0.089
-0.093
-0.099
-0.106
-0.112
-0.115
-0.119
-0.128
-0.135
-0.136
-0.132
-0.121
-0.083
-0.018
0.059
0.147
0.236
0.317
0.371
0.374
0.347
0.249
0.109
-0.034
-0.143
-0.187
-0.206
-0.207
-0.198
-0.189
-0.18
-0.172
-0.164
-0.152
-0.139
-0.135
-0.133
-0.132
-0.131
-0.129
-0.125
-0.122
-0.121
-0.121
-0.118
-0.112
-0.099
-0.085
-0.069
-0.053
-0.045
-0.04
-0.039
-0.04
-0.039
-0.036
-0.032
-0.03
-0.028
-0.026
-0.022
-0.011
0.008
0.021
0.031
0.041
0.052
0.062
0.071
0.075
0.079
0.081
0.084
0.086
0.088
0.091
0.094
0.098
0.103
0.112
0.12
0.124
0.126
0.128
0.13
0.132
0.133
0.134
0.134
0.134
0.133
0.131
0.129
0.126
0.123
0.119
0.111
0.093
0.075
0.058
0.039
0.021
0.006
-0.005
-0.016
-0.026
-0.036
-0.047
-0.057
-0.065
-0.071
-0.075
-0.079
-0.081
-0.078
-0.072
-0.067
-0.06
-0.054
-0.047
-0.042
-0.038
-0.035
-0.031
-0.027
-0.024
-0.022
-0.019
-0.015
-0.013
-0.017
-0.022
-0.025
-0.026
-0.028
-0.031
-0.033
-0.034
-0.036
-0.037
-0.039
-0.039
-0.039
-0.038
-0.038
-0.037
-0.037
-0.039
-0.039
-0.037
-0.035
-0.033
-0.034
-0.042
-0.053
-0.068
-0.077
-0.082
-0.085
-0.086
-0.086
-0.087
-0.088
-0.078
-0.072
-0.07
-0.067
-0.065
-0.062
-0.06
-0.059
-0.058
-0.058
-0.058
-0.059
-0.059
-0.06
-0.061
-0.062
-0.062
-0.062
-0.062
-0.062
-0.062
-0.06
-0.059
-0.059
-0.058
-0.058
-0.058
-0.057
-0.057
-0.056
-0.054
-0.051
-0.048
-0.046
-0.044
-0.042
-0.041
-0.041
-0.04
-0.039
-0.036
-0.033
-0.03
-0.024
-0.019
-0.014
-0.009
-0.004
0.0
0.005
0.01
0.016
0.023
0.032
0.042
0.056
0.066
0.071
0.074
0.073
0.069
0.064
0.057
0.048
0.039
0.031
0.022
0.016
0.012
0.01
0.008
0.007
0.006
0.006
0.005
0.005
0.004
0.004
0.003
0.003
0.004
0.006
0.009
0.014
0.031
0.068
0.123
0.198
0.292
0.391
0.481
0.534
0.536
0.492
0.373
0.214
0.051
-0.074
-0.13
-0.137
-0.119
-0.08
-0.03
0.0
0.01
0.01
0.002
-0.007
-0.021
-0.031
-0.038
-0.037
-0.028
-0.015
0.004
0.016
0.023
0.028
0.033
0.036
0.039
0.04
0.042
0.043
0.045
0.047
0.049
0.052
0.054
0.057
0.06
0.064
0.067
0.071
0.074
0.078
0.083
0.087
0.092
0.096
0.099
0.102
0.104
0.107
0.109
0.112
0.116
0.12
0.124
0.128
0.133
0.138
0.143
0.147
0.15
0.155
0.161
0.165
0.163
0.161
0.159
0.157
0.154
0.151
0.147
0.143
0.138
0.132
0.127
0.123
0.115
0.104
0.092
0.079
0.067
0.052
0.034
0.017
0.005
-0.001
-0.008
-0.016
-0.023
-0.027
-0.032
-0.036
-0.038
-0.039
-0.039
-0.037
-0.034
-0.031
-0.027
-0.023
-0.02
-0.015
-0.009
-0.004
0.0
0.004
0.007
0.01
0.011
0.013
0.015
0.018
0.02
0.018
0.015
0.012
0.011
0.01
0.008
0.005
0.004
0.002
0.0
-0.002
-0.004
-0.006
-0.008
-0.01
-0.012
-0.013
-0.015
-0.018
-0.022
-0.025
-0.027
-0.027
-0.025
-0.023
-0.02
-0.018
-0.016
-0.013
-0.01
-0.006
-0.005
-0.005
-0.005
-0.006
-0.006
-0.006
-0.006
-0.007
-0.008
-0.01
-0.01
-0.01
-0.01
-0.009
-0.009
-0.009
-0.008
-0.006
-0.003
-0.009
-0.014
-0.017
-0.019
-0.021
-0.023
-0.024
-0.026
-0.028
-0.031
-0.034
-0.038
-0.042
-0.049
-0.053
-0.049
-0.04
-0.03
-0.017
-0.008
0.002
0.018
0.032
0.042
0.048
0.051
0.054
0.057
0.06
0.065
0.069
0.072
0.074
0.077
0.079
0.08
0.081
0.081
0.082
0.081
0.079
0.076
0.073
0.07
0.066
0.063
0.057
0.051
0.046
0.041
0.037
0.034
0.03
0.027
0.024
0.023
0.024
0.027
0.031
0.036
0.043
0.055
0.062
0.071
0.083
0.105
0.139
0.184
0.241
0.314
0.395
0.468
0.491
0.479
0.395
0.253
0.1
-0.022
-0.082
-0.089
-0.067
-0.037
-0.029
-0.024
-0.02
-0.015
-0.011
-0.008
-0.005
-0.004
-0.002
0.0
0.0
0.001
0.001
0.002
0.004
0.006
0.008
0.01
0.011
0.012
0.013
0.014
0.016
0.02
0.029
0.037
0.041
0.044
0.046
0.048
0.049
0.051
0.054
0.057
0.059
0.062
0.065
0.069
0.072
0.077
0.083
0.088
0.092
0.097
0.101
0.106
0.111
0.116
0.12
0.124
0.126
0.129
0.132
0.135
0.137
0.137
0.134
0.13
0.125
0.121
0.115
0.109
0.101
0.093
0.086
0.08
0.073
0.068
0.065
0.06
0.052
0.035
0.015
-0.003
-0.019
-0.031
-0.042
-0.054
-0.072
-0.085
-0.092
-0.096
-0.099
-0.101
-0.102
-0.103
-0.103
-0.104
-0.106
-0.108
-0.109
-0.109
-0.108
-0.105
-0.102
-0.1
-0.099
-0.097
-0.095
-0.093
-0.091
-0.089
-0.088
-0.088
-0.087
-0.085
-0.083
-0.083
-0.083
-0.083
-0.082
-0.081
-0.08
-0.078
-0.077
-0.076
-0.075
-0.074
-0.072
-0.072
-0.073
-0.076
-0.079
-0.082
-0.084
-0.087
-0.089
-0.092
-0.095
-0.096
-0.097
-0.096
-0.095
-0.094
-0.094
-0.092
-0.091
-0.088
-0.086
-0.087
-0.09
-0.094
-0.096
-0.098
-0.099
-0.101
-0.103
-0.105
-0.107
-0.109
-0.111
-0.113
-0.113
-0.114
-0.113
-0.113
-0.112
-0.111
-0.111
-0.11
-0.108
-0.107
-0.106
-0.104
-0.102
-0.1
-0.098
-0.095
-0.091
-0.087
-0.083
-0.08
-0.077
-0.073
-0.07
-0.067
-0.064
-0.06
-0.056
-0.054
-0.055
-0.059
-0.067
-0.075
-0.082
-0.09
-0.098
-0.102
-0.104
-0.105
-0.107
-0.109
-0.112
-0.114
-0.115
-0.113
-0.107
-0.101
-0.096
-0.092
-0.087
-0.082
-0.077
-0.073
-0.068
-0.06
-0.028
0.025
0.097
0.182
0.258
0.293
0.291
0.244
0.146
0.022
-0.097
-0.187
-0.222
-0.233
-0.222
-0.189
-0.141
-0.115
-0.1
-0.091
-0.085
-0.08
-0.076
-0.073
-0.069
-0.065
-0.061
-0.057
-0.052
-0.047
-0.04
-0.032
-0.021
-0.012
-0.005
-0.002
-0.001
0.0
0.0
0.001
0.002
0.004
0.006
0.008
0.01
0.013
0.015
0.018
0.021
0.023
0.026
0.03
0.034
0.04
0.046
0.052
0.058
0.063
0.068
0.073
0.078
0.083
0.089
0.096
0.102
0.11
0.117
0.123
0.128
0.133
0.137
0.14
0.142
0.14
0.137
0.133
0.128
0.122
0.114
0.1
0.09
0.083
0.075
0.067
0.058
0.047
0.031
0.009
-0.004
-0.012
-0.019
-0.027
-0.034
-0.038
-0.042
-0.046
-0.048
-0.05
-0.051
-0.05
-0.048
-0.045
-0.041
-0.036
-0.032
-0.029
-0.025
-0.02
-0.016
-0.011
-0.007
-0.004
-0.001
0.001
0.004
0.006
0.008
0.009
0.009
0.01
0.011
0.012
0.014
0.016
0.019
0.021
0.023
0.026
0.029
0.032
0.034
0.036
0.038
0.04
0.042
0.045
0.048
0.051
0.054
0.057
0.06
0.063
0.066
0.069
0.071
0.073
0.074
0.076
0.078
0.08
0.083
0.085
0.087
0.089
0.092
0.095
0.099
0.102
0.105
0.108
0.11
0.114
0.117
0.122
0.125
0.127
0.127
0.127
0.126
0.125
0.124
0.122
0.121
0.119
0.117
0.115
0.114
0.116
0.119
0.123
0.128
0.135
0.147
0.156
0.164
0.171
0.178
0.187
0.193
0.199
0.203
0.206
0.207
0.206
0.203
0.199
0.194
0.187
0.176
0.162
0.154
0.149
0.145
0.141
0.138
0.136
0.134
0.134
0.133
0.134
0.134
0.135
0.137
0.139
0.142
0.147
0.152
0.162
0.185
0.22
0.265
0.324
0.396
0.472
0.543
0.591
0.597
0.579
0.498
0.381
0.259
0.147
0.06
0.024
0.012
0.023
0.057
0.084
0.093
0.097
0.093
0.084
0.075
0.064
0.064
0.074
0.082
0.089
0.094
0.094
0.088
0.081
0.077
0.073
0.07
0.067
0.064
0.063
0.061
0.061
0.06
0.059
0.058
0.058
0.058
0.059
0.059
0.058
0.058
0.058
0.059
0.063
0.068
0.075
0.084
0.098
0.107
0.112
0.115
0.118
0.12
0.121
0.123
0.125
0.127
0.13
0.132
0.136
0.144
0.161
0.172
0.178
0.182
0.185
0.186
0.184
0.181
0.176
0.17
0.159
0.138
0.12
0.107
0.094
0.078
0.06
0.043
0.025
0.005
-0.012
-0.026
-0.037
-0.05
-0.066
-0.084
-0.098
-0.114
-0.126
-0.134
-0.141
-0.147
-0.15
-0.152
-0.154
-0.155
-0.156
-0.157
-0.159
-0.16
-0.162
-0.164
-0.167
-0.169
-0.17
-0.172
-0.173
-0.175
-0.176
-0.179
-0.183
-0.186
-0.188
-0.189
-0.189
-0.188
-0.186
-0.184
-0.183
-0.181
-0.179
-0.177
-0.175
-0.174
-0.174
-0.176
-0.179
-0.183
-0.187
-0.19
-0.193
-0.196
-0.199
-0.202
-0.203
-0.204
-0.204
-0.202
-0.2
-0.197
-0.195
-0.193
-0.191
-0.189
-0.186
-0.184
-0.181
-0.179
-0.177
-0.176
-0.175
-0.173
-0.171
-0.169
-0.166
-0.161
-0.158
-0.157
-0.157
-0.158
-0.159
-0.162
-0.155
-0.149
-0.145
-0.141
-0.136
-0.13
-0.124
-0.12
-0.116
-0.112
-0.108
-0.104
-0.101
-0.098
-0.096
-0.093
-0.09
-0.086
-0.078
-0.067
-0.063
-0.061
-0.06
-0.058
-0.057
-0.057
-0.06
-0.065
-0.071
-0.079
-0.09
-0.096
-0.099
-0.103
-0.107
-0.109
-0.107
-0.102
-0.099
-0.097
-0.095
-0.093
-0.091
-0.088
-0.085
-0.08
-0.075
-0.065
-0.045
-0.01
0.032
0.086
0.161
0.259
0.366
0.461
0.494
0.482
0.388
0.233
0.069
-0.057
-0.11
-0.114
-0.086
-0.057
-0.05
-0.045
-0.04
-0.035
-0.028
-0.013
-0.002
0.001
0.003
-0.002
-0.008
-0.014
-0.017
-0.014
-0.006
0.004
0.015
0.019
0.022
0.025
0.017
0.009
0.003
0.001
0.005
0.014
0.024
0.035
0.043
0.05
0.055
0.06
0.065
0.069
0.073
0.075
0.078
0.083
0.088
0.094
0.101
0.111
0.119
0.125
0.132
0.138
0.146
0.156
0.165
0.175
0.183
0.188
0.193
0.198
0.202
0.205
0.208
0.21
0.212
0.214
0.215
0.216
0.215
0.212
0.208
0.202
0.192
0.175
0.159
0.143
0.128
0.117
0.106
0.079
0.05
0.041
0.032
0.022
0.016
0.01
0.006
0.001
-0.002
-0.007
-0.011
-0.015
-0.023
-0.035
-0.041
-0.044
-0.046
-0.048
-0.049
-0.049
-0.049
-0.049
-0.049
-0.049
-0.048
-0.047
-0.046
-0.044
-0.044
-0.043
-0.042
-0.041
-0.04
-0.038
-0.038
-0.038
-0.038
-0.038
-0.038
-0.038
-0.039
-0.039
-0.04
-0.041
-0.041
-0.041
-0.041
-0.041
-0.042
-0.042
-0.042
-0.043
-0.044
-0.045
-0.046
-0.048
-0.049
-0.05
-0.051
-0.052
-0.053
-0.054
-0.054
-0.054
-0.059
-0.063
-0.062
-0.057
-0.051
-0.048
-0.046
-0.045
-0.043
-0.043
-0.042
-0.041
-0.039
-0.039
-0.039
-0.038
-0.038
-0.038
-0.037
-0.036
-0.035
-0.035
-0.035
-0.035
-0.035
-0.033
-0.031
-0.029
-0.026
-0.024
-0.019
-0.007
0.002
0.011
0.021
0.033
0.049
0.069
0.092
0.113
0.134
0.147
0.154
0.159
0.161
0.158
0.151
0.143
0.136
0.129
0.121
0.113
0.106
0.097
0.084
0.066
0.053
0.04
0.027
0.01
0.0
-0.007
-0.013
-0.017
-0.019
-0.018
-0.015
-0.01
-0.004
0.005
0.025
0.06
0.107
0.173
0.26
0.362
0.459
0.505
0.5
0.424
0.277
0.101
-0.061
-0.167
-0.191
-0.187
-0.139
-0.087
-0.064
-0.053
-0.046
-0.042
-0.045
-0.052
-0.057
-0.062
-0.065
-0.067
-0.064
-0.058
-0.051
-0.047
-0.044
-0.041
-0.038
-0.035
-0.032
-0.028
-0.025
-0.022
-0.018
-0.015
-0.011
-0.008
-0.004
0.0
0.003
0.006
0.008
0.01
0.011
0.012
0.014
0.015
0.018
0.021
0.027
0.035
0.043
0.051
0.061
0.069
0.077
0.088
0.101
0.113
0.123
0.13
0.136
0.14
0.142
0.144
0.146
0.149
0.151
0.152
0.151
0.149
0.146
0.141
0.136
0.129
0.119
0.109
0.098
0.086
0.072
0.058
0.043
0.029
0.014
0.001
-0.009
-0.022
-0.037
-0.052
-0.067
-0.078
-0.085
-0.088
-0.089
-0.09
-0.091
-0.092
-0.092
-0.093
-0.094
-0.095
-0.095
-0.096
-0.098
-0.098
-0.098
-0.098
-0.097
-0.096
-0.095
-0.094
-0.093
-0.092
-0.091
-0.09
-0.089
-0.089
-0.088
-0.088
-0.087
-0.086
-0.086
-0.086
-0.086
-0.085
-0.085
-0.085
-0.084
-0.084
-0.084
-0.085
-0.085
-0.085
-0.084
-0.084
-0.085
-0.085
-0.085
-0.085
-0.084
-0.084
-0.084
-0.084
-0.085
-0.085
-0.085
-0.084
-0.084
-0.083
-0.081
-0.079
-0.077
-0.074
-0.071
-0.068
-0.067
-0.065
-0.063
-0.062
-0.06
-0.059
-0.058
-0.056
-0.052
-0.048
-0.043
-0.037
-0.032
-0.027
-0.023
-0.018
-0.013
-0.009
-0.005
-0.002
0.002
0.006
0.01
0.014
0.016
0.016
0.013
0.009
0.004
0.0
-0.005
-0.009
-0.013
-0.018
-0.023
-0.027
-0.032
-0.035
-0.038
-0.039
-0.04
-0.04
-0.04
-0.039
-0.037
-0.035
-0.032
-0.028
-0.023
-0.019
-0.008
0.014
0.049
0.092
0.143
0.201
0.262
0.323
0.344
0.334
0.304
0.206
0.085
-0.032
-0.124
-0.167
-0.183
-0.183
-0.172
-0.155
-0.133
-0.095
-0.05
-0.036
-0.031
-0.027
-0.026
-0.028
-0.032
-0.035
-0.038
-0.041
-0.041
-0.036
-0.031
-0.028
-0.026
-0.024
-0.021
-0.018
-0.014
-0.009
-0.003
0.001
0.006
0.01
0.014
0.018
0.021
0.025
0.029
0.032
0.036
0.038
0.04
0.043
0.046
0.05
0.055
0.065
0.075
0.087
0.098
0.11
0.123
0.137
0.144
0.148
0.152
0.155
0.158
0.16
0.162
0.164
0.164
0.164
0.164
0.163
0.16
0.158
0.155
0.151
0.147
0.142
0.136
0.123
0.111
0.101
0.088
0.074
0.057
0.043
0.031
0.021
0.014
0.007
0.001
-0.003
-0.01
-0.017
-0.024
-0.032
-0.04
-0.046
-0.049
-0.05
-0.05
-0.05
-0.051
-0.052
-0.053
-0.053
-0.053
-0.053
-0.053
-0.053
-0.052
-0.052
-0.051
-0.05
-0.049
-0.047
-0.046
-0.045
-0.045
-0.044
-0.044
-0.046
-0.049
-0.054
-0.061
-0.072
-0.093
-0.108
-0.116
-0.121
-0.124
-0.126
-0.126
-0.127
-0.127
-0.128
-0.128
-0.128
-0.129
-0.128
-0.126
-0.122
-0.117
-0.11
-0.099
-0.091
-0.087
-0.084
-0.082
-0.08
-0.078
-0.076
-0.075
-0.073
-0.07
-0.066
-0.061
-0.051
-0.029
-0.015
-0.008
-0.001
0.005
0.012
0.018
0.024
0.03
0.036
0.04
0.044
0.048
0.051
0.054
0.057
0.059
0.06
0.061
0.061
0.059
0.057
0.053
0.048
0.039
0.02
0.011
0.006
0.003
0.0
-0.002
-0.004
-0.005
-0.007
-0.008
-0.009
-0.01
-0.011
-0.011
-0.012
-0.014
-0.019
-0.011
0.012
0.046
0.092
0.152
0.226
0.307
0.388
0.451
0.46
0.444
0.359
0.232
0.086
-0.043
-0.112
-0.136
-0.127
-0.101
-0.066
-0.03
-0.018
-0.011
-0.007
-0.015
-0.023
-0.03
-0.034
-0.033
-0.025
-0.016
-0.008
0.001
0.007
0.007
0.005
0.002
0.0
-0.002
-0.004
-0.006
-0.006
-0.001
0.004
0.009
0.014
0.018
0.022
0.027
0.031
0.035
0.038
0.04
0.043
0.048
0.055
0.064
0.075
0.082
0.087
0.091
0.096
0.1
0.105
0.109
0.113
0.118
0.124
0.131
0.14
0.15
0.157
0.163
0.17
0.174
0.176
0.175
0.172
0.169
0.165
0.162
0.158
0.155
0.15
0.146
0.142
0.136
0.127
0.114
0.103
0.089
0.071
0.053
0.031
0.009
-0.006
-0.017
-0.023
-0.026
-0.029
-0.032
-0.034
-0.035
-0.037
-0.037
-0.037
-0.036
-0.036
-0.036
-0.035
-0.034
-0.034
-0.033
-0.032
-0.031
-0.03
-0.029
-0.025
-0.022
-0.021
-0.023
-0.025
-0.025
-0.025
-0.026
-0.026
-0.027
-0.028
-0.029
-0.031
-0.033
-0.034
-0.035
-0.036
-0.037
-0.037
-0.037
-0.037
-0.037
-0.037
-0.037
-0.038
-0.039
-0.041
-0.043
-0.044
-0.046
-0.047
-0.049
-0.05
-0.051
-0.052
-0.052
-0.052
-0.051
-0.051
-0.051
-0.051
-0.051
-0.051
-0.052
-0.052
-0.053
-0.054
-0.054
-0.055
-0.055
-0.055
-0.055
-0.054
-0.051
-0.047
-0.043
-0.039
-0.035
-0.031
-0.026
-0.021
-0.014
-0.008
-0.002
0.002
0.008
0.011
0.011
0.008
0.003
-0.002
-0.009
-0.018
-0.028
-0.038
-0.047
-0.054
-0.06
-0.066
-0.07
-0.074
-0.078
-0.083
-0.087
-0.087
-0.079
-0.069
-0.06
-0.05
-0.04
-0.035
-0.03
-0.02
-0.005
0.021
0.073
0.153
0.255
0.364
0.451
0.471
0.457
0.368
0.235
0.088
-0.045
-0.145
-0.182
-0.194
-0.185
-0.157
-0.122
-0.098
-0.094
-0.091
-0.088
-0.087
-0.086
-0.085
-0.084
-0.082
-0.08
-0.078
-0.076
-0.074
-0.073
-0.072
-0.07
-0.068
-0.066
-0.063
-0.057
-0.044
-0.04
-0.038
-0.036
-0.035
-0.034
-0.032
-0.031
-0.029
-0.027
-0.024
-0.022
-0.018
-0.014
-0.007
0.005
0.013
0.019
0.024
0.029
0.036
0.045
0.055
0.069
0.081
0.093
0.104
0.115
0.122
0.128
0.132
0.134
0.134
0.131
0.125
0.12
0.115
0.112
0.108
0.104
0.1
0.096
0.092
0.088
0.084
0.079
0.073
0.067
0.06
0.052
0.043
0.032
0.028
0.026
0.024
0.022
0.021
0.019
0.019
0.02
0.022
0.025
0.028
0.03
0.033
0.037
0.041
0.045
0.051
0.057
0.064
0.075
0.085
0.094
0.102
0.108
0.113
0.117
0.121
0.125
0.127
0.13
0.132
0.134
0.135
0.136
0.135
0.133
0.129
0.125
0.121
0.117
0.113
0.108
0.104
0.099
0.095
0.092
0.088
0.083
0.076
0.07
0.065
0.061
0.058
0.055
0.051
0.048
0.043
0.038
0.033
0.028
0.021
0.015
0.008
0.003
0.0
-0.003
-0.007
-0.009
-0.012
-0.013
-0.012
-0.01
-0.008
-0.005
-0.003
-0.001
0.0
0.003
0.006
0.009
0.011
0.012
0.013
0.014
0.014
0.013
0.012
0.01
0.008
0.005
0.001
-0.001
-0.005
-0.012
-0.026
-0.035
-0.044
-0.054
-0.066
-0.073
-0.077
-0.082
-0.085
-0.088
-0.089
-0.09
-0.09
-0.09
-0.089
-0.088
-0.087
-0.084
-0.08
-0.076
-0.058
-0.021
0.029
0.097
0.179
0.266
0.344
0.393
0.396
0.359
0.258
0.124
-0.011
-0.125
-0.199
-0.219
-0.218
-0.193
-0.16
-0.151
-0.145
-0.141
-0.138
-0.135
-0.127
-0.113
-0.104
-0.099
-0.096
-0.093
-0.093
-0.095
-0.097
-0.1
-0.103
-0.106
-0.108
-0.109
-0.107
-0.103
-0.098
-0.094
-0.09
-0.085
-0.08
-0.076
-0.072
-0.068
-0.063
-0.058
-0.052
-0.046
-0.041
-0.037
-0.034
-0.031
-0.028
-0.023
-0.019
-0.014
-0.008
0.0
0.011
0.02
0.026
0.032
0.036
0.041
0.047
0.054
0.059
0.064
0.068
0.07
0.072
0.072
0.07
0.066
0.061
0.056
0.05
0.042
0.035
0.03
0.025
0.016
0.001
-0.013
-0.031
-0.047
-0.059
-0.068
-0.081
-0.098
-0.113
-0.123
-0.129
-0.132
-0.134
-0.135
-0.136
-0.137
-0.136
-0.136
-0.136
-0.136
-0.135
-0.134
-0.133
-0.131
-0.13
-0.129
-0.128
-0.126
-0.123
-0.12
-0.118
-0.115
-0.113
-0.11
-0.107
-0.104
-0.101
-0.099
-0.098
-0.097
-0.096
-0.094
-0.092
-0.09
-0.089
-0.087
-0.085
-0.083
-0.081
-0.08
-0.079
-0.079
-0.079
-0.079
-0.079
-0.08
-0.08
-0.079
-0.079
-0.078
-0.077
-0.076
-0.075
-0.074
-0.073
-0.072
-0.07
-0.069
-0.067
-0.065
-0.063
-0.061
-0.058
-0.055
-0.052
-0.049
-0.046
-0.043
-0.039
-0.035
-0.029
-0.02
-0.01
-0.005
-0.002
0.0
0.002
0.003
0.003
0.003
0.003
0.003
0.001
0.0
-0.004
-0.008
-0.012
-0.022
-0.037
-0.042
-0.045
-0.048
-0.05
-0.051
-0.053
-0.053
-0.054
-0.054
-0.054
-0.053
-0.052
-0.049
-0.045
-0.042
-0.026
0.002
0.045
0.107
0.193
0.297
0.402
0.489
0.516
0.507
0.43
0.302
0.16
0.032
-0.058
-0.083
-0.092
-0.079
-0.058
-0.034
-0.009
0.004
0.012
0.009
-0.008
-0.018
-0.022
-0.025
-0.017
-0.007
0.002
0.013
0.021
0.025
0.027
0.031
0.034
0.038
0.042
0.044
0.046
0.048
0.05
0.052
0.054
0.056
0.057
0.058
0.06
0.062
0.064
0.066
0.068
0.07
0.073
0.077
0.081
0.086
0.091
0.096
0.102
0.109
0.118
0.126
0.133
0.141
0.15
0.162
0.168
0.173
0.177
0.18
0.182
0.183
0.182
0.181
0.179
0.176
0.172
0.164
0.15
0.139
0.133
0.125
0.117
0.107
0.096
0.087
0.076
0.061
0.044
0.029
0.015
0.002
-0.006
-0.011
-0.016
-0.021
-0.025
-0.029
-0.032
-0.036
-0.039
-0.043
-0.046
-0.049
-0.053
-0.056
-0.058
-0.06
-0.059
-0.058
-0.055
-0.053
-0.052
-0.051
-0.049
-0.047
-0.045
-0.043
-0.04
-0.037
-0.035
-0.033
-0.03
-0.028
-0.028
-0.029
-0.032
-0.035
-0.038
-0.04
-0.042
-0.044
-0.046
-0.048
-0.049
-0.049
-0.049
-0.049
-0.049
-0.047
-0.046
-0.044
-0.043
-0.041
-0.041
-0.04
-0.039
-0.038
-0.036
-0.035
-0.033
-0.031
-0.029
-0.027
-0.026
-0.024
-0.022
-0.02
-0.015
-0.006
0.003
0.016
0.032
0.044
0.051
0.057
0.063
0.07
0.076
0.077
0.07
0.053
0.028
0.004
-0.007
-0.017
-0.032
-0.045
-0.053
-0.057
-0.054
-0.046
-0.038
-0.027
-0.018
-0.01
-0.002
0.002
0.005
0.008
0.011
0.016
0.024
0.049
0.087
0.142
0.218
0.313
0.409
0.484
0.51
0.472
0.374
0.238
0.091
-0.041
-0.136
-0.163
-0.163
-0.137
-0.104
-0.072
-0.047
-0.037
-0.033
-0.03
-0.029
-0.031
-0.036
-0.04
-0.044
-0.046
-0.042
-0.035
-0.031
-0.028
-0.025
-0.023
-0.021
-0.019
-0.017
-0.015
-0.013
-0.011
-0.008
-0.007
-0.005
-0.002
0.0
0.003
0.005
0.008
0.011
0.013
0.016
0.02
0.024
0.028
0.033
0.037
0.042
0.047
0.053
0.058
0.065
0.075
0.09
0.099
0.104
0.108
0.112
0.116
0.12
0.13
0.142
0.148
0.151
0.153
0.155
0.154
0.152
0.148
0.144
0.136
0.122
0.114
0.109
0.106
0.103
0.1
0.098
0.094
0.087
0.071
0.056
0.049
0.043
0.038
0.033
0.027
0.019
0.013
0.007
0.005
0.003
0.001
0.0
-0.001
-0.002
-0.002
-0.002
-0.001
0.0
0.0
0.002
0.005
0.008
0.012
0.015
0.017
0.02
0.023
0.026
0.03
0.033
0.036
0.038
0.038
0.038
0.038
0.037
0.036
0.034
0.031
0.028
0.025
0.023
0.022
0.02
0.018
0.015
0.013
0.01
0.007
0.005
0.003
0.001
0.0
-0.001
-0.002
-0.003
-0.003
-0.005
-0.007
-0.01
-0.012
-0.013
-0.013
-0.012
-0.009
-0.005
-0.001
0.005
0.017
0.025
0.029
0.033
0.036
0.038
0.039
0.038
0.036
0.032
0.027
0.019
0.001
-0.014
-0.027
-0.04
-0.048
-0.053
-0.057
-0.06
-0.063
-0.066
-0.069
-0.071
-0.073
-0.076
-0.079
-0.082
-0.086
-0.089
-0.088
-0.086
-0.08
-0.072
-0.046
0.0
0.063
0.145
0.239
0.335
0.416
0.438
0.424
0.328
0.175
0.007
-0.134
-0.209
-0.234
-0.222
-0.187
-0.141
-0.115
-0.106
-0.103
-0.108
-0.118
-0.125
-0.133
-0.138
-0.138
-0.131
-0.123
-0.114
-0.103
-0.098
-0.095
-0.094
-0.094
-0.092
-0.091
-0.089
-0.088
-0.086
-0.084
-0.081
-0.078
-0.074
-0.07
-0.066
-0.062
-0.055
-0.047
-0.041
-0.037
-0.034
-0.03
-0.027
-0.024
-0.02
-0.015
-0.009
-0.003
0.001
0.006
0.012
0.017
0.022
0.026
0.03
0.036
0.044
0.052
0.06
0.069
0.077
0.081
0.083
0.085
0.088
0.089
0.089
0.085
0.078
0.07
0.059
0.048
0.034
0.016
0.0
-0.018
-0.03
-0.036
-0.041
-0.047
-0.053
-0.06
-0.066
-0.074
-0.081
-0.086
-0.092
-0.101
-0.11
-0.114
-0.117
-0.119
-0.118
-0.11
-0.105
-0.101
-0.098
-0.096
-0.094
-0.092
-0.09
-0.087
-0.085
-0.083
-0.082
-0.081
-0.08
-0.078
-0.076
-0.074
-0.072
-0.07
-0.069
-0.067
-0.066
-0.064
-0.063
-0.062
-0.062
-0.061
-0.061
-0.061
-0.06
-0.059
-0.059
-0.058
-0.057
-0.056
-0.054
-0.053
-0.052
-0.051
-0.05
-0.05
-0.05
-0.049
-0.049
-0.049
-0.048
-0.047
-0.046
-0.044
-0.043
-0.041
-0.04
-0.038
-0.036
-0.035
-0.034
-0.032
-0.031
-0.029
-0.027
-0.024
-0.017
-0.001
0.012
0.024
0.035
0.042
0.048
0.052
0.054
0.051
0.045
0.036
0.021
0.0
-0.01
-0.018
-0.021
-0.022
-0.022
-0.022
-0.023
-0.024
-0.025
-0.025
-0.025
-0.024
-0.022
-0.02
-0.017
-0.015
-0.012
-0.009
-0.004
0.0
0.003
0.012
0.041
0.086
0.149
0.229
0.318
0.404
0.467
0.474
0.45
0.355
0.218
0.072
-0.048
-0.128
-0.141
-0.136
-0.095
-0.056
-0.039
-0.033
-0.03
-0.03
-0.033
-0.038
-0.042
-0.048
-0.05
-0.046
-0.038
-0.03
-0.02
-0.013
-0.008
-0.003
0.0
0.007
0.013
0.018
0.022
0.026
0.03
0.033
0.035
0.036
0.038
0.04
0.043
0.045
0.049
0.056
0.064
0.069
0.073
0.077
0.081
0.083
0.086
0.088
0.09
0.092
0.095
0.097
0.1
0.103
0.108
0.113
0.12
0.127
0.132
0.136
0.14
0.143
0.145
0.147
0.147
0.146
0.145
0.143
0.14
0.136
0.128
0.11
0.096
0.089
0.082
0.075
0.067
0.053
0.035
0.024
0.017
0.009
0.0
-0.013
-0.036
-0.049
-0.056
-0.061
-0.065
-0.068
-0.071
-0.074
-0.076
-0.078
-0.081
-0.086
-0.094
-0.1
-0.102
-0.103
-0.104
-0.106
-0.107
-0.107
-0.108
-0.108
-0.108
-0.108
-0.108
-0.108
-0.107
-0.106
-0.105
-0.104
-0.102
-0.1
-0.095
-0.096
-0.105
-0.11
-0.113
-0.116
-0.118
-0.119
-0.12
-0.121
-0.122
-0.122
-0.121
-0.119
-0.116
-0.113
-0.111
-0.108
-0.105
-0.1
-0.095
-0.092
-0.09
-0.089
-0.087
-0.086
-0.086
-0.085
-0.084
-0.083
-0.081
-0.08
-0.077
-0.074
-0.071
-0.067
-0.058
-0.046
-0.035
-0.027
-0.02
-0.016
-0.012
-0.009
-0.005
-0.003
-0.006
-0.013
-0.024
-0.04
-0.053
-0.061
-0.068
-0.073
-0.077
-0.082
-0.085
-0.087
-0.085
-0.082
-0.078
-0.075
-0.072
-0.068
-0.064
-0.06
-0.054
-0.042
-0.028
-0.01
0.018
0.06
0.113
0.178
0.246
0.306
0.341
0.341
0.305
0.21
0.087
-0.034
-0.124
-0.146
-0.153
-0.139
-0.115
-0.093
-0.082
-0.074
-0.069
-0.066
-0.063
-0.061
-0.06
-0.058
-0.056
-0.053
-0.049
-0.046
-0.042
-0.038
-0.035
-0.032
-0.029
-0.027
-0.024
-0.022
-0.019
-0.016
-0.013
-0.01
-0.007
-0.003
0.0
0.003
0.007
0.01
0.012
0.014
0.017
0.02
0.024
0.027
0.032
0.037
0.043
0.052
0.063
0.069
0.074
0.078
0.082
0.087
0.094
0.106
0.124
0.136
0.144
0.15
0.155
0.16
0.165
0.167
0.161
0.151
0.144
0.138
0.134
0.129
0.124
0.12
0.116
0.111
0.1
0.081
0.066
0.055
0.044
0.03
0.014
0.006
0.002
-0.001
-0.004
-0.005
-0.006
-0.006
-0.005
-0.003
-0.001
0.002
0.005
0.009
0.013
0.017
0.02
0.023
0.025
0.027
0.029
0.031
0.033
0.034
0.036
0.037
0.039
0.041
0.045
0.049
0.052
0.055
0.058
0.061
0.064
0.066
0.069
0.071
0.073
0.076
0.079
0.084
0.091
0.102
0.105
0.109
0.112
0.102
0.089
0.077
0.065
0.05
0.032
0.017
0.007
-0.002
-0.008
-0.012
-0.015
-0.018
-0.019
-0.018
-0.016
-0.011
-0.006
-0.001
0.001
0.005
0.008
0.012
0.015
0.017
0.018
0.018
0.017
0.014
0.011
0.007
0.003
-0.003
-0.017
-0.029
-0.04
-0.049
-0.056
-0.062
-0.065
-0.067
-0.07
-0.072
-0.074
-0.076
-0.076
-0.077
-0.077
-0.077
-0.076
-0.076
-0.074
-0.072
-0.069
-0.067
-0.064
-0.049
-0.01
0.046
0.122
0.212
0.308
0.379
0.385
0.347
0.237
0.107
-0.012
-0.101
-0.142
-0.157
-0.157
-0.147
-0.141
-0.137
-0.135
-0.133
-0.13
-0.128
-0.125
-0.123
-0.121
-0.118
-0.115
-0.112
-0.109
-0.106
-0.103
-0.099
-0.095
-0.091
-0.087
-0.084
-0.081
-0.079
-0.077
-0.075
-0.073
-0.07
-0.067
-0.065
-0.063
-0.061
-0.059
-0.057
-0.055
-0.051
-0.045
-0.031
-0.023
-0.017
-0.012
-0.008
-0.003
0.002
0.008
0.014
0.02
0.026
0.032
0.038
0.043
0.048
0.052
0.056
0.06
0.062
0.064
0.066
0.068
0.07
0.074
0.076
0.076
0.07
0.062
0.056
0.051
0.047
0.043
0.038
0.034
0.029
0.024
0.018
0.011
0.004
-0.003
-0.01
-0.02
-0.031
-0.032
-0.032
-0.032
-0.031
-0.031
-0.031
-0.031
-0.031
-0.031
-0.03
-0.03
-0.03
-0.03
-0.029
-0.028
-0.027
-0.026
-0.026
-0.025
-0.024
-0.023
-0.023
-0.022
-0.021
-0.021
-0.021
-0.022
-0.021
-0.021
-0.021
-0.021
-0.022
-0.022
-0.023
-0.023
-0.022
-0.021
-0.02
-0.02
-0.019
-0.018
-0.018
-0.017
-0.016
-0.015
-0.014
-0.014
-0.013
-0.011
-0.008
-0.006
-0.005
-0.004
-0.004
-0.006
-0.008
-0.01
-0.015
-0.022
-0.011
-0.003
0.0
0.002
0.004
0.006
0.009
0.012
0.015
0.018
0.02
0.023
0.026
0.03
0.037
0.05
0.058
0.063
0.067
0.07
0.072
0.071
0.067
0.061
0.051
0.034
0.016
-0.001
-0.01
-0.015
-0.02
-0.023
-0.025
-0.026
-0.027
-0.027
-0.027
-0.027
-0.025
-0.023
-0.02
-0.017
-0.013
-0.007
0.0
0.016
0.03
0.049
0.073
0.115
0.176
0.257
0.353
0.447
0.496
0.491
0.418
0.272
0.11
-0.025
-0.101
-0.126
-0.112
-0.086
-0.069
-0.066
-0.064
-0.063
-0.062
-0.061
-0.06
-0.057
-0.054
-0.05
-0.047
-0.044
-0.041
-0.039
-0.036
-0.033
-0.03
-0.028
-0.027
-0.025
-0.024
-0.023
-0.022
-0.02
-0.018
-0.016
-0.014
-0.013
-0.011
-0.008
-0.004
0.0
0.004
0.009
0.014
0.02
0.026
0.033
0.038
0.042
0.047
0.052
0.06
0.07
0.08
0.089
0.097
0.105
0.112
0.119
0.123
0.126
0.128
0.13
0.132
0.133
0.133
0.133
0.131
0.128
0.125
0.121
0.116
0.112
0.105
0.098
0.091
0.084
0.075
0.063
0.047
0.035
0.023
0.01
-0.002
-0.015
-0.028
-0.041
-0.051
-0.058
-0.063
-0.067
-0.071
-0.073
-0.075
-0.077
-0.08
-0.082
-0.083
-0.083
-0.082
-0.08
-0.077
-0.075
-0.074
-0.072
-0.071
-0.069
-0.067
-0.065
-0.064
-0.063
-0.062
-0.062
-0.061
-0.061
-0.06
-0.059
-0.058
-0.055
-0.054
-0.055
-0.057
-0.057
-0.058
-0.058
-0.059
-0.06
-0.061
-0.062
-0.063
-0.065
-0.065
-0.065
-0.065
-0.065
-0.064
-0.063
-0.063
-0.062
-0.061
-0.06
-0.059
-0.058
-0.057
-0.056
-0.055
-0.054
-0.052
-0.049
-0.047
-0.044
-0.042
-0.039
-0.036
-0.034
-0.032
-0.03
-0.027
-0.024
-0.019
-0.015
-0.009
-0.003
0.001
0.006
0.011
0.016
0.02
0.024
0.029
0.04
0.05
0.052
0.053
0.054
0.052
0.045
0.035
0.019
0.002
-0.016
-0.027
-0.034
-0.039
-0.041
-0.04
-0.037
-0.033
-0.03
-0.027
-0.024
-0.02
-0.017
-0.012
-0.005
0.004
0.015
0.028
0.044
0.069
0.098
0.135
0.186
0.256
0.342
0.433
0.499
0.505
0.466
0.345
0.179
0.007
-0.122
-0.168
-0.167
-0.119
-0.061
-0.032
-0.022
-0.019
-0.022
-0.028
-0.033
-0.038
-0.042
-0.042
-0.039
-0.033
-0.027
-0.019
-0.013
-0.011
-0.009
-0.007
-0.006
-0.005
-0.003
-0.001
0.0
0.003
0.007
0.01
0.014
0.017
0.022
0.027
0.031
0.035
0.037
0.04
0.042
0.044
0.047
0.05
0.054
0.06
0.066
0.076
0.089
0.097
0.104
0.11
0.117
0.125
0.133
0.141
0.147
0.153
0.157
0.16
0.163
0.165
0.166
0.166
0.165
0.163
0.161
0.159
0.157
0.155
0.152
0.148
0.142
0.135
0.126
0.113
0.104
0.085
0.058
0.042
0.028
0.02
0.013
0.007
0.001
-0.004
-0.009
-0.014
-0.022
-0.035
-0.05
-0.062
-0.067
-0.069
-0.071
-0.073
-0.073
-0.072
-0.069
-0.066
-0.063
-0.062
-0.061
-0.059
-0.057
-0.055
-0.054
-0.052
-0.05
-0.049
-0.048
-0.047
-0.047
-0.048
-0.05
-0.051
-0.053
-0.054
-0.055
-0.056
-0.057
-0.058
-0.059
-0.059
-0.06
-0.061
-0.062
-0.064
-0.066
-0.067
-0.068
-0.069
-0.068
-0.067
-0.066
-0.065
-0.063
-0.058
-0.059
-0.065
-0.069
-0.071
-0.074
-0.075
-0.077
-0.077
-0.076
-0.074
-0.071
-0.068
-0.065
-0.063
-0.062
-0.061
-0.059
-0.058
-0.057
-0.057
-0.055
-0.054
-0.052
-0.051
-0.049
-0.048
-0.048
-0.047
-0.046
-0.045
-0.043
-0.041
-0.039
-0.037
-0.033
-0.025
-0.018
-0.013
-0.008
0.0
0.011
0.017
0.021
0.021
0.013
0.002
-0.012
-0.023
-0.029
-0.035
-0.041
-0.046
-0.05
-0.053
-0.056
-0.059
-0.06
-0.062
-0.062
-0.062
-0.062
-0.061
-0.059
-0.057
-0.053
-0.049
-0.041
-0.025
0.001
0.037
0.087
0.151
0.23
0.318
0.403
0.459
0.464
0.431
0.325
0.174
0.019
-0.097
-0.15
-0.167
-0.157
-0.126
-0.093
-0.06
-0.046
-0.036
-0.03
-0.041
-0.05
-0.055
-0.059
-0.061
-0.06
-0.059
-0.056
-0.052
-0.045
-0.031
-0.022
-0.018
-0.015
-0.013
-0.011
-0.009
-0.007
-0.005
-0.003
-0.001
0.002
0.009
0.017
0.024
0.029
0.036
0.043
0.048
0.052
0.057
0.061
0.065
0.069
0.075
0.084
0.091
0.096
0.1
0.105
0.112
0.122
0.135
0.15
0.157
0.161
0.163
0.165
0.167
0.168
0.168
0.169
0.168
0.167
0.165
0.162
0.16
0.157
0.151
0.144
0.136
0.128
0.119
0.112
0.106
0.1
0.095
0.088
0.081
0.07
0.054
0.038
0.02
-0.001
-0.02
-0.035
-0.045
-0.052
-0.059
-0.065
-0.064
-0.053
-0.045
-0.038
-0.033
-0.031
-0.03
-0.029
-0.029
-0.028
-0.027
-0.026
-0.025
-0.024
-0.024
-0.024
-0.024
-0.024
-0.024
-0.025
-0.026
-0.028
-0.029
-0.031
-0.033
-0.034
-0.035
-0.036
-0.037
-0.038
-0.038
-0.039
-0.039
-0.04
-0.04
-0.04
-0.04
-0.041
-0.042
-0.043
-0.044
-0.044
-0.044
-0.044
-0.045
-0.045
-0.046
-0.046
-0.047
-0.047
-0.049
-0.052
-0.055
-0.051
-0.044
-0.037
-0.03
-0.024
-0.019
-0.014
-0.007
-0.007
-0.013
-0.018
-0.022
-0.026
-0.028
-0.026
-0.022
-0.017
-0.012
-0.009
-0.006
-0.003
0.0
0.003
0.007
0.012
0.021
0.037
0.045
0.05
0.053
0.053
0.049
0.042
0.031
0.01
-0.005
-0.014
-0.02
-0.023
-0.023
-0.022
-0.021
-0.02
-0.018
-0.017
-0.021
-0.03
-0.037
-0.044
-0.049
-0.048
-0.043
-0.036
-0.026
-0.013
-0.003
0.011
0.026
0.049
0.081
0.132
0.203
0.284
0.365
0.412
0.41
0.354
0.234
0.092
-0.039
-0.132
-0.162
-0.172
-0.161
-0.128
-0.096
-0.07
-0.063
-0.059
-0.055
-0.052
-0.05
-0.048
-0.043
-0.036
-0.032
-0.029
-0.027
-0.025
-0.025
-0.027
-0.03
-0.034
-0.037
-0.042
-0.044
-0.039
-0.03
-0.022
-0.015
-0.008
-0.002
0.001
0.005
0.007
0.01
0.013
0.016
0.019
0.022
0.024
0.028
0.033
0.044
0.056
0.064
0.069
0.073
0.077
0.08
0.083
0.086
0.089
0.092
0.094
0.097
0.1
0.103
0.107
0.11
0.115
0.12
0.124
0.124
0.119
0.112
0.107
0.101
0.096
0.091
0.087
0.083
0.076
0.065
0.053
0.036
0.017
0.001
-0.014
-0.03
-0.047
-0.059
-0.065
-0.069
-0.071
-0.073
-0.074
-0.075
-0.076
-0.077
-0.077
-0.078
-0.078
-0.078
-0.078
-0.078
-0.077
-0.075
-0.072
-0.07
-0.068
-0.068
-0.067
-0.066
-0.065
-0.063
-0.062
-0.062
-0.062
-0.062
-0.062
-0.062
-0.061
-0.061
-0.061
-0.062
-0.062
-0.063
-0.062
-0.061
-0.061
-0.06
-0.06
-0.06
-0.06
-0.059
-0.057
-0.057
-0.057
-0.057
-0.057
-0.057
-0.056
-0.056
-0.056
-0.055
-0.055
-0.055
-0.055
-0.054
-0.054
-0.053
-0.053
-0.053
-0.052
-0.052
-0.051
-0.051
-0.05
-0.05
-0.049
-0.049
-0.048
-0.046
-0.044
-0.041
-0.037
-0.034
-0.03
-0.026
-0.021
-0.016
-0.011
-0.006
0.0
0.007
0.012
0.013
0.013
0.013
0.013
0.013
0.013
0.011
0.0
-0.006
-0.01
-0.013
-0.016
-0.019
-0.022
-0.024
-0.026
-0.028
-0.029
-0.029
-0.029
-0.029
-0.029
-0.028
-0.027
-0.026
-0.024
-0.022
-0.019
-0.016
-0.013
-0.006
0.01
0.04
0.088
0.158
0.245
0.336
0.416
0.438
0.426
0.343
0.221
0.094
-0.006
-0.048
-0.063
-0.063
-0.051
-0.042
-0.035
-0.03
-0.025
-0.021
-0.016
-0.005
0.017
0.032
0.039
0.043
0.047
0.048
0.049
0.051
0.054
0.057
0.059
0.061
0.063
0.065
0.067
0.068
0.07
0.072
0.075
0.077
0.08
0.082
0.085
0.088
0.09
0.093
0.095
0.098
0.101
0.104
0.107
0.111
0.114
0.117
0.12
0.122
0.124
0.127
0.129
0.132
0.135
0.137
0.139
0.14
0.14
0.139
0.138
0.136
0.134
0.131
0.128
0.125
0.122
0.119
0.115
0.11
0.1
0.089
0.082
0.075
0.064
0.051
0.041
0.027
0.01
-0.005
-0.023
-0.039
-0.051
-0.063
-0.075
-0.086
-0.095
-0.1
-0.103
-0.106
-0.109
-0.111
-0.114
-0.117
-0.12
-0.122
-0.124
-0.125
-0.127
-0.128
-0.129
-0.131
-0.132
-0.133
-0.133
-0.132
-0.131
-0.129
-0.128
-0.126
-0.124
-0.122
-0.119
-0.116
-0.112
-0.107
-0.106
-0.107
-0.111
-0.114
-0.117
-0.121
-0.124
-0.129
-0.134
-0.138
-0.14
-0.142
-0.144
-0.146
-0.148
-0.149
-0.15
-0.151
-0.152
-0.153
-0.153
-0.153
-0.152
-0.151
-0.149
-0.148
-0.146
-0.145
-0.143
-0.141
-0.139
-0.135
-0.127
-0.124
-0.123
-0.122
-0.121
-0.121
-0.12
-0.12
-0.119
-0.118
-0.116
-0.115
-0.114
-0.112
-0.11
-0.106
-0.099
-0.09
-0.083
-0.078
-0.073
-0.067
-0.061
-0.054
-0.044
-0.034
-0.023
-0.013
-0.005
0.003
0.011
0.016
0.018
0.021
0.022
0.022
0.017
0.011
0.006
0.001
-0.002
-0.005
-0.006
-0.005
-0.003
0.0
0.003
0.007
0.012
0.017
0.021
0.026
0.031
0.038
0.048
0.056
0.065
0.078
0.101
0.138
0.192
0.263
0.354
0.458
0.564
0.646
0.67
0.618
0.499
0.345
0.197
0.086
0.044
0.041
0.071
0.112
0.122
0.125
0.126
0.129
0.133
0.139
0.15
0.165
0.178
0.187
0.196
0.201
0.205
0.209
0.211
0.213
0.215
0.217
0.22
0.22
0.218
0.216
0.214
0.212
0.212
0.213
0.218
0.224
0.23
0.239
0.245
0.25
0.254
0.257
0.259
0.262
0.266
0.271
0.276
0.281
0.287
0.292
0.297
0.301
0.305
0.31
0.315
0.32
0.325
0.329
0.332
0.334
0.337
0.339
0.34
0.341
0.341
0.34
0.338
0.335
0.331
0.326
0.316
0.299
0.285
0.269
0.251
0.233
0.216
0.199
0.183
0.167
0.15
0.136
0.125
0.113
0.1
0.083
0.067
0.055
0.047
0.04
0.036
0.031
0.025
0.02
0.014
0.009
0.005
0.001
-0.001
-0.003
-0.004
-0.005
-0.006
-0.007
-0.008
-0.009
-0.01
-0.011
-0.012
-0.013
-0.014
-0.014
-0.015
-0.016
-0.017
-0.019
-0.021
-0.022
-0.024
-0.026
-0.029
-0.032
-0.034
-0.036
-0.038
-0.039
-0.04
-0.041
-0.042
-0.043
-0.044
-0.044
-0.046
-0.048
-0.051
-0.055
-0.059
-0.063
-0.067
-0.071
-0.075
-0.078
-0.079
-0.079
-0.078
-0.079
-0.08
-0.082
-0.083
-0.083
-0.082
-0.079
-0.077
-0.074
-0.072
-0.069
-0.07
-0.073
-0.078
-0.082
-0.087
-0.092
-0.096
-0.101
-0.104
-0.107
-0.111
-0.114
-0.116
-0.118
-0.12
-0.121
-0.121
-0.123
-0.127
-0.126
-0.12
-0.115
-0.11
-0.106
-0.101
-0.096
-0.091
-0.086
-0.083
-0.086
-0.094
-0.104
-0.116
-0.124
-0.135
-0.15
-0.165
-0.174
-0.175
-0.176
-0.177
-0.177
-0.171
-0.168
-0.166
-0.165
-0.163
-0.162
-0.161
-0.159
-0.158
-0.156
-0.153
-0.15
-0.136
-0.109
-0.072
-0.022
0.044
0.13
0.227
0.32
0.383
0.39
0.36
0.253
0.104
-0.043
-0.156
-0.211
-0.23
-0.221
-0.195
-0.172
-0.167
-0.164
-0.162
-0.16
-0.158
-0.156
-0.154
-0.152
-0.15
-0.148
-0.146
-0.142
-0.139
-0.136
-0.134
-0.131
-0.127
-0.124
-0.119
-0.113
-0.106
-0.099
-0.092
-0.087
-0.083
-0.08
-0.075
-0.061
-0.049
-0.043
-0.039
-0.035
-0.032
-0.029
-0.024
-0.017
-0.01
-0.004
0.0
0.004
0.011
0.02
0.035
0.057
0.073
0.083
0.09
0.096
0.106
0.117
0.122
0.124
0.127
0.128
0.129
0.13
0.13
0.129
0.128
0.126
0.123
0.12
0.116
0.109
0.097
0.09
0.08
0.066
0.051
0.036
0.023
0.013
0.005
-0.001
-0.007
-0.017
-0.031
-0.04
-0.047
-0.053
-0.058
-0.062
-0.065
-0.067
-0.068
-0.069
-0.07
-0.073
-0.08
-0.085
-0.089
-0.094
-0.096
-0.091
-0.083
-0.081
-0.079
-0.077
-0.076
-0.074
-0.073
-0.072
-0.071
-0.069
-0.069
-0.068
-0.068
-0.068
-0.068
-0.068
-0.068
-0.068
-0.069
-0.069
-0.069
-0.069
-0.069
-0.069
-0.069
-0.07
-0.07
-0.071
-0.071
-0.071
-0.072
-0.072
-0.072
-0.072
-0.073
-0.073
-0.074
-0.074
-0.074
-0.075
-0.075
-0.074
-0.074
-0.073
-0.073
-0.072
-0.072
-0.072
-0.071
-0.071
-0.071
-0.07
-0.07
-0.069
-0.068
-0.066
-0.065
-0.063
-0.061
-0.058
-0.055
-0.052
-0.048
-0.045
-0.041
-0.036
-0.029
-0.021
-0.014
-0.009
-0.003
0.002
0.009
0.014
0.014
0.01
0.003
-0.005
-0.018
-0.031
-0.043
-0.053
-0.06
-0.067
-0.07
-0.073
-0.076
-0.078
-0.08
-0.081
-0.082
-0.081
-0.08
-0.078
-0.074
-0.071
-0.067
-0.061
-0.051
-0.043
-0.035
-0.023
-0.002
0.042
0.11
0.196
0.291
0.379
0.427
0.427
0.377
0.256
0.109
-0.03
-0.138
-0.189
-0.195
-0.173
-0.128
-0.081
-0.058
-0.05
-0.047
-0.049
-0.054
-0.057
-0.061
-0.063
-0.062
-0.057
-0.048
-0.04
-0.029
-0.024
-0.021
-0.018
-0.015
-0.013
-0.011
-0.009
-0.006
-0.002
0.002
0.005
0.008
0.011
0.013
0.016
0.018
0.021
0.023
0.026
0.028
0.031
0.034
0.038
0.042
0.049
0.063
0.074
0.084
0.092
0.101
0.11
0.116
0.121
0.126
0.13
0.132
0.134
0.136
0.138
0.139
0.141
0.143
0.145
0.148
0.149
0.15
0.15
0.147
0.143
0.138
0.132
0.123
0.115
0.107
0.1
0.092
0.084
0.076
0.065
0.046
0.027
0.014
0.002
-0.002
-0.005
-0.008
-0.011
-0.013
-0.014
-0.016
-0.016
-0.017
-0.016
-0.016
-0.015
-0.013
-0.011
-0.009
-0.006
-0.003
0.0
0.001
0.004
0.007
0.01
0.013
0.016
0.018
0.02
0.021
0.021
0.022
0.022
0.022
0.022
0.022
0.022
0.022
0.022
0.021
0.021
0.021
0.021
0.02
0.021
0.021
0.021
0.02
0.019
0.019
0.019
0.018
0.017
0.017
0.017
0.016
0.016
0.015
0.015
0.014
0.014
0.014
0.013
0.012
0.011
0.01
0.009
0.008
0.007
0.005
0.004
0.002
0.002
0.003
0.007
0.011
0.016
0.021
0.028
0.038
0.046
0.049
0.051
0.053
0.055
0.056
0.056
0.051
0.043
0.03
0.008
-0.005
-0.014
-0.02
-0.023
-0.025
-0.027
-0.029
-0.03
-0.031
-0.031
-0.031
-0.032
-0.032
-0.031
-0.031
-0.029
-0.027
-0.023
-0.019
-0.014
-0.005
0.014
0.047
0.094
0.16
0.241
0.326
0.398
0.416
0.403
0.316
0.179
0.03
-0.096
-0.165
-0.189
-0.179
-0.148
-0.104
-0.079
-0.069
-0.066
-0.063
-0.06
-0.058
-0.056
-0.054
-0.053
-0.052
-0.051
-0.05
-0.049
-0.049
-0.049
-0.049
-0.048
-0.046
-0.044
-0.042
-0.041
-0.04
-0.038
-0.036
-0.034
-0.032
-0.03
-0.027
-0.023
-0.018
-0.012
-0.007
-0.003
0.0
0.003
0.007
0.012
0.017
0.023
0.029
0.035
0.049
0.066
0.073
0.078
0.082
0.087
0.092
0.099
0.106
0.115
0.122
0.127
0.132
0.136
0.141
0.144
0.144
0.137
0.127
0.118
0.108
0.099
0.093
0.088
0.082
0.077
0.07
0.063
0.055
0.045
0.031
0.017
-0.002
-0.021
-0.029
-0.033
-0.036
-0.039
-0.04
-0.042
-0.044
-0.045
-0.046
-0.047
-0.048
-0.049
-0.049
-0.051
-0.054
-0.055
-0.053
-0.049
-0.045
-0.042
-0.04
-0.039
-0.037
-0.035
-0.033
-0.031
-0.028
-0.027
-0.025
-0.024
-0.023
-0.023
-0.022
-0.021
-0.02
-0.019
-0.016
-0.012
-0.01
-0.011
-0.013
-0.015
-0.016
-0.018
-0.019
-0.02
-0.022
-0.024
-0.027
-0.029
-0.031
-0.032
-0.033
-0.034
-0.035
-0.036
-0.037
-0.038
-0.039
-0.04
-0.04
-0.04
-0.04
-0.039
-0.038
-0.037
-0.035
-0.033
-0.031
-0.028
-0.026
-0.023
-0.019
-0.011
-0.003
0.004
0.011
0.016
0.021
0.023
0.023
0.02
0.015
0.009
0.002
-0.01
-0.021
-0.034
-0.044
-0.048
-0.05
-0.051
-0.053
-0.055
-0.055
-0.055
-0.053
-0.051
-0.048
-0.046
-0.043
-0.04
-0.035
-0.03
-0.023
-0.01
0.006
0.034
0.069
0.12
0.186
0.265
0.343
0.408
0.427
0.418
0.346
0.227
0.09
-0.034
-0.123
-0.147
-0.155
-0.142
-0.12
-0.101
-0.091
-0.083
-0.071
-0.063
-0.059
-0.055
-0.053
-0.05
-0.048
-0.046
-0.045
-0.044
-0.043
-0.042
-0.041
-0.04
-0.038
-0.036
-0.035
-0.033
-0.032
-0.031
-0.03
-0.027
-0.025
-0.023
-0.019
-0.013
-0.01
-0.01
-0.01
-0.011
-0.012
-0.011
-0.006
0.001
0.014
0.028
0.046
0.059
0.066
0.07
0.074
0.078
0.081
0.084
0.088
0.093
0.101
0.109
0.115
0.119
0.123
0.125
0.127
0.129
0.13
0.131
0.132
0.134
0.137
0.139
0.135
0.125
0.111
0.09
0.068
0.048
0.028
0.009
-0.004
-0.015
-0.027
-0.033
-0.036
-0.039
-0.041
-0.043
-0.045
-0.047
-0.049
-0.051
-0.052
-0.053
-0.055
-0.056
-0.057
-0.058
-0.059
-0.061
-0.062
-0.063
-0.064
-0.065
-0.065
-0.063
-0.061
-0.058
-0.055
-0.051
-0.047
-0.043
-0.037
-0.033
-0.029
-0.026
-0.024
-0.021
-0.017
-0.014
-0.014
-0.018
-0.025
-0.03
-0.036
-0.04
-0.041
-0.042
-0.042
-0.043
-0.044
-0.044
-0.041
-0.035
-0.033
-0.032
-0.031
-0.03
-0.03
-0.029
-0.028
-0.027
-0.026
-0.025
-0.024
-0.023
-0.023
-0.022
-0.022
-0.022
-0.021
-0.02
-0.019
-0.018
-0.016
-0.013
-0.008
-0.004
0.0
0.004
0.01
0.018
0.025
0.031
0.035
0.038
0.039
0.038
0.035
0.03
0.025
0.02
0.012
0.004
-0.001
-0.009
-0.017
-0.021
-0.024
-0.028
-0.028
-0.025
-0.021
-0.017
-0.018
-0.026
-0.034
-0.041
-0.045
-0.048
-0.05
-0.054
-0.052
-0.044
-0.023
0.003
0.035
0.075
0.129
0.203
0.294
0.394
0.486
0.523
0.515
0.434
0.29
0.119
-0.032
-0.133
-0.161
-0.16
-0.129
-0.089
-0.064
-0.056
-0.065
-0.073
-0.08
-0.083
-0.081
-0.075
-0.066
-0.052
-0.04
-0.033
-0.029
-0.028
-0.027
-0.027
-0.026
-0.025
-0.024
-0.024
-0.024
-0.024
-0.024
-0.025
-0.026
-0.028
-0.029
-0.031
-0.035
-0.035
-0.028
-0.019
-0.006
0.003
0.011
0.019
0.028
0.041
0.049
0.052
0.055
0.059
0.063
0.068
0.074
0.083
0.096
0.105
0.114
0.123
0.131
0.135
0.137
0.139
0.141
0.143
0.144
0.144
0.143
0.142
0.14
0.138
0.134
0.129
0.118
0.103
0.093
0.081
0.071
0.063
0.055
0.046
0.034
0.022
0.013
0.004
-0.016
-0.044
-0.066
-0.072
-0.076
-0.079
-0.08
-0.081
-0.079
-0.076
-0.072
-0.068
-0.066
-0.063
-0.061
-0.058
-0.055
-0.053
-0.053
-0.053
-0.053
-0.054
-0.055
-0.055
-0.056
-0.056
-0.057
-0.058
-0.058
-0.058
-0.057
-0.055
-0.053
-0.051
-0.05
-0.049
-0.048
-0.046
-0.044
-0.043
-0.042
-0.041
-0.04
-0.039
-0.038
-0.037
-0.037
-0.037
-0.038
-0.039
-0.04
-0.041
-0.041
-0.042
-0.042
-0.043
-0.044
-0.044
-0.044
-0.045
-0.046
-0.049
-0.051
-0.048
-0.04
-0.034
-0.029
-0.025
-0.023
-0.021
-0.021
-0.019
-0.017
-0.015
-0.02
-0.026
-0.031
-0.029
-0.019
-0.009
-0.002
0.004
0.009
0.014
0.025
0.036
0.04
0.043
0.045
0.046
0.045
0.043
0.04
0.035
0.031
0.024
0.013
0.007
0.0
-0.011
-0.017
-0.02
-0.022
-0.025
-0.026
-0.028
-0.028
-0.029
-0.028
-0.028
-0.028
-0.027
-0.025
-0.022
-0.018
-0.014
0.001
0.035
0.082
0.143
0.221
0.316
0.414
0.497
0.539
0.516
0.423
0.274
0.1
-0.05
-0.121
-0.145
-0.137
-0.113
-0.086
-0.064
-0.06
-0.057
-0.054
-0.052
-0.051
-0.049
-0.048
-0.046
-0.045
-0.045
-0.044
-0.043
-0.043
-0.042
-0.042
-0.041
-0.039
-0.036
-0.031
-0.025
-0.018
-0.012
-0.006
0.0
0.004
0.01
0.014
0.017
0.02
0.022
0.025
0.027
0.029
0.032
0.033
0.034
0.036
0.037
0.04
0.043
0.05
0.066
0.079
0.088
0.097
0.107
0.122
0.135
0.144
0.151
0.155
0.158
0.16
0.162
0.159
0.153
0.146
0.141
0.136
0.131
0.127
0.124
0.122
0.12
0.118
0.113
0.101
0.084
0.068
0.051
0.034
0.015
-0.004
-0.016
-0.022
-0.027
-0.032
-0.037
-0.042
-0.046
-0.05
-0.053
-0.056
-0.059
-0.062
-0.064
-0.065
-0.065
-0.064
-0.064
-0.064
-0.064
-0.064
-0.064
-0.064
-0.064
-0.065
-0.065
-0.064
-0.062
-0.062
-0.061
-0.059
-0.058
-0.057
-0.056
-0.055
-0.055
-0.054
-0.055
-0.056
-0.057
-0.06
-0.062
-0.065
-0.069
-0.072
-0.075
-0.08
-0.086
-0.09
-0.094
-0.098
-0.1
-0.102
-0.104
-0.106
-0.108
-0.109
-0.11
-0.112
-0.113
-0.113
-0.114
-0.114
-0.114
-0.114
-0.114
-0.113
-0.113
-0.112
-0.112
-0.112
-0.113
-0.114
-0.114
-0.112
-0.108
-0.103
-0.099
-0.095
-0.09
-0.085
-0.079
-0.073
-0.067
-0.059
-0.051
-0.045
-0.04
-0.035
-0.031
-0.029
-0.031
-0.034
-0.038
-0.041
-0.044
-0.048
-0.049
-0.047
-0.043
-0.038
-0.03
-0.013
0.004
0.022
0.037
0.048
0.055
0.061
0.066
0.066
0.057
0.05
0.043
0.039
0.044
0.052
0.065
0.085
0.122
0.174
0.24
0.314
0.386
0.447
0.483
0.482
0.437
0.326
0.188
0.058
-0.039
-0.074
-0.075
-0.047
-0.01
0.002
0.008
0.012
0.007
0.002
0.0
-0.002
0.0
0.005
0.008
0.011
0.014
0.015
0.017
0.019
0.021
0.025
0.028
0.032
0.035
0.037
0.038
0.041
0.043
0.046
0.048
0.05
0.052
0.053
0.054
0.055
0.056
0.057
0.058
0.058
0.059
0.061
0.064
0.067
0.071
0.075
0.081
0.09
0.103
0.117
0.13
0.142
0.15
0.153
0.156
0.159
0.161
0.163
0.164
0.164
0.165
0.165
0.164
0.163
0.161
0.159
0.156
0.153
0.149
0.143
0.131
0.118
0.106
0.093
0.082
0.067
0.047
0.032
0.023
0.015
0.009
0.001
-0.007
-0.018
-0.023
-0.025
-0.027
-0.029
-0.031
-0.033
-0.034
-0.034
-0.035
-0.035
-0.036
-0.036
-0.035
-0.034
-0.032
-0.031
-0.029
-0.028
-0.027
-0.026
-0.024
-0.023
-0.022
-0.021
-0.02
-0.019
-0.019
-0.018
-0.017
-0.017
-0.016
-0.016
-0.016
-0.016
-0.015
-0.015
-0.014
-0.015
-0.015
-0.016
-0.016
-0.017
-0.017
-0.018
-0.019
-0.019
-0.019
-0.019
-0.019
-0.019
-0.019
-0.02
-0.021
-0.022
-0.023
-0.023
-0.024
-0.025
-0.027
-0.028
-0.029
-0.03
-0.031
-0.036
-0.04
-0.04
-0.035
-0.027
-0.02
-0.013
-0.006
-0.002
0.001
0.005
0.009
0.013
0.017
0.022
0.027
0.03
0.034
0.038
0.041
0.041
0.039
0.033
0.026
0.018
0.011
0.0
-0.01
-0.017
-0.022
-0.026
-0.029
-0.032
-0.034
-0.037
-0.038
-0.039
-0.039
-0.039
-0.038
-0.036
-0.034
-0.031
-0.027
-0.022
-0.012
0.006
0.033
0.069
0.119
0.187
0.269
0.353
0.423
0.453
0.417
0.314
0.166
0.009
-0.111
-0.164
-0.182
-0.172
-0.142
-0.1
-0.069
-0.055
-0.046
-0.04
-0.051
-0.062
-0.071
-0.075
-0.069
-0.059
-0.052
-0.046
-0.04
-0.037
-0.036
-0.037
-0.038
-0.039
-0.039
-0.041
-0.042
-0.037
-0.027
-0.022
-0.018
-0.016
-0.013
-0.011
-0.008
-0.005
-0.002
0.0
0.001
0.004
0.008
0.014
0.026
0.038
0.045
0.051
0.055
0.059
0.063
0.067
0.07
0.075
0.081
0.088
0.097
0.108
0.119
0.123
0.124
0.126
0.127
0.128
0.128
0.128
0.128
0.128
0.126
0.124
0.121
0.117
0.109
0.093
0.076
0.057
0.038
0.025
0.014
0.005
-0.001
-0.009
-0.016
-0.025
-0.035
-0.042
-0.052
-0.065
-0.072
-0.076
-0.078
-0.08
-0.081
-0.082
-0.082
-0.081
-0.08
-0.079
-0.077
-0.075
-0.074
-0.072
-0.07
-0.068
-0.066
-0.064
-0.062
-0.061
-0.061
-0.061
-0.061
-0.061
-0.061
-0.062
-0.063
-0.065
-0.067
-0.064
-0.059
-0.055
-0.052
-0.049
-0.047
-0.045
-0.044
-0.044
-0.046
-0.049
-0.051
-0.055
-0.06
-0.064
-0.062
-0.06
-0.057
-0.054
-0.052
-0.052
-0.055
-0.061
-0.066
-0.071
-0.075
-0.075
-0.071
-0.066
-0.057
-0.048
-0.045
-0.043
-0.042
-0.041
-0.041
-0.042
-0.044
-0.046
-0.048
-0.05
-0.053
-0.054
-0.053
-0.049
-0.045
-0.04
-0.033
-0.026
-0.018
-0.008
0.002
0.012
0.017
0.021
0.024
0.026
0.028
0.028
0.027
0.025
0.023
0.02
0.017
0.011
-0.003
-0.017
-0.026
-0.029
-0.029
-0.03
-0.031
-0.032
-0.032
-0.033
-0.033
-0.033
-0.033
-0.033
-0.033
-0.032
-0.031
-0.029
-0.026
-0.024
-0.021
-0.008
0.016
0.061
0.132
0.226
0.333
0.434
0.502
0.507
0.464
0.338
0.179
0.027
-0.083
-0.128
-0.133
-0.111
-0.089
-0.083
-0.077
-0.072
-0.061
-0.049
-0.04
-0.033
-0.034
-0.042
-0.05
-0.058
-0.059
-0.052
-0.042
-0.027
-0.02
-0.018
-0.016
-0.016
-0.015
-0.014
-0.012
-0.011
-0.008
-0.006
-0.005
-0.003
-0.001
0.001
0.003
0.006
0.011
0.021
0.028
0.033
0.042
0.054
0.06
0.063
0.065
0.067
0.07
0.073
0.076
0.079
0.085
0.094
0.103
0.111
0.12
0.128
0.135
0.141
0.147
0.153
0.158
0.161
0.164
0.166
0.166
0.165
0.162
0.157
0.15
0.135
0.12
0.103
0.084
0.07
0.064
0.06
0.055
0.047
0.036
0.017
0.0
-0.008
-0.018
-0.028
-0.037
-0.045
-0.051
-0.056
-0.059
-0.062
-0.064
-0.066
-0.067
-0.068
-0.069
-0.069
-0.069
-0.069
-0.068
-0.066
-0.064
-0.062
-0.059
-0.057
-0.055
-0.054
-0.052
-0.049
-0.047
-0.045
-0.044
-0.044
-0.044
-0.044
-0.045
-0.046
-0.047
-0.048
-0.05
-0.051
-0.053
-0.054
-0.056
-0.057
-0.059
-0.059
-0.059
-0.058
-0.057
-0.055
-0.053
-0.051
-0.05
-0.047
-0.045
-0.043
-0.041
-0.04
-0.04
-0.041
-0.042
-0.044
-0.047
-0.049
-0.051
-0.052
-0.054
-0.056
-0.057
-0.057
-0.057
-0.055
-0.053
-0.051
-0.049
-0.047
-0.046
-0.045
-0.044
-0.043
-0.042
-0.041
-0.04
-0.038
-0.037
-0.035
-0.033
-0.032
-0.031
-0.03
-0.029
-0.028
-0.026
-0.023
-0.017
-0.011
-0.005
0.0
0.005
0.01
0.015
0.019
0.02
0.021
0.022
0.023
0.026
0.025
0.018
0.011
0.006
0.0
-0.007
-0.015
-0.021
-0.026
-0.031
-0.036
-0.039
-0.041
-0.043
-0.044
-0.046
-0.049
-0.051
-0.053
-0.052
-0.049
-0.042
-0.034
-0.019
0.002
0.033
0.075
0.135
0.215
0.31
0.402
0.473
0.501
0.468
0.37
0.235
0.095
-0.019
-0.091
-0.122
-0.134
-0.135
-0.125
-0.111
-0.09
-0.064
-0.049
-0.043
-0.04
-0.038
-0.04
-0.043
-0.046
-0.049
-0.05
-0.05
-0.045
-0.039
-0.035
-0.031
-0.027
-0.023
-0.019
-0.015
-0.011
-0.006
-0.002
0.002
0.007
0.012
0.018
0.024
0.031
0.037
0.042
0.048
0.057
0.073
0.085
0.091
0.097
0.103
0.109
0.117
0.127
0.135
0.142
0.148
0.156
0.164
0.177
0.196
0.207
0.213
0.217
0.22
0.221
0.22
0.217
0.213
0.208
0.2
0.189
0.179
0.172
0.167
0.161
0.155
0.146
0.136
0.122
0.112
0.098
0.08
0.061
0.041
0.021
0.004
-0.003
-0.007
-0.01
-0.013
-0.016
-0.019
-0.022
-0.025
-0.028
-0.035
-0.046
-0.056
-0.06
-0.062
-0.065
-0.067
-0.069
-0.07
-0.07
-0.07
-0.068
-0.066
-0.064
-0.061
-0.058
-0.054
-0.051
-0.049
-0.046
-0.044
-0.041
-0.039
-0.037
-0.036
-0.035
-0.034
-0.035
-0.036
-0.038
-0.04
-0.043
-0.045
-0.047
-0.049
-0.051
-0.054
-0.057
-0.059
-0.06
-0.06
-0.059
-0.059
-0.058
-0.058
-0.057
-0.055
-0.053
-0.052
-0.051
-0.053
-0.055
-0.056
-0.057
-0.058
-0.06
-0.061
-0.062
-0.064
-0.064
-0.064
-0.064
-0.063
-0.062
-0.06
-0.059
-0.057
-0.055
-0.054
-0.053
-0.052
-0.052
-0.051
-0.05
-0.049
-0.047
-0.044
-0.042
-0.039
-0.036
-0.033
-0.031
-0.028
-0.025
-0.023
-0.02
-0.018
-0.015
-0.012
-0.008
-0.005
-0.003
0.0
0.0
0.0
0.0
0.0
-0.002
-0.005
-0.007
-0.01
-0.012
-0.016
-0.019
-0.024
-0.031
-0.038
-0.044
-0.049
-0.054
-0.06
-0.067
-0.073
-0.077
-0.081
-0.084
-0.087
-0.089
-0.089
-0.082
-0.072
-0.055
-0.03
0.01
0.056
0.11
0.174
0.25
0.33
0.398
0.416
0.403
0.318
0.184
0.037
-0.092
-0.182
-0.21
-0.21
-0.179
-0.142
-0.124
-0.11
-0.092
-0.083
-0.079
-0.077
-0.075
-0.073
-0.072
-0.07
-0.069
-0.067
-0.065
-0.064
-0.062
-0.061
-0.059
-0.057
-0.055
-0.051
-0.044
-0.037
-0.03
-0.022
-0.016
-0.011
-0.006
-0.002
0.002
0.007
0.011
0.014
0.017
0.02
0.022
0.025
0.028
0.031
0.033
0.036
0.039
0.044
0.052
0.066
0.079
0.089
0.095
0.1
0.105
0.11
0.114
0.117
0.12
0.123
0.126
0.129
0.131
0.132
0.132
0.131
0.129
0.127
0.123
0.118
0.109
0.09
0.071
0.053
0.038
0.027
0.013
-0.001
-0.015
-0.031
-0.039
-0.043
-0.047
-0.05
-0.052
-0.055
-0.058
-0.061
-0.064
-0.066
-0.068
-0.07
-0.073
-0.078
-0.087
-0.092
-0.096
-0.099
-0.102
-0.105
-0.106
-0.104
-0.098
-0.092
-0.088
-0.085
-0.082
-0.079
-0.076
-0.072
-0.068
-0.065
-0.061
-0.057
-0.053
-0.048
-0.044
-0.038
-0.032
-0.028
-0.026
-0.025
-0.024
-0.023
-0.023
-0.022
-0.021
-0.02
-0.02
-0.021
-0.024
-0.027
-0.031
-0.034
-0.038
-0.041
-0.044
-0.045
-0.042
-0.037
-0.031
-0.024
-0.016
-0.008
-0.001
0.006
0.016
0.029
0.043
0.059
0.081
0.104
0.126
0.148
0.174
0.206
0.227
0.234
0.239
0.243
0.244
0.243
0.238
0.23
0.219
0.194
0.175
0.165
0.156
0.149
0.142
0.136
0.132
0.129
0.126
0.124
0.122
0.119
0.117
0.116
0.114
0.113
0.11
0.108
0.106
0.105
0.103
0.1
0.097
0.094
0.091
0.087
0.083
0.079
0.074
0.064
0.056
0.056
0.062
0.071
0.085
0.109
0.152
0.202
0.261
0.327
0.393
0.432
0.446
0.422
0.349
0.231
0.098
-0.024
-0.114
-0.157
-0.172
-0.164
-0.138
-0.097
-0.054
-0.027
-0.017
-0.014
-0.018
-0.025
-0.031
-0.036
-0.04
-0.043
-0.043
-0.04
-0.036
-0.033
-0.032
-0.031
-0.029
-0.028
-0.027
-0.025
-0.024
-0.023
-0.021
-0.021
-0.02
-0.018
-0.017
-0.016
-0.015
-0.014
-0.012
-0.01
-0.008
-0.006
-0.003
0.0
0.005
0.015
0.025
0.034
0.042
0.051
0.06
0.068
0.076
0.084
0.088
0.092
0.095
0.097
0.1
0.102
0.103
0.104
0.104
0.104
0.103
0.102
0.1
0.097
0.094
0.09
0.086
0.082
0.074
0.066
0.058
0.05
0.036
0.016
-0.003
-0.024
-0.041
-0.052
-0.064
-0.079
-0.085
-0.088
-0.09
-0.092
-0.093
-0.095
-0.096
-0.097
-0.098
-0.099
-0.099
-0.1
-0.101
-0.102
-0.102
-0.102
-0.102
-0.102
-0.101
-0.1
-0.099
-0.097
-0.095
-0.093
-0.091
-0.089
-0.088
-0.088
-0.087
-0.086
-0.085
-0.085
-0.084
-0.084
-0.082
-0.08
-0.078
-0.075
-0.072
-0.07
-0.069
-0.069
-0.069
-0.069
-0.07
-0.071
-0.073
-0.074
-0.075
-0.076
-0.076
-0.077
-0.077
-0.078
-0.079
-0.08
-0.08
-0.08
-0.08
-0.079
-0.079
-0.077
-0.075
-0.072
-0.069
-0.065
-0.063
-0.061
-0.059
-0.057
-0.054
-0.052
-0.05
-0.048
-0.046
-0.043
-0.039
-0.035
-0.031
-0.027
-0.023
-0.019
-0.015
-0.01
-0.005
-0.001
0.001
0.003
0.005
0.007
0.008
0.01
0.011
0.014
0.015
0.006
-0.009
-0.017
-0.023
-0.028
-0.034
-0.038
-0.042
-0.045
-0.049
-0.05
-0.051
-0.051
-0.05
-0.049
-0.047
-0.045
-0.042
-0.037
-0.032
-0.026
-0.013
0.013
0.059
0.115
0.184
0.261
0.34
0.406
0.428
0.413
0.365
0.253
0.124
0.0
-0.102
-0.138
-0.152
-0.151
-0.138
-0.124
-0.109
-0.092
-0.08
-0.072
-0.066
-0.062
-0.058
-0.054
-0.051
-0.049
-0.047
-0.047
-0.046
-0.045
-0.044
-0.043
-0.041
-0.039
-0.036
-0.034
-0.031
-0.028
-0.026
-0.024
-0.021
-0.018
-0.015
-0.01
-0.005
0.0
0.006
0.011
0.016
0.02
0.024
0.029
0.034
0.04
0.047
0.054
0.06
0.067
0.072
0.078
0.083
0.09
0.098
0.107
0.115
0.123
0.133
0.142
0.147
0.149
0.15
0.151
0.153
0.155
0.157
0.157
0.149
0.139
0.128
0.115
0.103
0.091
0.078
0.065
0.054
0.044
0.034
0.026
0.019
0.012
0.004
-0.009
-0.03
-0.045
-0.054
-0.061
-0.066
-0.069
-0.072
-0.075
-0.077
-0.078
-0.076
-0.073
-0.07
-0.067
-0.065
-0.064
-0.063
-0.061
-0.06
-0.058
-0.057
-0.056
-0.055
-0.054
-0.054
-0.053
-0.052
-0.052
-0.051
-0.051
-0.051
-0.05
-0.049
-0.049
-0.048
-0.047
-0.047
-0.046
-0.045
-0.044
-0.042
-0.041
-0.041
-0.041
-0.041
-0.041
-0.041
-0.041
-0.041
-0.043
-0.044
-0.046
-0.047
-0.048
-0.049
-0.05
-0.052
-0.054
-0.055
-0.055
-0.054
-0.052
-0.051
-0.05
-0.05
-0.049
-0.049
-0.048
-0.048
-0.047
-0.047
-0.046
-0.045
-0.045
-0.044
-0.042
-0.041
-0.04
-0.039
-0.037
-0.034
-0.029
-0.022
-0.013
-0.005
0.002
0.008
0.013
0.018
0.022
0.025
0.027
0.027
0.026
0.024
0.022
0.019
0.015
0.011
0.005
-0.006
-0.017
-0.022
-0.026
-0.029
-0.032
-0.035
-0.038
-0.04
-0.041
-0.042
-0.042
-0.042
-0.04
-0.039
-0.036
-0.033
-0.029
-0.025
-0.02
-0.008
0.015
0.049
0.092
0.152
0.229
0.321
0.415
0.491
0.524
0.49
0.385
0.23
0.068
-0.062
-0.127
-0.149
-0.139
-0.111
-0.074
-0.059
-0.054
-0.053
-0.051
-0.05
-0.05
-0.049
-0.047
-0.045
-0.043
-0.041
-0.04
-0.039
-0.038
-0.037
-0.036
-0.034
-0.032
-0.03
-0.027
-0.023
-0.019
-0.014
-0.008
-0.003
0.001
0.005
0.008
0.011
0.014
0.017
0.019
0.021
0.024
0.026
0.028
0.031
0.034
0.038
0.045
0.058
0.072
0.084
0.094
0.104
0.114
0.125
0.139
0.152
0.158
0.163
0.166
0.168
0.17
0.172
0.173
0.173
0.173
0.172
0.17
0.168
0.165
0.16
0.155
0.144
0.121
0.103
0.089
0.077
0.061
0.044
0.035
0.03
0.026
0.022
0.018
0.014
0.009
0.0
-0.014
-0.028
-0.042
-0.055
-0.063
-0.066
-0.068
-0.069
-0.069
-0.07
-0.07
-0.07
-0.07
-0.069
-0.068
-0.065
-0.062
-0.059
-0.056
-0.054
-0.052
-0.05
-0.047
-0.046
-0.044
-0.043
-0.042
-0.04
-0.04
-0.039
-0.039
-0.039
-0.039
-0.039
-0.039
-0.039
-0.04
-0.04
-0.04
-0.039
-0.038
-0.038
-0.038
-0.038
-0.039
-0.04
-0.041
-0.041
-0.042
-0.043
-0.045
-0.047
-0.05
-0.053
-0.056
-0.062
-0.062
-0.055
-0.048
-0.042
-0.037
-0.033
-0.031
-0.028
-0.024
-0.024
-0.032
-0.036
-0.039
-0.041
-0.044
-0.045
-0.046
-0.047
-0.047
-0.047
-0.046
-0.044
-0.042
-0.039
-0.035
-0.031
-0.027
-0.021
-0.015
-0.011
-0.008
-0.006
-0.003
0.001
0.015
0.024
0.029
0.032
0.034
0.034
0.033
0.029
0.023
0.004
-0.022
-0.052
-0.062
-0.066
-0.068
-0.071
-0.072
-0.071
-0.067
-0.063
-0.06
-0.057
-0.054
-0.052
-0.048
-0.045
-0.041
-0.036
-0.026
-0.009
0.02
0.057
0.105
0.169
0.254
0.35
0.437
0.495
0.5
0.465
0.352
0.201
0.043
-0.086
-0.148
-0.169
-0.16
-0.132
-0.101
-0.077
-0.062
-0.054
-0.05
-0.047
-0.046
-0.044
-0.041
-0.038
-0.036
-0.034
-0.031
-0.029
-0.027
-0.025
-0.023
-0.02
-0.019
-0.017
-0.015
-0.012
-0.01
-0.007
-0.004
-0.001
0.002
0.006
0.009
0.013
0.016
0.02
0.028
0.042
0.049
0.052
0.055
0.056
0.058
0.059
0.062
0.064
0.067
0.07
0.075
0.085
0.104
0.119
0.131
0.142
0.148
0.151
0.154
0.157
0.158
0.16
0.161
0.161
0.161
0.161
0.16
0.159
0.157
0.155
0.151
0.147
0.139
0.121
0.104
0.086
0.067
0.05
0.033
0.014
0.001
-0.005
-0.009
-0.014
-0.018
-0.022
-0.025
-0.027
-0.029
-0.031
-0.033
-0.034
-0.034
-0.033
-0.029
