ECG
0.016
0.018
0.02
0.023
0.025
0.031
0.039
0.047
0.053
0.055
0.054
0.051
0.046
0.039
0.03
0.015
-0.007
-0.012
-0.015
-0.017
-0.019
-0.019
-0.012
-0.001
0.017
0.047
0.077
0.103
0.12
0.129
0.137
0.147
0.159
0.179
0.209
0.228
0.24
0.252
0.262
0.28
0.305
0.328
0.344
0.36
0.373
0.382
0.39
0.396
0.402
0.406
0.409
0.413
0.416
0.421
0.427
0.434
0.443
0.456
0.475
0.488
0.494
0.499
0.503
0.506
0.509
0.51
0.51
0.509
0.505
0.501
0.495
0.487
0.477
0.457
0.435
0.418
0.404
0.394
0.39
0.387
0.386
0.385
0.384
0.383
0.383
0.382
0.382
0.382
0.382
0.381
0.382
0.382
0.383
0.385
0.387
0.389
0.391
0.394
0.398
0.401
0.404
0.407
0.411
0.418
0.424
0.428
0.431
0.433
0.435
0.439
0.442
0.443
0.439
0.432
0.423
0.418
0.413
0.407
0.401
0.394
0.389
0.384
0.38
0.374
0.364
0.347
0.337
0.33
0.327
0.324
0.321
0.317
0.313
0.308
0.303
0.297
0.291
0.284
0.275
0.268
0.265
0.267
0.272
0.279
0.292
0.316
0.332
0.342
0.348
0.351
0.349
0.341
0.329
0.308
0.277
0.251
0.226
0.2
0.173
0.152
0.139
0.128
0.118
0.11
0.104
0.099
0.096
0.097
0.101
0.108
0.116
0.127
0.144
0.157
0.165
0.17
0.174
0.175
0.173
0.166
0.156
0.138
0.108
0.094
0.089
0.084
0.081
0.078
0.075
0.071
0.067
0.065
0.062
0.059
0.056
0.053
0.046
0.03
0.01
-0.003
-0.013
-0.023
-0.032
-0.039
-0.048
-0.065
-0.092
-0.109
-0.119
-0.125
-0.124
-0.115
-0.101
-0.088
-0.072
-0.057
-0.042
-0.026
-0.01
0.0
0.006
0.014
0.022
0.022
0.006
-0.037
-0.091
-0.156
-0.209
-0.226
-0.218
-0.193
-0.136
-0.058
0.031
0.124
0.208
0.258
0.277
0.277
0.256
0.224
0.186
0.152
0.122
0.107
0.1
0.095
0.09
0.083
0.076
0.07
0.065
0.062
0.058
0.054
0.049
0.045
0.042
0.039
0.038
0.038
0.039
0.041
0.043
0.047
0.051
0.055
0.059
0.063
0.068
0.075
0.081
0.083
0.079
0.071
0.06
0.043
0.01
-0.027
-0.055
-0.065
-0.07
-0.074
-0.076
-0.078
-0.081
-0.083
-0.086
-0.089
-0.092
-0.096
-0.099
-0.103
-0.109
-0.119
-0.13
-0.142
-0.155
-0.169
-0.185
-0.198
-0.208
-0.215
-0.223
-0.229
-0.231
-0.228
-0.22
-0.209
-0.194
-0.174
-0.161
-0.152
-0.146
-0.141
-0.133
-0.125
-0.115
-0.106
-0.097
-0.089
-0.081
-0.073
-0.064
-0.053
-0.038
-0.026
-0.016
-0.001
0.023
0.047
0.064
0.077
0.083
0.087
0.091
0.094
0.096
0.097
0.097
0.097
0.095
0.092
0.088
0.083
0.078
0.073
0.068
0.064
0.06
0.056
0.052
0.048
0.045
0.042
0.039
0.037
0.037
0.038
0.04
0.042
0.044
0.047
0.048
0.049
0.051
0.054
0.058
0.065
0.071
0.071
0.066
0.059
0.053
0.048
0.042
0.038
0.037
0.039
0.043
0.047
0.052
0.057
0.063
0.063
0.055
0.044
0.036
0.028
0.021
0.015
0.013
0.015
0.018
0.023
0.028
0.032
0.038
0.044
0.048
0.048
0.043
0.034
0.023
0.008
-0.014
-0.028
-0.037
-0.043
-0.049
-0.052
-0.054
-0.052
-0.048
-0.042
-0.037
-0.033
-0.029
-0.023
-0.018
-0.015
-0.016
-0.021
-0.026
-0.031
-0.036
-0.041
-0.048
-0.053
-0.056
-0.055
-0.051
-0.044
-0.037
-0.031
-0.025
-0.018
-0.011
-0.005
-0.001
0.002
0.003
0.004
0.005
0.006
0.007
0.008
0.009
0.01
0.011
0.013
0.015
0.017
0.017
0.015
0.012
0.008
0.005
0.001
-0.002
-0.006
-0.009
-0.013
-0.015
-0.018
-0.023
-0.03
-0.037
-0.041
-0.042
-0.041
-0.04
-0.039
-0.039
-0.037
-0.033
-0.035
-0.054
-0.081
-0.115
-0.145
-0.179
-0.242
-0.321
-0.406
-0.467
-0.488
-0.461
-0.378
-0.223
-0.031
0.152
0.284
0.322
0.318
0.263
0.191
0.119
0.058
0.01
-0.04
-0.059
-0.073
-0.067
-0.036
-0.003
0.021
0.036
0.045
0.044
0.034
0.017
-0.007
-0.047
-0.062
-0.067
-0.072
-0.076
-0.08
-0.083
-0.086
-0.088
-0.089
-0.09
-0.091
-0.092
-0.093
-0.094
-0.094
-0.095
-0.094
-0.094
-0.094
-0.094
-0.094
-0.095
-0.096
-0.097
-0.098
-0.099
-0.101
-0.103
-0.108
-0.121
-0.138
-0.151
-0.161
-0.17
-0.18
-0.191
-0.201
-0.21
-0.217
-0.225
-0.231
-0.237
-0.245
-0.258
-0.275
-0.282
-0.285
-0.288
-0.291
-0.292
-0.291
-0.287
-0.28
-0.271
-0.26
-0.241
-0.222
-0.202
-0.183
-0.164
-0.138
-0.108
-0.08
-0.049
-0.025
-0.01
0.002
0.012
0.026
0.042
0.058
0.065
0.069
0.074
0.077
0.08
0.081
0.081
0.08
0.079
0.077
0.075
0.073
0.07
0.067
0.065
0.063
0.061
0.057
0.053
0.049
0.045
0.043
0.042
0.041
0.04
0.041
0.042
0.044
0.047
0.05
0.051
0.053
0.054
0.054
0.055
0.057
0.058
0.06
0.063
0.066
0.07
0.074
0.077
0.079
0.08
0.08
0.079
0.079
0.078
0.077
0.077
0.076
0.077
0.078
0.08
0.082
0.084
0.085
0.086
0.086
0.085
0.083
0.08
0.076
0.071
0.067
0.063
0.06
0.057
0.055
0.052
0.048
0.045
0.043
0.042
0.043
0.045
0.047
0.05
0.052
0.053
0.055
0.056
0.057
0.058
0.058
0.059
0.06
0.061
0.062
0.063
0.065
0.066
0.066
0.066
0.066
0.066
0.066
0.067
0.069
0.07
0.071
0.072
0.077
0.081
0.081
0.073
0.058
0.033
0.003
-0.018
-0.04
-0.075
-0.119
-0.176
-0.247
-0.337
-0.428
-0.496
-0.501
-0.459
-0.312
-0.124
0.056
0.186
0.214
0.204
0.124
0.029
-0.031
-0.053
-0.052
-0.035
-0.02
-0.007
0.002
0.003
-0.002
-0.009
-0.014
-0.02
-0.025
-0.027
-0.024
-0.019
-0.013
-0.009
-0.006
-0.002
0.0
0.001
0.0
-0.001
-0.006
-0.012
-0.02
-0.028
-0.041
-0.054
-0.067
-0.073
-0.077
-0.081
-0.084
-0.087
-0.09
-0.093
-0.096
-0.1
-0.103
-0.108
-0.112
-0.118
-0.123
-0.128
-0.136
-0.145
-0.153
-0.161
-0.168
-0.175
-0.182
-0.189
-0.197
-0.204
-0.21
-0.215
-0.219
-0.223
-0.229
-0.237
-0.245
-0.254
-0.265
-0.285
-0.302
-0.31
-0.316
-0.299
-0.278
-0.258
-0.242
-0.222
-0.196
-0.168
-0.14
-0.12
-0.109
-0.097
-0.084
-0.071
-0.059
-0.048
-0.037
-0.029
-0.022
-0.017
-0.014
-0.011
-0.008
-0.004
-0.001
0.0
-0.001
-0.003
-0.004
-0.005
-0.006
-0.006
-0.007
-0.009
-0.011
-0.012
-0.01
-0.006
-0.002
0.0
0.0
0.0
0.001
0.002
0.005
0.006
0.007
0.008
0.009
0.01
0.01
0.011
0.01
0.01
0.01
0.01
0.01
0.01
0.011
0.012
0.013
0.014
0.015
0.015
0.014
0.014
0.014
0.014
0.013
0.013
0.012
0.012
0.013
0.013
0.014
0.013
0.012
0.011
0.01
0.01
0.009
0.009
0.008
0.007
0.006
0.007
0.007
0.008
0.009
0.009
0.009
0.009
0.01
0.01
0.011
0.012
0.013
0.014
0.015
0.016
0.017
0.018
0.02
0.021
0.022
0.023
0.025
0.028
0.03
0.032
0.032
0.031
0.027
0.021
0.014
0.007
0.0
-0.014
-0.023
-0.025
-0.026
-0.029
-0.032
-0.019
0.001
0.028
0.04
0.044
0.048
0.051
0.053
0.055
0.057
0.058
0.059
0.061
0.063
0.065
0.067
0.068
0.068
0.067
0.068
0.068
0.069
0.07
0.071
0.073
0.076
0.081
0.085
0.087
0.085
0.08
0.073
0.066
0.061
0.055
0.048
0.041
0.035
0.029
0.025
0.021
0.016
0.011
0.007
0.005
0.007
0.013
0.02
0.026
0.028
0.03
0.033
0.036
0.039
0.041
0.043
0.044
0.045
0.046
0.047
0.049
0.05
0.05
0.051
0.052
0.054
0.056
0.057
0.059
0.06
0.061
0.062
0.063
0.065
0.066
0.069
0.075
0.081
0.081
0.073
0.061
0.047
0.029
0.012
0.004
0.0
-0.004
-0.008
-0.012
-0.014
-0.015
-0.017
-0.017
-0.016
-0.014
-0.011
-0.007
-0.003
0.001
0.006
0.012
0.023
0.033
0.039
0.044
0.05
0.059
0.059
0.046
0.012
-0.04
-0.113
-0.201
-0.301
-0.395
-0.453
-0.455
-0.405
-0.285
-0.137
0.021
0.164
0.234
0.242
0.212
0.139
0.069
0.03
0.019
0.011
0.007
0.005
0.005
0.007
0.01
0.011
0.013
0.015
0.017
0.019
0.023
0.026
0.028
0.03
0.031
0.032
0.032
0.032
0.031
0.03
0.029
0.028
0.027
0.025
0.024
0.022
0.02
0.016
0.011
-0.002
-0.019
-0.031
-0.039
-0.046
-0.05
-0.051
-0.052
-0.053
-0.055
-0.055
-0.056
-0.056
-0.057
-0.059
-0.06
-0.062
-0.064
-0.068
-0.072
-0.08
-0.104
-0.121
-0.128
-0.134
-0.138
-0.143
-0.149
-0.154
-0.159
-0.164
-0.168
-0.172
-0.175
-0.179
-0.183
-0.186
-0.189
-0.19
-0.191
-0.192
-0.192
-0.192
-0.19
-0.188
-0.185
-0.181
-0.175
-0.169
-0.162
-0.153
-0.135
-0.12
-0.108
-0.094
-0.077
-0.052
-0.037
-0.028
-0.02
-0.014
-0.009
-0.004
0.0
0.002
0.004
0.006
0.008
0.011
0.015
0.019
0.022
0.022
0.021
0.017
0.013
0.01
0.008
0.006
0.003
0.001
0.0
-0.002
-0.004
-0.007
-0.009
-0.01
-0.011
-0.011
-0.011
-0.011
-0.011
-0.011
-0.01
-0.008
-0.007
-0.005
-0.003
0.0
0.002
0.005
0.009
0.013
0.017
0.021
0.031
0.041
0.045
0.048
0.05
0.054
0.059
0.058
0.045
0.037
0.033
0.029
0.026
0.022
0.017
0.012
0.008
0.005
0.0
-0.004
-0.011
-0.028
-0.056
-0.071
-0.081
-0.086
-0.083
-0.074
-0.044
0.007
0.038
0.063
0.081
0.081
0.062
0.031
0.004
-0.003
-0.007
-0.011
-0.013
-0.016
-0.019
-0.023
-0.027
-0.031
-0.035
-0.04
-0.045
-0.053
-0.061
-0.064
-0.061
-0.057
-0.052
-0.05
-0.049
-0.049
-0.049
-0.048
-0.047
-0.045
-0.044
-0.042
-0.041
-0.041
-0.042
-0.043
-0.044
-0.044
-0.044
-0.044
-0.043
-0.041
-0.039
-0.036
-0.033
-0.031
-0.029
-0.028
-0.027
-0.025
-0.022
-0.017
-0.01
-0.004
-0.002
-0.002
-0.005
-0.008
-0.012
-0.015
-0.019
-0.023
-0.027
-0.03
-0.033
-0.035
-0.036
-0.036
-0.035
-0.033
-0.03
-0.027
-0.024
-0.02
-0.017
-0.009
0.006
0.014
0.02
0.026
0.03
0.03
0.027
0.023
0.02
0.015
0.01
0.008
0.009
0.013
0.017
0.02
0.025
0.028
0.028
0.025
0.021
0.016
0.009
0.01
0.025
0.039
0.052
0.064
0.075
0.086
0.097
0.102
0.096
0.083
0.071
0.058
0.045
0.033
0.024
0.017
0.011
0.006
0.004
0.001
0.0
-0.001
-0.004
-0.005
-0.004
0.001
0.01
0.021
0.036
0.053
0.062
0.067
0.071
0.075
0.079
0.082
0.084
0.086
0.087
0.087
0.088
0.088
0.089
0.089
0.089
0.091
0.093
0.092
0.084
0.075
0.071
0.067
0.064
0.06
0.056
0.053
0.05
0.047
0.045
0.045
0.045
0.046
0.047
0.049
0.051
0.053
0.055
0.057
0.06
0.063
0.067
0.076
0.08
0.075
0.065
0.049
0.032
0.024
0.019
0.016
0.02
0.031
0.047
0.071
0.097
0.115
0.125
0.133
0.132
0.119
0.111
0.106
0.102
0.097
0.093
0.089
0.086
0.082
0.077
0.07
0.057
0.032
0.018
0.01
0.005
0.003
0.005
0.012
0.02
0.031
0.045
0.049
0.052
0.054
0.056
0.058
0.057
0.055
0.051
0.045
0.023
-0.014
-0.07
-0.154
-0.255
-0.367
-0.462
-0.493
-0.48
-0.38
-0.211
-0.017
0.137
0.205
0.21
0.169
0.117
0.072
0.058
0.049
0.044
0.033
0.011
-0.003
-0.009
-0.015
-0.019
-0.022
-0.024
-0.024
-0.023
-0.021
-0.018
-0.015
-0.012
-0.009
-0.004
0.0
0.007
0.014
0.017
0.013
0.006
-0.002
-0.008
-0.014
-0.02
-0.025
-0.029
-0.032
-0.036
-0.044
-0.059
-0.066
-0.069
-0.071
-0.073
-0.074
-0.075
-0.077
-0.079
-0.081
-0.083
-0.086
-0.089
-0.093
-0.105
-0.123
-0.13
-0.133
-0.135
-0.137
-0.138
-0.14
-0.144
-0.148
-0.153
-0.157
-0.162
-0.17
-0.176
-0.176
-0.173
-0.167
-0.163
-0.159
-0.154
-0.152
-0.152
-0.154
-0.157
-0.16
-0.164
-0.169
-0.173
-0.165
-0.15
-0.137
-0.124
-0.112
-0.102
-0.092
-0.081
-0.07
-0.058
-0.049
-0.041
-0.027
-0.001
0.021
0.037
0.045
0.048
0.051
0.053
0.054
0.055
0.057
0.058
0.058
0.058
0.058
0.059
0.06
0.061
0.063
0.067
0.065
0.053
0.046
0.041
0.038
0.034
0.032
0.03
0.03
0.03
0.031
0.033
0.036
0.04
0.045
0.03
0.02
0.014
0.009
0.004
0.001
0.0
0.0
0.001
0.004
0.007
0.011
0.015
0.019
0.024
0.03
0.035
0.04
0.046
0.051
0.057
0.062
0.068
0.072
0.076
0.079
0.082
0.083
0.084
0.083
0.082
0.079
0.076
0.073
0.068
0.063
0.053
0.028
0.013
0.003
-0.003
-0.003
0.002
0.014
0.033
0.066
0.092
0.111
0.112
0.098
0.077
0.052
0.036
0.025
0.027
0.042
0.049
0.053
0.057
0.06
0.063
0.065
0.066
0.068
0.069
0.068
0.068
0.066
0.063
0.059
0.055
0.051
0.047
0.04
0.015
0.0
-0.004
-0.009
-0.013
-0.016
-0.018
-0.02
-0.021
-0.023
-0.025
-0.027
-0.029
-0.03
-0.031
-0.031
-0.031
-0.029
-0.028
-0.026
-0.024
-0.021
-0.019
-0.016
-0.013
-0.009
-0.006
-0.003
0.0
0.01
0.019
0.022
0.023
0.024
0.025
0.027
0.029
0.031
0.032
0.031
0.027
0.021
0.014
0.006
0.0
-0.011
-0.021
-0.027
-0.029
-0.03
-0.031
-0.032
-0.033
-0.035
-0.035
-0.035
-0.032
-0.027
-0.02
-0.012
-0.005
0.002
0.011
0.015
0.016
0.017
0.017
0.017
0.016
0.017
0.017
0.016
0.016
0.016
0.016
0.015
0.015
0.014
0.014
0.013
0.012
0.012
0.012
0.012
0.013
0.014
0.014
0.014
0.014
0.014
0.014
0.013
0.013
0.012
0.012
0.012
0.012
0.012
0.013
0.012
0.011
0.011
0.01
0.006
0.003
0.002
0.004
0.008
0.011
0.014
0.018
0.021
0.021
0.02
0.018
0.016
0.014
0.012
0.009
0.004
0.0
-0.002
-0.002
-0.001
0.0
0.002
0.005
0.012
0.012
0.003
0.0
-0.001
-0.003
-0.005
-0.007
-0.007
-0.008
-0.008
-0.009
-0.01
-0.01
-0.01
-0.01
-0.01
-0.01
-0.01
-0.01
-0.01
-0.009
-0.008
-0.008
-0.009
-0.01
-0.011
-0.011
-0.012
-0.015
-0.016
-0.012
-0.003
0.005
0.015
0.024
0.033
0.04
0.046
0.051
0.053
0.051
0.045
0.039
0.032
0.023
0.013
0.003
-0.003
-0.008
-0.012
-0.016
-0.018
-0.02
-0.02
-0.017
-0.013
-0.008
-0.002
0.002
0.008
0.017
0.025
0.03
0.033
0.035
0.036
0.038
0.04
0.042
0.045
0.046
0.046
0.045
0.043
0.042
0.04
0.039
0.038
0.036
0.035
0.033
0.032
0.03
0.029
0.027
0.024
0.021
0.018
0.015
0.011
0.006
0.001
-0.004
-0.007
-0.009
-0.011
-0.013
-0.014
-0.015
-0.017
-0.018
-0.018
-0.018
-0.018
-0.018
-0.017
-0.014
-0.01
-0.006
-0.002
0.001
0.005
0.009
0.012
0.016
0.018
0.02
0.02
0.019
0.018
0.016
0.015
0.014
0.013
0.011
0.009
0.007
0.005
0.004
0.003
0.002
0.0
-0.002
-0.005
-0.01
-0.018
-0.027
-0.032
-0.036
-0.04
-0.043
-0.045
-0.046
-0.045
-0.043
-0.04
-0.037
-0.033
-0.03
-0.026
-0.022
-0.018
-0.014
-0.011
-0.007
-0.003
0.003
0.016
0.035
0.047
0.055
0.053
0.035
-0.013
-0.084
-0.177
-0.291
-0.407
-0.502
-0.523
-0.509
-0.415
-0.265
-0.09
0.065
0.161
0.175
0.15
0.074
0.004
-0.024
-0.033
-0.019
-0.01
-0.005
0.0
0.001
0.003
0.003
0.004
0.004
0.004
0.004
0.004
0.002
0.0
-0.002
-0.005
-0.009
-0.015
-0.018
-0.012
-0.001
0.005
0.012
0.018
0.021
0.021
0.016
0.008
-0.002
-0.023
-0.047
-0.053
-0.056
-0.058
-0.061
-0.063
-0.065
-0.068
-0.071
-0.075
-0.079
-0.085
-0.092
-0.11
-0.127
-0.13
-0.133
-0.132
-0.121
-0.114
-0.108
-0.103
-0.101
-0.103
-0.107
-0.114
-0.123
-0.138
-0.168
-0.185
-0.195
-0.202
-0.207
-0.209
-0.21
-0.211
-0.212
-0.213
-0.213
-0.213
-0.214
-0.214
-0.215
-0.215
-0.215
-0.212
-0.207
-0.2
-0.19
-0.176
-0.16
-0.146
-0.135
-0.122
-0.109
-0.088
-0.056
-0.034
-0.024
-0.016
-0.009
-0.003
0.002
0.006
0.009
0.012
0.013
0.015
0.017
0.019
0.021
0.024
0.026
0.029
0.032
0.036
0.04
0.044
0.049
0.054
0.061
0.069
0.073
0.074
0.075
0.076
0.076
0.077
0.077
0.078
0.079
0.079
0.078
0.078
0.077
0.076
0.075
0.075
0.074
0.074
0.074
0.074
0.075
0.077
0.079
0.081
0.083
0.086
0.088
0.091
0.094
0.097
0.101
0.104
0.108
0.112
0.116
0.119
0.12
0.121
0.119
0.116
0.112
0.108
0.104
0.1
0.098
0.095
0.092
0.09
0.087
0.085
0.083
0.081
0.078
0.076
0.075
0.074
0.075
0.076
0.078
0.08
0.082
0.084
0.087
0.09
0.093
0.095
0.097
0.098
0.1
0.103
0.107
0.111
0.114
0.114
0.114
0.113
0.112
0.111
0.11
0.108
0.106
0.104
0.102
0.1
0.097
0.093
0.087
0.081
0.075
0.07
0.066
0.064
0.061
0.059
0.057
0.055
0.054
0.052
0.05
0.048
0.045
0.043
0.042
0.041
0.041
0.04
0.04
0.04
0.041
0.042
0.043
0.043
0.042
0.041
0.041
0.041
0.041
0.04
0.038
0.037
0.035
0.035
0.034
0.032
0.03
0.026
0.023
0.019
0.016
0.013
0.008
0.003
-0.001
-0.006
-0.011
-0.02
-0.027
-0.027
-0.021
-0.013
-0.005
0.003
0.012
0.021
0.029
0.034
0.04
0.046
0.05
0.053
0.054
0.054
0.054
0.055
0.057
0.059
0.061
0.062
0.062
0.059
0.054
0.052
0.05
0.048
0.044
0.04
0.036
0.029
0.018
-0.019
-0.102
-0.215
-0.345
-0.468
-0.562
-0.576
-0.555
-0.429
-0.231
-0.005
0.194
0.297
0.308
0.263
0.174
0.1
0.068
0.062
0.057
0.051
0.043
0.036
0.029
0.019
0.012
0.009
0.009
0.009
0.011
0.012
0.013
0.014
0.015
0.015
0.011
0.004
-0.001
-0.005
-0.008
-0.013
-0.018
-0.023
-0.027
-0.031
-0.034
-0.037
-0.039
-0.041
-0.043
-0.045
-0.046
-0.047
-0.05
-0.053
-0.056
-0.059
-0.062
-0.064
-0.066
-0.069
-0.071
-0.074
-0.077
-0.08
-0.084
-0.09
-0.096
-0.102
-0.108
-0.115
-0.123
-0.133
-0.144
-0.154
-0.165
-0.175
-0.184
-0.192
-0.201
-0.209
-0.217
-0.222
-0.227
-0.231
-0.234
-0.238
-0.24
-0.241
-0.241
-0.24
-0.239
-0.236
-0.233
-0.23
-0.225
-0.214
-0.187
-0.154
-0.125
-0.102
-0.085
-0.067
-0.044
-0.014
0.013
0.033
0.049
0.056
0.06
0.064
0.067
0.07
0.072
0.074
0.076
0.077
0.079
0.08
0.08
0.081
0.082
0.082
0.082
0.082
0.082
0.082
0.084
0.086
0.084
0.075
0.062
0.052
0.042
0.033
0.029
0.029
0.029
0.028
0.028
0.028
0.029
0.029
0.03
0.031
0.035
0.04
0.046
0.05
0.054
0.057
0.061
0.064
0.067
0.069
0.071
0.073
0.074
0.075
0.076
0.075
0.073
0.071
0.069
0.067
0.065
0.062
0.059
0.056
0.054
0.052
0.049
0.046
0.043
0.039
0.036
0.034
0.032
0.03
0.028
0.027
0.027
0.028
0.028
0.029
0.03
0.03
0.031
0.032
0.033
0.034
0.034
0.035
0.036
0.037
0.038
0.039
0.039
0.039
0.038
0.036
0.034
0.031
0.028
0.024
0.021
0.019
0.018
0.016
0.014
0.011
0.008
0.005
0.003
0.001
0.0
0.0
-0.001
0.0
0.001
0.003
0.006
0.008
0.01
0.011
0.012
0.013
0.015
0.016
0.018
0.021
0.031
0.037
0.031
0.019
0.011
0.006
0.001
-0.003
-0.005
-0.006
-0.006
-0.004
-0.001
0.002
0.006
0.009
0.012
0.015
0.018
0.02
0.022
0.023
0.022
0.019
0.015
0.01
0.005
0.001
-0.005
-0.011
-0.017
-0.02
-0.018
-0.015
-0.01
-0.006
-0.004
-0.002
0.0
0.002
0.004
0.005
0.005
0.003
0.0
-0.005
-0.01
-0.015
-0.019
-0.022
-0.025
-0.028
-0.031
-0.033
-0.035
-0.037
-0.037
-0.038
-0.039
-0.04
-0.04
-0.04
-0.04
-0.039
-0.038
-0.038
-0.037
-0.035
-0.033
-0.032
-0.031
-0.029
-0.028
-0.026
-0.025
-0.023
-0.021
-0.02
-0.019
-0.017
-0.015
-0.013
-0.012
-0.009
-0.005
-0.001
0.002
0.003
0.003
0.002
0.0
-0.005
-0.011
-0.035
-0.087
-0.154
-0.233
-0.322
-0.405
-0.456
-0.456
-0.406
-0.277
-0.11
0.061
0.214
0.32
0.356
0.352
0.296
0.215
0.128
0.056
0.01
-0.004
-0.012
-0.015
-0.011
-0.003
0.003
0.008
0.013
0.017
0.021
0.024
0.026
0.026
0.026
0.025
0.024
0.023
0.022
0.022
0.021
0.021
0.02
0.019
0.018
0.017
0.016
0.015
0.013
0.012
0.011
0.009
0.006
0.003
0.0
-0.004
-0.012
-0.031
-0.044
-0.053
-0.06
-0.065
-0.069
-0.07
-0.069
-0.066
-0.063
-0.058
-0.052
-0.048
-0.053
-0.064
-0.075
-0.086
-0.097
-0.11
-0.121
-0.132
-0.143
-0.152
-0.16
-0.165
-0.169
-0.173
-0.176
-0.179
-0.18
-0.182
-0.183
-0.182
-0.181
-0.179
-0.176
-0.172
-0.165
-0.157
-0.148
-0.127
-0.09
-0.071
-0.06
-0.05
-0.037
-0.024
-0.011
0.001
0.014
0.027
0.039
0.048
0.056
0.063
0.069
0.075
0.081
0.087
0.092
0.098
0.102
0.107
0.112
0.116
0.119
0.12
0.12
0.116
0.111
0.104
0.098
0.092
0.086
0.083
0.078
0.074
0.07
0.067
0.064
0.061
0.058
0.055
0.053
0.052
0.051
0.05
0.05
0.05
0.051
0.052
0.053
0.054
0.055
0.056
0.057
0.059
0.06
0.061
0.063
0.065
0.067
0.069
0.072
0.074
0.075
0.075
0.075
0.075
0.075
0.076
0.076
0.076
0.077
0.079
0.082
0.084
0.086
0.085
0.081
0.076
0.07
0.065
0.061
0.058
0.055
0.053
0.051
0.049
0.048
0.048
0.047
0.046
0.045
0.043
0.041
0.039
0.037
0.035
0.034
0.032
0.03
0.028
0.026
0.023
0.02
0.016
0.01
0.004
-0.001
-0.005
-0.009
-0.012
-0.014
-0.016
-0.018
-0.019
-0.021
-0.021
-0.021
-0.022
-0.023
-0.024
-0.025
-0.027
-0.029
-0.03
-0.032
-0.033
-0.034
-0.036
-0.038
-0.04
-0.042
-0.044
-0.047
-0.05
-0.055
-0.06
-0.064
-0.065
-0.063
-0.059
-0.053
-0.047
-0.042
-0.039
-0.036
-0.032
-0.029
-0.026
-0.023
-0.02
-0.018
-0.015
-0.012
-0.011
-0.01
-0.011
-0.012
-0.014
-0.015
-0.017
-0.019
-0.022
-0.025
-0.028
-0.031
-0.035
-0.04
-0.044
-0.054
-0.074
-0.078
-0.082
-0.085
-0.083
-0.065
-0.048
-0.032
-0.022
-0.016
-0.008
0.0
-0.018
-0.048
-0.082
-0.144
-0.213
-0.297
-0.384
-0.462
-0.488
-0.467
-0.4
-0.231
-0.033
0.149
0.253
0.268
0.239
0.16
0.082
0.053
0.041
0.035
0.024
0.007
-0.009
-0.024
-0.039
-0.052
-0.056
-0.059
-0.061
-0.063
-0.064
-0.066
-0.068
-0.069
-0.07
-0.07
-0.07
-0.07
-0.07
-0.07
-0.069
-0.069
-0.069
-0.069
-0.069
-0.069
-0.07
-0.07
-0.071
-0.072
-0.073
-0.074
-0.076
-0.078
-0.08
-0.082
-0.084
-0.087
-0.09
-0.094
-0.098
-0.101
-0.106
-0.116
-0.129
-0.138
-0.144
-0.148
-0.151
-0.155
-0.158
-0.162
-0.165
-0.169
-0.173
-0.177
-0.183
-0.189
-0.195
-0.2
-0.205
-0.209
-0.213
-0.218
-0.221
-0.224
-0.225
-0.224
-0.221
-0.217
-0.213
-0.207
-0.2
-0.185
-0.156
-0.132
-0.105
-0.075
-0.046
-0.028
-0.019
-0.013
-0.005
0.001
0.008
0.014
0.024
0.037
0.05
0.065
0.083
0.103
0.118
0.125
0.13
0.135
0.138
0.14
0.14
0.141
0.14
0.14
0.139
0.138
0.136
0.133
0.131
0.13
0.129
0.127
0.123
0.12
0.117
0.116
0.116
0.117
0.118
0.119
0.119
0.121
0.123
0.126
0.129
0.13
0.13
0.13
0.129
0.128
0.128
0.127
0.125
0.123
0.121
0.119
0.118
0.119
0.119
0.12
0.121
0.123
0.125
0.127
0.129
0.131
0.133
0.133
0.133
0.133
0.133
0.133
0.133
0.134
0.134
0.135
0.137
0.139
0.14
0.142
0.142
0.142
0.142
0.141
0.14
0.139
0.138
0.137
0.136
0.136
0.135
0.135
0.136
0.136
0.136
0.137
0.137
0.136
0.135
0.134
0.134
0.134
0.133
0.132
0.13
0.129
0.127
0.126
0.125
0.123
0.122
0.121
0.119
0.118
0.117
0.116
0.115
0.112
0.11
0.107
0.104
0.101
0.098
0.095
0.093
0.09
0.088
0.086
0.085
0.085
0.084
0.082
0.08
0.078
0.075
0.073
0.07
0.068
0.065
0.062
0.06
0.059
0.058
0.057
0.056
0.054
0.053
0.051
0.049
0.048
0.046
0.043
0.041
0.039
0.038
0.038
0.038
0.038
0.038
0.038
0.038
0.038
0.038
0.038
0.038
0.036
0.035
0.033
0.032
0.031
0.03
0.03
0.03
0.029
0.028
0.027
0.025
0.022
0.019
0.015
0.011
0.007
0.003
0.0
-0.005
-0.013
-0.046
-0.101
-0.176
-0.271
-0.371
-0.46
-0.507
-0.505
-0.447
-0.31
-0.131
0.047
0.151
0.185
0.16
0.089
0.015
-0.011
-0.018
-0.022
-0.024
-0.027
-0.03
-0.033
-0.038
-0.043
-0.051
-0.055
-0.052
-0.045
-0.038
-0.032
-0.028
-0.026
-0.029
-0.036
-0.042
-0.047
-0.05
-0.055
-0.059
-0.064
-0.068
-0.073
-0.077
-0.08
-0.083
-0.085
-0.086
-0.087
-0.088
-0.09
-0.093
-0.096
-0.099
-0.102
-0.105
-0.108
-0.11
-0.113
-0.114
-0.114
-0.113
-0.113
-0.113
-0.114
-0.116
-0.118
-0.121
-0.125
-0.129
-0.136
-0.143
-0.151
-0.157
-0.162
-0.167
-0.171
-0.177
-0.182
-0.188
-0.193
-0.196
-0.199
-0.201
-0.202
-0.202
-0.201
-0.199
-0.196
-0.192
-0.187
-0.182
-0.172
-0.149
-0.129
-0.115
-0.101
-0.09
-0.08
-0.072
-0.063
-0.054
-0.045
-0.035
-0.023
-0.008
0.008
0.022
0.031
0.038
0.043
0.046
0.046
0.043
0.038
0.033
0.026
0.017
0.011
0.008
0.005
0.0
0.0
0.015
0.024
0.032
0.039
0.044
0.044
0.04
0.034
0.027
0.019
0.008
0.001
0.005
0.013
0.017
0.022
0.026
0.028
0.028
0.023
0.016
0.01
0.006
0.003
0.0
-0.003
-0.006
-0.008
-0.009
-0.009
-0.007
-0.005
-0.002
0.0
0.003
0.005
0.007
0.009
0.011
0.012
0.013
0.014
0.015
0.016
0.017
0.019
0.02
0.021
0.022
0.021
0.021
0.021
0.02
0.019
0.018
0.016
0.015
0.014
0.013
0.013
0.013
0.013
0.011
0.01
0.009
0.009
0.007
0.002
-0.001
0.0
0.004
0.007
0.011
0.014
0.015
0.016
0.017
0.019
0.021
0.023
0.025
0.025
0.024
0.022
0.02
0.018
0.016
0.014
0.012
0.01
0.009
0.008
0.008
0.008
0.008
0.008
0.009
0.01
0.012
0.014
0.016
0.018
0.021
0.026
0.031
0.031
0.028
0.024
0.022
0.019
0.016
0.015
0.014
0.015
0.017
0.019
0.02
0.021
0.022
0.023
0.024
0.025
0.026
0.027
0.026
0.026
0.025
0.023
0.022
0.021
0.02
0.019
0.018
0.018
0.018
0.017
0.017
0.016
0.014
0.013
0.012
0.012
0.012
0.012
0.013
0.013
0.014
0.016
0.017
0.019
0.02
0.022
0.024
0.025
0.027
0.03
0.033
0.032
0.024
0.014
0.008
0.002
-0.003
-0.008
-0.011
-0.012
-0.011
-0.01
-0.008
-0.006
-0.003
0.001
0.007
0.014
0.018
0.022
0.025
0.028
0.03
0.032
0.033
0.033
0.032
0.032
0.03
0.029
0.026
0.023
0.019
0.016
0.014
0.012
0.011
0.009
0.007
0.005
0.003
0.002
0.001
0.0
0.0
-0.001
-0.002
-0.003
-0.003
-0.002
-0.001
-0.001
-0.001
-0.001
-0.001
-0.002
-0.002
-0.003
-0.005
-0.008
-0.008
-0.005
0.0
0.002
0.004
0.006
0.007
0.009
0.011
0.013
0.015
0.017
0.018
0.019
0.02
0.023
0.029
0.029
0.018
0.009
0.001
-0.004
-0.006
-0.008
-0.01
-0.014
-0.013
-0.004
0.002
0.01
0.014
0.01
0.002
-0.006
-0.018
-0.032
-0.043
-0.053
-0.058
-0.057
-0.052
-0.036
-0.005
0.029
0.042
0.047
0.051
0.053
0.054
0.05
0.042
0.029
0.013
0.005
0.001
0.0
-0.002
-0.005
-0.009
-0.013
-0.016
-0.019
-0.021
-0.024
-0.026
-0.028
-0.028
-0.028
-0.027
-0.026
-0.024
-0.022
-0.02
-0.017
-0.013
-0.008
-0.003
0.0
0.002
0.004
0.007
0.01
0.012
0.011
0.007
0.006
0.005
0.004
0.003
0.003
0.002
0.002
0.0
0.0
0.0
0.0
0.0
0.0
0.0
0.001
0.002
0.002
0.003
0.004
0.005
0.005
0.004
0.004
0.003
0.002
0.0
0.0
-0.003
-0.005
-0.006
-0.008
-0.01
-0.011
-0.011
-0.011
-0.011
-0.012
-0.012
-0.013
-0.014
-0.016
-0.018
-0.019
-0.022
-0.024
-0.025
-0.026
-0.026
-0.027
-0.028
-0.029
-0.031
-0.036
-0.047
-0.047
-0.037
-0.024
-0.005
0.007
0.014
0.019
0.022
0.023
0.022
0.017
0.012
0.007
0.0
-0.01
-0.012
-0.01
-0.009
-0.008
-0.007
-0.007
-0.007
-0.008
-0.009
-0.009
-0.009
-0.011
-0.014
-0.019
-0.024
-0.031
-0.038
-0.051
-0.058
-0.052
-0.039
-0.019
0.0
0.01
0.016
0.005
-0.026
-0.085
-0.167
-0.266
-0.369
-0.464
-0.533
-0.54
-0.505
-0.38
-0.197
-0.002
0.152
0.219
0.226
0.196
0.136
0.068
0.013
-0.009
-0.018
-0.017
-0.005
0.014
0.03
0.035
0.038
0.041
0.041
0.034
0.026
0.022
0.019
0.016
0.013
0.01
0.007
0.003
0.0
-0.002
-0.004
-0.007
-0.009
-0.012
-0.016
-0.023
-0.029
-0.028
-0.023
-0.015
-0.002
0.016
0.031
0.042
0.049
0.056
0.062
0.05
0.031
0.007
-0.007
-0.015
-0.021
-0.026
-0.029
-0.033
-0.036
-0.041
-0.047
-0.055
-0.066
-0.075
-0.084
-0.092
-0.099
-0.105
-0.111
-0.117
-0.122
-0.129
-0.138
-0.146
-0.152
-0.158
-0.164
-0.169
-0.171
-0.171
-0.169
-0.164
-0.158
-0.153
-0.147
-0.139
-0.131
-0.125
-0.119
-0.114
-0.103
-0.085
-0.069
-0.057
-0.046
-0.031
-0.011
0.0
0.005
0.009
0.012
0.015
0.019
0.022
0.024
0.027
0.031
0.039
0.06
0.072
0.076
0.079
0.081
0.083
0.085
0.087
0.09
0.092
0.093
0.094
0.095
0.096
0.096
0.097
0.097
0.097
0.099
0.101
0.102
0.102
0.1
0.097
0.092
0.081
0.06
0.044
0.033
0.028
0.034
0.046
0.054
0.061
0.068
0.073
0.076
0.075
0.072
0.068
0.063
0.058
0.052
0.048
0.052
0.059
0.067
0.077
0.078
0.072
0.068
0.066
0.063
0.061
0.06
0.059
0.058
0.057
0.054
0.052
0.051
0.05
0.05
0.049
0.047
0.045
0.043
0.042
0.042
0.041
0.041
0.04
0.04
0.041
0.043
0.045
0.047
0.049
0.05
0.052
0.055
0.059
0.062
0.064
0.063
0.061
0.06
0.058
0.057
0.056
0.054
0.052
0.05
0.047
0.045
0.042
0.04
0.038
0.036
0.035
0.034
0.032
0.031
0.029
0.028
0.026
0.025
0.023
0.023
0.023
0.023
0.024
0.026
0.029
0.032
0.036
0.04
0.047
0.061
0.069
0.078
0.085
0.078
0.056
0.01
-0.061
-0.159
-0.277
-0.397
-0.49
-0.526
-0.482
-0.359
-0.175
0.028
0.217
0.349
0.392
0.356
0.267
0.163
0.082
0.048
0.04
0.034
0.031
0.028
0.027
0.027
0.028
0.03
0.032
0.034
0.036
0.038
0.041
0.044
0.046
0.047
0.045
0.04
0.034
0.028
0.022
0.015
0.007
0.001
-0.003
-0.007
-0.011
-0.014
-0.018
-0.022
-0.026
-0.032
-0.039
-0.046
-0.056
-0.07
-0.081
-0.09
-0.097
-0.101
-0.106
-0.11
-0.115
-0.119
-0.122
-0.125
-0.128
-0.13
-0.133
-0.136
-0.138
-0.14
-0.143
-0.146
-0.151
-0.161
-0.18
-0.199
-0.218
-0.233
-0.244
-0.258
-0.278
-0.294
-0.301
-0.306
-0.305
-0.294
-0.281
-0.267
-0.256
-0.243
-0.22
-0.201
-0.191
-0.181
-0.171
-0.16
-0.142
-0.114
-0.084
-0.055
-0.027
0.0
0.03
0.051
0.059
0.063
0.066
0.068
0.07
0.073
0.075
0.077
0.079
0.08
0.082
0.085
0.088
0.092
0.094
0.089
0.08
0.072
0.067
0.064
0.062
0.06
0.057
0.055
0.051
0.048
0.046
0.044
0.043
0.042
0.042
0.042
0.043
0.045
0.048
0.051
0.053
0.055
0.056
0.057
0.059
0.061
0.062
0.064
0.065
0.066
0.068
0.071
0.073
0.075
0.076
0.076
0.075
0.074
0.072
0.07
0.067
0.064
0.061
0.059
0.058
0.057
0.056
0.054
0.053
0.051
0.051
0.051
0.051
0.052
0.054
0.057
0.06
0.065
0.071
0.076
0.08
0.084
0.089
0.094
0.1
0.104
0.107
0.107
0.106
0.104
0.102
0.1
0.098
0.095
0.092
0.089
0.086
0.083
0.08
0.076
0.071
0.065
0.059
0.054
0.05
0.047
0.044
0.041
0.037
0.033
0.029
0.026
0.023
0.02
0.019
0.018
0.019
0.022
0.026
0.03
0.035
0.039
0.043
0.047
0.052
0.056
0.06
0.065
0.07
0.076
0.081
0.085
0.085
0.084
0.081
0.078
0.075
0.071
0.067
0.062
0.057
0.052
0.047
0.043
0.04
0.036
0.033
0.029
0.025
0.021
0.016
0.01
0.005
0.004
0.007
0.012
0.018
0.025
0.033
0.04
0.04
0.033
0.026
0.021
0.016
0.012
0.008
0.007
0.007
0.009
0.013
0.018
0.022
0.027
0.034
0.041
0.045
0.044
0.041
0.034
0.012
-0.044
-0.123
-0.218
-0.318
-0.41
-0.459
-0.457
-0.394
-0.251
-0.066
0.121
0.264
0.302
0.293
0.212
0.11
0.026
-0.012
-0.026
-0.031
-0.028
-0.021
-0.016
-0.009
-0.005
-0.005
-0.011
-0.019
-0.026
-0.032
-0.037
-0.039
-0.037
-0.035
-0.034
-0.032
-0.031
-0.029
-0.027
-0.025
-0.025
-0.025
-0.025
-0.025
-0.026
-0.029
-0.031
-0.035
-0.038
-0.041
-0.044
-0.046
-0.049
-0.053
-0.057
-0.061
-0.064
-0.068
-0.072
-0.077
-0.082
-0.087
-0.091
-0.095
-0.099
-0.103
-0.109
-0.114
-0.12
-0.125
-0.129
-0.132
-0.136
-0.141
-0.15
-0.164
-0.181
-0.198
-0.215
-0.228
-0.239
-0.247
-0.254
-0.258
-0.262
-0.266
-0.27
-0.273
-0.268
-0.257
-0.247
-0.236
-0.224
-0.21
-0.187
-0.157
-0.134
-0.116
-0.1
-0.08
-0.054
-0.026
0.004
0.023
0.033
0.04
0.045
0.05
0.055
0.06
0.064
0.069
0.074
0.08
0.087
0.091
0.091
0.089
0.086
0.083
0.081
0.078
0.075
0.072
0.07
0.067
0.064
0.061
0.058
0.055
0.052
0.05
0.049
0.047
0.045
0.043
0.042
0.041
0.042
0.043
0.045
0.046
0.046
0.046
0.047
0.048
0.049
0.051
0.053
0.054
0.054
0.055
0.056
0.056
0.056
0.055
0.054
0.052
0.051
0.051
0.051
0.051
0.052
0.052
0.052
0.053
0.053
0.053
0.052
0.051
0.05
0.049
0.048
0.047
0.047
0.046
0.046
0.045
0.044
0.04
0.036
0.033
0.034
0.038
0.042
0.045
0.05
0.054
0.055
0.055
0.053
0.052
0.05
0.045
0.048
0.066
0.077
0.085
0.092
0.097
0.098
0.095
0.087
0.077
0.07
0.065
0.06
0.056
0.052
0.047
0.043
0.039
0.035
0.032
0.029
0.025
0.023
0.021
0.019
0.018
0.015
0.013
0.009
0.006
0.002
0.0
-0.003
-0.006
-0.009
-0.012
-0.014
-0.016
-0.017
-0.019
-0.022
-0.025
-0.027
-0.027
-0.024
-0.019
-0.012
-0.005
0.0
0.003
0.007
0.011
0.015
0.018
0.02
0.021
0.022
0.021
0.018
0.015
0.012
0.008
0.005
0.001
-0.001
-0.004
-0.007
-0.009
-0.01
-0.011
-0.012
-0.013
-0.014
-0.015
-0.016
-0.016
-0.016
-0.016
-0.016
-0.016
-0.016
-0.014
-0.012
-0.009
-0.008
-0.006
-0.005
-0.003
0.0
0.001
0.003
0.006
0.007
0.01
0.018
0.024
0.018
0.003
-0.039
-0.093
-0.167
-0.257
-0.347
-0.41
-0.431
-0.41
-0.345
-0.209
-0.042
0.129
0.253
0.289
0.284
0.218
0.118
0.022
-0.026
-0.037
-0.046
-0.051
-0.055
-0.057
-0.058
-0.058
-0.057
-0.054
-0.052
-0.049
-0.045
-0.04
-0.036
-0.032
-0.028
-0.025
-0.022
-0.019
-0.016
-0.013
-0.01
-0.008
-0.006
-0.004
-0.003
-0.001
0.0
0.005
0.009
0.011
0.008
0.0
-0.008
-0.017
-0.027
-0.039
-0.051
-0.063
-0.077
-0.092
-0.106
-0.119
-0.131
-0.143
-0.152
-0.158
-0.162
-0.166
-0.169
-0.172
-0.174
-0.176
-0.177
-0.179
-0.181
-0.184
-0.188
-0.191
-0.193
-0.189
-0.182
-0.176
-0.172
-0.169
-0.166
-0.162
-0.158
-0.154
-0.149
-0.145
-0.14
-0.135
-0.13
-0.125
-0.121
-0.115
-0.107
-0.097
-0.089
-0.081
-0.073
-0.065
-0.056
-0.047
-0.037
-0.028
-0.02
-0.013
-0.006
0.002
0.012
0.023
0.035
0.047
0.063
0.083
0.092
0.096
0.099
0.102
0.104
0.106
0.107
0.108
0.108
0.108
0.109
0.109
0.108
0.107
0.106
0.105
0.104
0.103
0.102
0.1
0.098
0.095
0.093
0.091
0.088
0.084
0.078
0.072
0.064
0.054
0.044
0.033
0.019
0.007
0.006
0.013
0.024
0.035
0.048
0.058
0.065
0.073
0.083
0.083
0.07
0.062
0.055
0.05
0.045
0.042
0.042
0.045
0.049
0.055
0.06
0.064
0.068
0.072
0.077
0.081
0.084
0.085
0.085
0.085
0.084
0.083
0.082
0.08
0.077
0.074
0.072
0.069
0.064
0.059
0.057
0.058
0.061
0.066
0.074
0.084
0.071
0.034
-0.032
-0.123
-0.234
-0.344
-0.415
-0.439
-0.408
-0.313
-0.137
0.059
0.227
0.306
0.332
0.312
0.254
0.199
0.169
0.156
0.152
0.148
0.145
0.142
0.139
0.134
0.128
0.123
0.119
0.115
0.111
0.108
0.105
0.102
0.099
0.097
0.095
0.092
0.089
0.085
0.081
0.077
0.074
0.071
0.068
0.066
0.064
0.062
0.06
0.058
0.056
0.053
0.049
0.044
0.039
0.034
0.029
0.024
0.018
0.011
0.003
-0.005
-0.014
-0.023
-0.032
-0.041
-0.049
-0.057
-0.065
-0.073
-0.081
-0.09
-0.1
-0.112
-0.124
-0.134
-0.145
-0.159
-0.178
-0.194
-0.203
-0.21
-0.215
-0.219
-0.22
-0.219
-0.214
-0.206
-0.197
-0.184
-0.163
-0.146
-0.128
-0.11
-0.097
-0.082
-0.06
-0.034
-0.009
0.01
0.025
0.04
0.054
0.068
0.08
0.089
0.095
0.1
0.104
0.107
0.11
0.114
0.12
0.124
0.119
0.109
0.099
0.087
0.08
0.077
0.073
0.069
0.078
0.086
0.09
0.095
0.098
0.1
0.099
0.095
0.091
0.086
0.083
0.079
0.076
0.072
0.069
0.065
0.061
0.058
0.055
0.052
0.048
0.044
0.041
0.04
0.04
0.042
0.044
0.046
0.047
0.048
0.05
0.052
0.055
0.057
0.058
0.059
0.06
0.059
0.059
0.057
0.055
0.052
0.048
0.044
0.039
0.035
0.032
0.028
0.021
0.014
0.009
0.007
0.005
0.004
0.003
0.001
-0.001
-0.003
-0.005
-0.005
-0.005
-0.004
-0.003
-0.002
0.0
0.0
0.002
0.004
0.006
0.009
0.012
0.015
0.019
0.024
0.029
0.034
0.037
0.037
0.036
0.034
0.033
0.032
0.031
0.029
0.027
0.025
0.023
0.021
0.019
0.016
0.012
0.01
0.007
0.006
0.004
0.002
0.0
-0.003
-0.005
-0.007
-0.008
-0.008
-0.007
-0.004
0.0
0.004
0.012
0.023
0.041
0.048
0.056
0.054
0.023
-0.032
-0.117
-0.232
-0.365
-0.493
-0.572
-0.577
-0.521
-0.364
-0.149
0.075
0.247
0.303
0.297
0.209
0.097
0.007
-0.028
-0.028
0.003
0.035
0.046
0.053
0.055
0.053
0.049
0.045
0.042
0.039
0.037
0.034
0.032
0.029
0.025
0.021
0.016
0.011
0.006
0.0
-0.006
-0.009
-0.006
-0.002
0.002
0.006
0.01
0.015
0.017
0.017
0.012
0.005
-0.002
-0.01
-0.02
-0.031
-0.04
-0.049
-0.059
-0.07
-0.08
-0.087
-0.093
-0.098
-0.102
-0.106
-0.111
-0.116
-0.122
-0.131
-0.146
-0.163
-0.182
-0.2
-0.21
-0.215
-0.219
-0.222
-0.224
-0.226
-0.229
-0.231
-0.234
-0.236
-0.24
-0.248
-0.247
-0.235
-0.221
-0.206
-0.191
-0.172
-0.142
-0.118
-0.105
-0.095
-0.086
-0.079
-0.072
-0.058
-0.033
-0.014
-0.002
0.009
0.019
0.023
0.025
0.027
0.029
0.031
0.033
0.034
0.034
0.035
0.035
0.036
0.037
0.038
0.037
0.037
0.036
0.037
0.038
0.04
0.041
0.041
0.042
0.043
0.045
0.047
0.048
0.05
0.051
0.053
0.056
0.066
0.074
0.077
0.078
0.081
0.085
0.083
0.065
0.058
0.054
0.051
0.047
0.044
0.042
0.04
0.037
0.035
0.033
0.032
0.03
0.029
0.029
0.028
0.027
0.026
0.025
0.024
0.023
0.022
0.02
0.018
0.016
0.015
0.013
0.012
0.01
0.008
0.006
0.005
0.006
0.01
0.016
0.023
0.03
0.036
0.04
0.044
0.048
0.051
0.054
0.056
0.057
0.058
0.059
0.061
0.063
0.064
0.066
0.067
0.068
0.069
0.071
0.072
0.073
0.075
0.076
0.078
0.081
0.084
0.09
0.105
0.111
0.112
0.113
0.114
0.115
0.116
0.113
0.105
0.095
0.082
0.063
0.044
0.036
0.033
0.029
0.026
0.024
0.021
0.019
0.018
0.016
0.015
0.014
0.012
0.011
0.011
0.013
0.015
0.017
0.02
0.023
0.026
0.029
0.033
0.037
0.04
0.043
0.045
0.049
0.054
0.061
0.068
0.074
0.078
0.08
0.082
0.084
0.087
0.089
0.091
0.093
0.095
0.096
0.092
0.083
0.072
0.062
0.049
0.039
0.033
0.029
0.027
0.025
0.024
0.022
0.02
0.019
0.018
0.018
0.017
0.016
0.015
0.015
0.015
0.016
0.017
0.018
0.019
0.019
0.02
0.02
0.021
0.021
0.022
0.021
0.021
0.021
0.021
0.022
0.022
0.022
0.022
0.023
0.024
0.025
0.025
0.024
0.023
0.022
0.02
0.019
0.018
0.016
0.014
0.011
0.008
0.006
0.0
-0.02
-0.056
-0.105
-0.171
-0.256
-0.357
-0.456
-0.527
-0.533
-0.495
-0.363
-0.18
0.016
0.172
0.232
0.232
0.175
0.107
0.057
0.033
0.023
0.017
0.012
0.009
0.008
0.007
0.007
0.008
0.009
0.011
0.014
0.015
0.008
-0.004
-0.01
-0.013
-0.015
-0.018
-0.02
-0.022
-0.024
-0.026
-0.028
-0.03
-0.032
-0.035
-0.038
-0.04
-0.041
-0.043
-0.044
-0.046
-0.047
-0.049
-0.051
-0.054
-0.057
-0.061
-0.065
-0.071
-0.076
-0.081
-0.085
-0.089
-0.093
-0.098
-0.107
-0.124
-0.141
-0.149
-0.153
-0.156
-0.159
-0.163
-0.167
-0.171
-0.175
-0.178
-0.181
-0.183
-0.188
-0.193
-0.207
-0.23
-0.242
-0.249
-0.252
-0.246
-0.235
-0.226
-0.218
-0.208
-0.197
-0.185
-0.176
-0.169
-0.162
-0.156
-0.15
-0.143
-0.137
-0.131
-0.123
-0.111
-0.091
-0.071
-0.052
-0.033
-0.008
0.003
0.009
0.014
0.018
0.022
0.024
0.027
0.03
0.033
0.037
0.04
0.043
0.045
0.048
0.05
0.052
0.055
0.058
0.063
0.068
0.072
0.076
0.078
0.078
0.077
0.074
0.07
0.065
0.06
0.056
0.052
0.048
0.044
0.039
0.034
0.03
0.025
0.022
0.02
0.018
0.017
0.017
0.016
0.016
0.016
0.016
0.015
0.013
0.012
0.011
0.011
0.015
0.021
0.027
0.031
0.034
0.037
0.041
0.045
0.049
0.053
0.055
0.057
0.059
0.062
0.064
0.065
0.066
0.065
0.065
0.064
0.063
0.063
0.063
0.061
0.059
0.058
0.057
0.056
0.055
0.054
0.051
0.048
0.044
0.04
0.038
0.035
0.033
0.031
0.029
0.029
0.029
0.03
0.031
0.031
0.028
0.026
0.025
0.028
0.034
0.04
0.043
0.045
0.047
0.051
0.055
0.059
0.061
0.063
0.063
0.063
0.063
0.062
0.06
0.056
0.053
0.05
0.047
0.046
0.045
0.044
0.043
0.042
0.042
0.041
0.039
0.037
0.035
0.032
0.03
0.028
0.026
0.025
0.023
0.022
0.022
0.021
0.02
0.019
0.018
0.017
0.017
0.016
0.016
0.016
0.015
0.015
0.014
0.013
0.011
0.009
0.01
0.016
0.024
0.029
0.033
0.038
0.042
0.045
0.047
0.049
0.049
0.049
0.047
0.043
0.038
0.033
0.028
0.023
0.019
0.014
0.009
0.002
-0.003
-0.008
-0.013
-0.016
-0.018
-0.021
-0.023
-0.025
-0.027
-0.029
-0.034
-0.037
-0.036
-0.028
-0.018
-0.013
-0.009
-0.005
-0.002
0.0
0.003
0.007
0.011
0.014
0.016
0.018
0.021
0.023
0.025
0.027
0.029
0.032
0.036
0.039
0.042
0.043
0.039
0.032
0.024
0.017
0.011
0.005
0.0
-0.006
-0.012
-0.017
-0.021
-0.023
-0.025
-0.026
-0.027
-0.027
-0.028
-0.029
-0.03
-0.031
-0.033
-0.036
-0.038
-0.04
-0.043
-0.044
-0.047
-0.051
-0.069
-0.114
-0.18
-0.264
-0.356
-0.432
-0.456
-0.439
-0.385
-0.249
-0.082
0.091
0.236
0.302
0.305
0.261
0.171
0.086
0.033
0.018
0.007
-0.003
-0.012
-0.019
-0.027
-0.034
-0.04
-0.042
-0.042
-0.04
-0.037
-0.034
-0.032
-0.03
-0.027
-0.024
-0.021
-0.02
-0.022
-0.025
-0.029
-0.033
-0.038
-0.044
-0.047
-0.047
-0.045
-0.042
-0.038
-0.032
-0.029
-0.034
-0.044
-0.051
-0.058
-0.064
-0.066
-0.064
-0.059
-0.052
-0.047
-0.04
-0.033
-0.03
-0.035
-0.048
-0.062
-0.074
-0.086
-0.098
-0.108
-0.115
-0.12
-0.126
-0.134
-0.143
-0.153
-0.164
-0.178
-0.192
-0.199
-0.202
-0.204
-0.207
-0.209
-0.21
-0.211
-0.212
-0.212
-0.211
-0.209
-0.206
-0.202
-0.196
-0.189
-0.18
-0.161
-0.14
-0.119
-0.098
-0.075
-0.059
-0.048
-0.039
-0.031
-0.025
-0.02
-0.015
-0.008
0.001
0.012
0.027
0.034
0.039
0.044
0.048
0.051
0.054
0.057
0.06
0.062
0.063
0.063
0.064
0.063
0.063
0.063
0.063
0.063
0.063
0.062
0.063
0.063
0.063
0.063
0.062
0.061
0.059
0.058
0.056
0.053
0.049
0.045
0.042
0.041
0.04
0.04
0.039
0.039
0.038
0.038
0.038
0.039
0.039
0.039
0.039
0.039
0.04
0.04
0.041
0.042
0.043
0.044
0.045
0.047
0.049
0.051
0.053
0.054
0.055
0.056
0.057
0.058
0.059
0.06
0.06
0.06
0.06
0.06
0.061
0.062
0.062
0.063
0.064
0.064
0.064
0.065
0.066
0.068
0.069
0.07
0.072
0.073
0.075
0.076
0.077
0.078
0.078
0.077
0.077
0.077
0.077
0.077
0.077
0.077
0.077
0.077
0.076
0.075
0.074
0.072
0.069
0.066
0.063
0.06
0.057
0.054
0.052
0.05
0.047
0.045
0.043
0.041
0.039
0.037
0.035
0.033
0.031
0.03
0.029
0.028
0.028
0.027
0.028
0.029
0.03
0.031
0.032
0.032
0.032
0.033
0.033
0.034
0.035
0.036
0.036
0.037
0.038
0.039
0.04
0.041
0.04
0.039
0.038
0.037
0.036
0.034
0.033
0.031
0.029
0.028
0.026
0.025
0.024
0.023
0.022
0.02
0.018
0.015
0.013
0.01
0.007
0.004
0.001
-0.001
-0.003
-0.005
-0.007
-0.008
-0.01
-0.012
-0.014
-0.016
-0.017
-0.017
-0.016
-0.016
-0.014
-0.012
-0.009
-0.006
-0.003
0.0
0.003
0.007
0.013
0.02
0.025
0.025
0.023
0.016
0.004
-0.032
-0.094
-0.183
-0.29
-0.404
-0.503
-0.551
-0.545
-0.458
-0.287
-0.09
0.085
0.183
0.196
0.162
0.088
0.033
0.018
0.009
0.004
0.0
-0.004
-0.007
-0.011
-0.017
-0.026
-0.032
-0.031
-0.021
-0.008
0.0
0.006
0.012
0.016
0.02
0.02
0.017
0.012
0.006
0.0
-0.004
-0.009
-0.015
-0.021
-0.026
-0.029
-0.029
-0.027
-0.025
-0.021
-0.016
-0.01
0.0
0.005
0.0
-0.014
-0.031
-0.051
-0.064
-0.07
-0.074
-0.077
-0.08
-0.082
-0.085
-0.089
-0.092
-0.096
-0.1
-0.106
-0.113
-0.125
-0.145
-0.158
-0.167
-0.174
-0.18
-0.187
-0.196
-0.205
-0.213
-0.222
-0.231
-0.237
-0.24
-0.242
-0.244
-0.25
-0.257
-0.237
-0.211
-0.187
-0.17
-0.148
-0.12
-0.092
-0.067
-0.051
-0.041
-0.032
-0.024
-0.015
0.0
0.026
0.04
0.048
0.054
0.058
0.06
0.059
0.058
0.058
0.057
0.057
0.056
0.055
0.054
0.053
0.052
0.052
0.052
0.052
0.052
0.054
0.058
0.062
0.067
0.071
0.074
0.076
0.078
0.079
0.081
0.082
0.084
0.085
0.086
0.088
0.09
0.092
0.093
0.095
0.095
0.096
0.096
0.096
0.096
0.096
0.097
0.097
0.097
0.098
0.1
0.104
0.107
0.104
0.095
0.081
0.057
0.04
0.029
0.021
0.014
0.008
0.004
0.001
-0.001
-0.003
-0.004
-0.005
-0.004
-0.003
0.0
0.003
0.007
0.01
0.014
0.017
0.02
0.023
0.025
0.027
0.03
0.032
0.036
0.039
0.041
0.043
0.044
0.044
0.046
0.047
0.048
0.049
0.05
0.051
0.054
0.057
0.06
0.062
0.062
0.059
0.055
0.049
0.042
0.03
0.005
-0.007
-0.015
-0.021
-0.025
-0.027
-0.027
-0.026
-0.023
-0.02
-0.017
-0.015
-0.013
-0.011
-0.008
-0.005
-0.003
-0.001
0.0
0.004
0.007
0.012
0.015
0.019
0.023
0.027
0.033
0.039
0.043
0.047
0.049
0.051
0.054
0.059
0.063
0.064
0.062
0.056
0.048
0.035
0.014
0.0
-0.006
-0.012
-0.017
-0.021
-0.024
-0.028
-0.032
-0.034
-0.032
-0.028
-0.025
-0.023
-0.02
-0.018
-0.017
-0.016
-0.017
-0.018
-0.02
-0.023
-0.027
-0.036
-0.036
-0.025
-0.017
-0.01
-0.004
0.0
0.0
-0.002
-0.005
-0.007
-0.009
-0.012
-0.015
-0.018
-0.02
-0.02
-0.019
-0.016
-0.013
-0.008
-0.002
-0.016
-0.041
-0.059
-0.064
-0.068
-0.071
-0.072
-0.069
-0.062
-0.054
-0.048
-0.041
-0.034
-0.031
-0.03
-0.031
-0.034
-0.037
-0.039
-0.042
-0.045
-0.047
-0.046
-0.043
-0.037
-0.029
-0.019
-0.004
0.001
0.004
0.007
0.01
0.012
0.009
0.002
-0.004
-0.013
-0.012
0.0
0.008
0.016
0.022
0.024
0.023
0.019
0.014
-0.002
-0.044
-0.059
-0.066
-0.071
-0.057
-0.035
-0.01
0.01
0.024
0.034
0.041
0.048
0.05
0.044
0.032
0.018
0.002
-0.01
-0.017
-0.023
-0.027
-0.03
-0.029
-0.026
-0.021
-0.013
-0.004
0.01
0.021
0.029
0.036
0.039
0.039
0.033
0.025
0.012
-0.006
-0.013
-0.017
-0.02
-0.022
-0.025
-0.027
-0.028
-0.03
-0.032
-0.033
-0.034
-0.035
-0.036
-0.036
-0.037
-0.039
-0.043
-0.045
-0.04
-0.031
-0.017
0.002
0.023
0.043
0.053
0.058
0.062
0.065
0.067
0.067
0.065
0.06
0.054
0.048
0.042
0.037
0.031
0.024
0.017
0.012
0.008
0.005
0.003
0.0
-0.001
-0.002
-0.003
-0.003
-0.004
-0.004
-0.004
-0.005
-0.005
-0.005
-0.005
-0.006
-0.006
-0.005
-0.004
-0.002
0.0
0.002
0.005
0.007
0.009
0.012
0.014
0.016
0.017
0.017
0.018
0.02
0.022
0.024
0.025
0.026
0.027
0.027
0.027
0.027
0.026
0.024
0.022
0.02
0.017
0.015
0.014
0.012
0.011
0.009
0.007
0.006
0.004
0.003
0.0
-0.002
-0.005
-0.009
-0.012
-0.013
-0.014
-0.014
-0.013
-0.012
-0.011
-0.009
-0.006
-0.003
0.0
0.002
0.004
0.007
0.01
0.015
0.02
0.025
0.03
0.036
0.042
0.047
0.052
0.057
0.062
0.066
0.069
0.07
0.069
0.066
0.061
0.056
0.051
0.044
0.035
0.025
0.015
0.005
-0.002
-0.009
-0.015
-0.021
-0.025
-0.028
-0.03
-0.031
-0.032
-0.034
-0.036
-0.038
-0.039
-0.035
-0.029
-0.022
-0.015
-0.008
-0.001
0.002
0.002
0.001
0.0
-0.001
-0.004
-0.006
-0.008
-0.004
0.003
0.011
0.016
0.02
0.025
0.029
0.033
0.036
0.036
0.035
0.033
0.029
0.025
0.021
0.016
0.008
0.0
-0.011
-0.023
-0.03
-0.036
-0.041
-0.045
-0.048
-0.049
-0.049
-0.046
-0.042
-0.037
-0.032
-0.027
-0.022
-0.016
-0.01
-0.005
0.0
0.004
0.008
0.012
0.016
0.019
0.022
0.025
0.027
0.03
0.033
0.035
0.037
0.038
0.04
0.04
0.04
0.039
0.038
0.036
0.034
0.031
0.028
0.024
0.02
0.016
0.011
0.005
0.0
-0.003
-0.006
-0.007
-0.009
-0.011
-0.013
-0.015
-0.017
-0.019
-0.02
-0.019
-0.016
-0.011
-0.006
0.0
0.01
0.015
0.009
-0.001
-0.006
-0.01
-0.014
-0.018
-0.021
-0.024
-0.027
-0.029
-0.03
-0.03
-0.029
-0.027
-0.024
-0.02
-0.016
-0.011
-0.006
-0.001
0.003
0.012
0.021
0.026
0.028
0.028
0.029
0.03
0.033
0.031
0.016
0.008
0.003
0.0
-0.004
-0.008
-0.011
-0.013
-0.016
-0.019
-0.021
-0.022
-0.024
-0.025
-0.026
-0.027
-0.028
-0.031
-0.034
-0.036
-0.036
-0.033
-0.027
-0.02
-0.013
-0.008
-0.003
0.002
0.008
0.012
0.014
0.015
0.015
0.016
0.016
0.016
0.015
0.015
0.015
0.015
0.016
0.017
0.016
0.012
0.008
0.004
0.002
0.0
-0.003
-0.006
-0.01
-0.014
-0.018
-0.021
-0.026
-0.034
-0.069
-0.128
-0.198
-0.273
-0.345
-0.399
-0.418
-0.405
-0.363
-0.245
-0.078
0.101
0.247
0.309
0.27
0.176
0.084
0.033
0.016
0.016
0.026
0.034
0.042
0.045
0.038
0.025
0.016
0.01
0.004
0.0
-0.004
-0.008
-0.011
-0.015
-0.018
-0.021
-0.023
-0.025
-0.026
-0.026
-0.026
-0.027
-0.029
-0.03
-0.031
-0.032
-0.032
-0.032
-0.032
-0.032
-0.032
-0.031
-0.03
-0.03
-0.03
-0.031
-0.032
-0.033
-0.034
-0.036
-0.037
-0.04
-0.042
-0.045
-0.049
-0.055
-0.07
-0.088
-0.099
-0.106
-0.112
-0.118
-0.123
-0.128
-0.133
-0.139
-0.147
-0.161
-0.177
-0.195
-0.211
-0.225
-0.234
-0.241
-0.246
-0.248
-0.245
-0.238
-0.229
-0.221
-0.211
-0.202
-0.195
-0.188
-0.181
-0.174
-0.167
-0.161
-0.154
-0.141
-0.121
-0.098
-0.074
-0.056
-0.046
-0.039
-0.032
-0.026
-0.021
-0.015
-0.009
-0.003
0.004
0.011
0.015
0.019
0.021
0.023
0.025
0.026
0.027
0.027
0.027
0.026
0.025
0.025
0.024
0.022
0.02
0.017
0.015
0.013
0.016
0.023
0.03
0.036
0.041
0.045
0.049
0.052
0.055
0.058
0.06
0.062
0.064
0.066
0.068
0.071
0.073
0.075
0.077
0.078
0.079
0.079
0.079
0.078
0.077
0.074
0.071
0.067
0.061
0.056
0.044
0.023
0.014
0.007
0.003
0.002
0.007
0.015
0.024
0.034
0.041
0.045
0.051
0.057
0.047
0.037
0.03
0.025
0.026
0.032
0.041
0.052
0.067
0.082
0.093
0.103
0.108
0.103
0.092
0.08
0.064
0.051
0.043
0.035
0.03
0.031
0.037
0.046
0.056
0.07
0.077
0.081
0.085
0.088
0.09
0.09
0.088
0.084
0.081
0.078
0.076
0.073
0.071
0.069
0.069
0.069
0.071
0.072
0.074
0.076
0.078
0.079
0.081
0.082
0.083
0.084
0.085
0.086
0.087
0.087
0.087
0.086
0.085
0.084
0.083
0.081
0.08
0.078
0.076
0.075
0.074
0.073
0.071
0.07
0.068
0.067
0.066
0.065
0.064
0.063
0.061
0.06
0.059
0.059
0.06
0.061
0.062
0.062
0.063
0.064
0.064
0.065
0.065
0.065
0.065
0.066
0.067
0.069
0.071
0.072
0.073
0.073
0.074
0.074
0.073
0.072
0.069
0.065
0.061
0.057
0.053
0.05
0.045
0.038
0.031
0.023
0.016
0.013
0.011
0.008
0.005
0.002
0.0
-0.002
-0.004
-0.005
-0.007
-0.008
-0.008
-0.007
-0.006
-0.004
-0.002
0.0
0.001
0.003
0.005
0.008
0.011
0.013
0.016
0.026
0.027
0.018
-0.005
-0.044
-0.099
-0.175
-0.265
-0.358
-0.422
-0.443
-0.421
-0.353
-0.209
-0.031
0.142
0.267
0.294
0.286
0.218
0.123
0.043
-0.005
-0.022
-0.029
-0.032
-0.035
-0.038
-0.04
-0.04
-0.037
-0.032
-0.027
-0.024
-0.021
-0.018
-0.015
-0.012
-0.009
-0.007
-0.007
-0.007
-0.008
-0.01
-0.012
-0.016
-0.02
-0.023
-0.026
-0.029
-0.03
-0.032
-0.034
-0.036
-0.038
-0.04
-0.042
-0.045
-0.048
-0.05
-0.053
-0.055
-0.057
-0.059
-0.061
-0.063
-0.066
-0.071
-0.076
-0.081
-0.085
-0.09
-0.094
-0.1
-0.107
-0.115
-0.124
-0.132
-0.139
-0.148
-0.157
-0.167
-0.177
-0.192
-0.217
-0.232
-0.241
-0.248
-0.253
-0.255
-0.253
-0.25
-0.246
-0.242
-0.239
-0.235
-0.231
-0.226
-0.219
-0.211
-0.201
-0.182
-0.15
-0.119
-0.086
-0.051
-0.019
-0.003
0.004
0.011
0.018
0.027
0.037
0.048
0.057
0.064
0.069
0.075
0.081
0.085
0.089
0.092
0.094
0.096
0.096
0.096
0.095
0.094
0.092
0.091
0.09
0.088
0.087
0.085
0.084
0.083
0.082
0.08
0.08
0.079
0.079
0.078
0.078
0.078
0.077
0.077
0.078
0.079
0.08
0.08
0.08
0.08
0.081
0.081
0.082
0.083
0.083
0.082
0.081
0.081
0.081
0.081
0.081
0.081
0.081
0.083
0.084
0.081
0.076
0.073
0.07
0.067
0.065
0.064
0.062
0.06
0.058
0.056
0.054
0.054
0.053
0.054
0.053
0.05
0.046
0.047
0.055
0.065
0.072
0.079
0.085
0.088
0.088
0.086
0.083
0.081
0.079
0.078
0.076
0.075
0.074
0.072
0.07
0.068
0.065
0.063
0.062
0.062
0.061
0.061
0.06
0.06
0.059
0.057
0.055
0.051
0.046
0.04
0.034
0.028
0.023
0.021
0.018
0.015
0.013
0.011
0.01
0.008
0.006
0.004
0.002
0.001
0.001
0.002
0.003
0.005
0.007
0.01
0.013
0.017
0.02
0.023
0.024
0.025
0.025
0.026
0.028
0.03
0.033
0.035
0.037
0.04
0.042
0.043
0.044
0.043
0.042
0.039
0.036
0.033
0.029
0.025
0.022
0.018
0.011
-0.002
-0.012
-0.016
-0.019
-0.023
-0.026
-0.027
-0.028
-0.029
-0.029
-0.028
-0.027
-0.025
-0.023
-0.019
-0.015
-0.012
-0.008
-0.004
0.002
0.009
0.009
0.0
-0.017
-0.07
-0.145
-0.239
-0.339
-0.431
-0.491
-0.497
-0.462
-0.344
-0.177
-0.002
0.134
0.189
0.208
0.187
0.122
0.054
0.029
0.021
0.017
0.013
0.011
0.008
0.005
0.001
-0.001
-0.004
-0.006
-0.008
-0.009
-0.01
-0.01
-0.01
-0.01
-0.01
-0.012
-0.014
-0.016
-0.018
-0.02
-0.022
-0.024
-0.026
-0.029
-0.031
-0.034
-0.036
-0.038
-0.042
-0.05
-0.059
-0.062
-0.064
-0.065
-0.066
-0.067
-0.069
-0.071
-0.072
-0.072
-0.073
-0.073
-0.075
-0.076
-0.077
-0.079
-0.081
-0.083
-0.086
-0.09
-0.095
-0.1
-0.108
-0.116
-0.125
-0.131
-0.138
-0.144
-0.15
-0.155
-0.161
-0.166
-0.171
-0.176
-0.182
-0.187
-0.193
-0.2
-0.207
-0.211
-0.211
-0.206
-0.199
-0.191
-0.182
-0.169
-0.155
-0.141
-0.118
-0.086
-0.059
-0.04
-0.02
-0.001
0.017
0.036
0.05
0.059
0.067
0.076
0.084
0.093
0.104
0.118
0.127
0.134
0.139
0.144
0.147
0.148
0.143
0.135
0.126
0.119
0.113
0.108
0.102
0.097
0.093
0.089
0.086
0.083
0.08
0.077
0.074
0.072
0.069
0.067
0.065
0.062
0.061
0.062
0.063
0.066
0.069
0.073
0.077
0.081
0.084
0.089
0.093
0.097
0.099
0.101
0.103
0.103
0.103
0.102
0.1
0.097
0.093
0.089
0.084
0.081
0.077
0.075
0.071
0.067
0.063
0.059
0.056
0.054
0.053
0.053
0.053
0.053
0.053
0.055
0.057
0.06
0.064
0.068
0.069
0.067
0.06
0.052
0.046
0.038
0.03
0.025
0.027
0.034
0.043
0.05
0.059
0.067
0.07
0.069
0.063
0.057
0.051
0.045
0.039
0.035
0.035
0.038
0.042
0.048
0.057
0.069
0.053
0.006
-0.068
-0.176
-0.309
-0.449
-0.56
-0.594
-0.58
-0.474
-0.282
-0.052
0.157
0.302
0.344
0.339
0.271
0.179
0.092
0.027
0.0
-0.013
-0.024
-0.023
-0.007
0.011
0.028
0.035
0.04
0.045
0.044
0.03
0.021
0.014
0.008
0.004
0.003
0.004
0.006
0.008
0.011
0.016
0.023
0.009
-0.011
-0.036
-0.054
-0.065
-0.076
-0.087
-0.093
-0.098
-0.102
-0.106
-0.108
-0.11
-0.11
-0.109
-0.107
-0.104
-0.101
-0.097
-0.093
-0.088
-0.082
-0.078
-0.078
-0.081
-0.086
-0.093
-0.101
-0.111
-0.124
-0.14
-0.154
-0.167
-0.178
-0.186
-0.193
-0.203
-0.215
-0.233
-0.243
-0.25
-0.256
-0.26
-0.263
-0.264
-0.263
-0.261
-0.258
-0.254
-0.249
-0.243
-0.23
-0.217
-0.201
-0.178
-0.154
-0.127
-0.104
-0.087
-0.074
-0.062
-0.049
-0.032
-0.015
0.001
0.021
0.037
0.049
0.059
0.069
0.078
0.083
0.088
0.093
0.096
0.099
0.101
0.102
0.102
0.102
0.101
0.099
0.097
0.094
0.091
0.089
0.088
0.085
0.082
0.078
0.075
0.071
0.067
0.064
0.06
0.056
0.053
0.051
0.05
0.048
0.046
0.044
0.04
0.038
0.036
0.035
0.034
0.033
0.033
0.034
0.037
0.04
0.044
0.047
0.05
0.052
0.054
0.056
0.059
0.062
0.063
0.064
0.064
0.064
0.064
0.064
0.063
0.062
0.059
0.057
0.055
0.054
0.054
0.053
0.051
0.05
0.048
0.047
0.046
0.045
0.044
0.044
0.043
0.042
0.042
0.042
0.043
0.043
0.043
0.043
0.043
0.043
0.044
0.045
0.046
0.047
0.048
0.048
0.049
0.051
0.053
0.055
0.057
0.058
0.061
0.066
0.071
0.071
0.067
0.059
0.036
-0.004
-0.057
-0.126
-0.21
-0.305
-0.395
-0.446
-0.446
-0.391
-0.259
-0.093
0.068
0.202
0.265
0.286
0.271
0.226
0.168
0.116
0.067
0.044
0.035
0.031
0.028
0.026
0.024
0.023
0.022
0.022
0.022
0.022
0.021
0.022
0.023
0.024
0.025
0.025
0.025
0.025
0.025
0.025
0.024
0.021
0.016
0.01
0.006
0.002
-0.001
-0.005
-0.008
-0.011
-0.014
-0.016
-0.019
-0.022
-0.025
-0.028
-0.031
-0.035
-0.039
-0.043
-0.049
-0.056
-0.064
-0.073
-0.084
-0.095
-0.104
-0.112
-0.123
-0.137
-0.149
-0.157
-0.163
-0.168
-0.176
-0.187
-0.2
-0.211
-0.222
-0.232
-0.24
-0.246
-0.25
-0.255
-0.262
-0.272
-0.277
-0.279
-0.281
-0.284
-0.284
-0.279
-0.268
-0.252
-0.228
-0.186
-0.143
-0.108
-0.089
-0.074
-0.062
-0.048
-0.029
-0.004
0.013
0.025
0.035
0.045
0.052
0.06
0.066
0.068
0.066
0.063
0.06
0.058
0.056
0.054
0.052
0.051
0.05
0.049
0.049
0.048
0.049
0.05
0.051
0.053
0.055
0.057
0.059
0.061
0.067
0.072
0.073
0.07
0.067
0.065
0.064
0.062
0.06
0.059
0.058
0.056
0.055
0.054
0.053
0.053
0.054
0.054
0.053
0.051
0.05
0.05
0.053
0.056
0.059
0.061
0.063
0.065
0.067
0.069
0.07
0.07
0.068
0.065
0.062
0.057
0.053
0.048
0.041
0.035
0.031
0.029
0.028
0.027
0.026
0.025
0.026
0.034
0.044
0.049
0.053
0.057
0.06
0.064
0.068
0.071
0.074
0.075
0.075
0.075
0.073
0.071
0.068
0.066
0.063
0.06
0.057
0.054
0.052
0.049
0.046
0.043
0.039
0.035
0.032
0.029
0.027
0.026
0.025
0.024
0.024
0.024
0.025
0.025
0.023
0.022
0.028
0.038
0.043
0.045
0.048
0.049
0.05
0.051
0.052
0.054
0.056
0.057
0.059
0.059
0.059
0.059
0.059
0.06
0.06
0.061
0.062
0.063
0.065
0.071
0.064
0.059
0.057
0.055
0.054
0.052
0.051
0.049
0.047
0.045
0.043
0.04
0.036
0.03
0.021
0.016
0.021
0.03
0.039
0.049
0.053
0.05
0.043
0.038
0.034
0.03
0.027
0.025
0.026
0.029
0.032
0.036
0.039
0.045
0.054
0.054
0.046
0.04
0.036
0.031
0.025
0.02
0.011
-0.021
-0.073
-0.143
-0.23
-0.331
-0.426
-0.477
-0.479
-0.44
-0.332
-0.177
0.003
0.17
0.283
0.326
0.294
0.215
0.123
0.051
0.026
0.02
0.017
0.013
0.011
0.008
0.006
0.003
0.001
0.0
-0.001
-0.003
-0.004
-0.005
-0.007
-0.01
-0.014
-0.018
-0.02
-0.019
-0.017
-0.014
-0.012
-0.01
-0.008
-0.006
-0.003
-0.001
0.0
-0.002
-0.007
-0.012
-0.016
-0.02
-0.027
-0.033
-0.037
-0.039
-0.04
-0.04
-0.04
-0.04
-0.041
-0.042
-0.045
-0.048
-0.052
-0.055
-0.059
-0.063
-0.068
-0.074
-0.08
-0.085
-0.091
-0.097
-0.103
-0.109
-0.115
-0.123
-0.134
-0.151
-0.163
-0.17
-0.175
-0.179
-0.181
-0.182
-0.181
-0.177
-0.171
-0.164
-0.157
-0.148
-0.138
-0.129
-0.119
-0.109
-0.096
-0.084
-0.072
-0.057
-0.04
-0.021
-0.005
0.008
0.021
0.033
0.049
0.065
0.07
0.072
0.073
0.075
0.077
0.078
0.079
0.081
0.082
0.084
0.086
0.089
0.09
0.092
0.094
0.101
0.105
0.098
0.085
0.077
0.069
0.063
0.058
0.057
0.059
0.061
0.064
0.065
0.066
0.066
0.067
0.068
0.069
0.07
0.071
0.073
0.075
0.077
0.078
0.079
0.079
0.08
0.08
0.08
0.081
0.081
0.081
0.082
0.083
0.084
0.085
0.086
0.086
0.086
0.087
0.087
0.088
0.087
0.087
0.086
0.086
0.086
0.086
0.086
0.086
0.086
0.086
0.087
0.087
0.087
0.086
0.084
0.083
0.082
0.081
0.08
0.079
0.078
0.077
0.076
0.076
0.074
0.068
0.063
0.064
0.073
0.087
0.1
0.115
0.123
0.118
0.106
0.073
0.004
-0.085
-0.191
-0.306
-0.411
-0.474
-0.477
-0.43
-0.308
-0.148
0.014
0.148
0.215
0.237
0.225
0.187
0.135
0.087
0.06
0.037
0.021
0.01
0.001
-0.006
-0.011
-0.005
0.008
0.02
0.032
0.041
0.042
0.035
0.026
0.019
0.012
0.005
0.0
0.0
0.0
0.001
0.003
0.007
0.012
0.009
-0.011
-0.02
-0.025
-0.03
-0.034
-0.038
-0.042
-0.045
-0.049
-0.053
-0.057
-0.061
-0.064
-0.067
-0.07
-0.074
-0.08
-0.087
-0.094
-0.1
-0.106
-0.111
-0.115
-0.12
-0.124
-0.128
-0.131
-0.134
-0.137
-0.141
-0.146
-0.151
-0.157
-0.162
-0.168
-0.177
-0.191
-0.203
-0.21
-0.216
-0.221
-0.226
-0.232
-0.236
-0.236
-0.232
-0.224
-0.214
-0.203
-0.188
-0.178
-0.171
-0.16
-0.144
-0.12
-0.086
-0.065
-0.042
-0.021
0.0
0.022
0.04
0.052
0.057
0.054
0.048
0.042
0.035
0.036
0.05
0.063
0.074
0.082
0.084
0.086
0.087
0.089
0.091
0.091
0.086
0.079
0.072
0.065
0.058
0.05
0.042
0.036
0.03
0.025
0.021
0.018
0.019
0.02
0.023
0.025
0.027
0.028
0.029
0.031
0.033
0.035
0.036
0.036
0.036
0.036
0.036
0.035
0.033
0.03
0.025
0.035
0.042
0.047
0.05
0.053
0.055
0.056
0.056
0.056
0.057
0.057
0.057
0.057
0.055
0.054
0.054
0.056
0.057
0.059
0.06
0.06
0.056
0.049
0.042
0.038
0.035
0.032
0.028
0.024
0.02
0.018
0.017
0.016
0.017
0.017
0.019
0.021
0.024
0.027
0.031
0.035
0.04
0.054
0.067
0.068
0.07
0.071
0.072
0.073
0.073
0.071
0.068
0.065
0.061
0.058
0.055
0.051
0.047
0.042
0.036
0.03
0.026
0.024
0.022
0.02
0.019
0.017
0.015
0.013
0.011
0.008
0.006
0.004
0.002
0.001
0.001
0.001
0.002
0.002
0.003
0.003
0.004
0.004
0.005
0.006
0.006
0.007
0.007
0.008
0.009
0.011
0.013
0.015
0.017
0.019
0.021
0.025
0.03
0.034
0.038
0.041
0.043
0.047
0.051
0.054
0.05
0.042
0.033
0.021
0.01
-0.003
-0.023
-0.033
-0.038
-0.042
-0.045
-0.048
-0.049
-0.05
-0.051
-0.05
-0.049
-0.048
-0.046
-0.043
-0.04
-0.036
-0.032
-0.023
-0.011
0.001
0.012
0.017
0.019
0.02
0.022
0.023
0.026
0.029
0.032
0.036
0.041
0.05
0.05
0.04
0.014
-0.04
-0.12
-0.221
-0.333
-0.44
-0.523
-0.559
-0.528
-0.417
-0.234
-0.015
0.183
0.294
0.306
0.26
0.158
0.054
-0.016
-0.029
-0.033
-0.036
-0.036
-0.036
-0.033
-0.028
-0.023
-0.014
-0.002
0.002
0.005
0.007
0.01
0.011
0.011
0.012
0.012
0.012
0.013
0.013
0.012
0.01
0.008
0.005
0.002
-0.001
-0.005
-0.012
-0.026
-0.038
-0.046
-0.051
-0.056
-0.062
-0.068
-0.074
-0.079
-0.083
-0.088
-0.093
-0.097
-0.1
-0.102
-0.103
-0.105
-0.107
-0.11
-0.112
-0.113
-0.112
-0.11
-0.108
-0.106
-0.104
-0.1
-0.101
-0.114
-0.123
-0.129
-0.135
-0.142
-0.149
-0.156
-0.162
-0.168
-0.176
-0.183
-0.187
-0.189
-0.191
-0.192
-0.194
-0.195
-0.197
-0.198
-0.197
-0.193
-0.186
-0.179
-0.169
-0.152
-0.135
-0.113
-0.085
-0.065
-0.052
-0.04
-0.029
-0.016
-0.001
0.015
0.029
0.04
0.046
0.05
0.053
0.055
0.056
0.057
0.058
0.059
0.06
0.061
0.062
0.062
0.062
0.061
0.06
0.058
0.055
0.051
0.047
0.043
0.04
0.036
0.032
0.025
0.017
0.012
0.009
0.007
0.004
0.0
-0.001
0.004
0.017
0.029
0.044
0.054
0.061
0.066
0.071
0.076
0.078
0.074
0.067
0.058
0.053
0.049
0.045
0.042
0.038
0.036
0.034
0.033
0.034
0.035
0.037
0.038
0.04
0.041
0.043
0.045
0.046
0.048
0.05
0.052
0.054
0.056
0.057
0.057
0.057
0.057
0.057
0.056
0.056
0.055
0.053
0.052
0.051
0.05
0.05
0.05
0.051
0.052
0.054
0.055
0.056
0.057
0.058
0.059
0.06
0.06
0.059
0.056
0.051
0.047
0.043
0.04
0.037
0.034
0.031
0.028
0.026
0.024
0.022
0.021
0.02
0.021
0.022
0.023
0.026
0.028
0.03
0.032
0.035
0.037
0.038
0.038
0.039
0.039
0.041
0.042
0.044
0.045
0.047
0.048
0.05
0.052
0.053
0.053
0.052
0.052
0.051
0.051
0.051
0.05
0.05
0.049
0.048
0.048
0.048
0.048
0.047
0.047
0.046
0.045
0.045
0.044
0.044
0.043
0.042
0.042
0.042
0.042
0.041
0.041
0.04
0.039
0.038
0.037
0.035
0.034
0.033
0.032
0.031
0.029
0.028
0.027
0.026
0.026
0.026
0.025
0.025
0.024
0.023
0.022
0.022
0.022
0.021
0.02
0.02
0.02
0.02
0.02
0.021
0.023
0.024
0.024
0.025
0.024
0.024
0.024
0.024
0.024
0.024
0.023
0.022
0.021
0.02
0.019
0.018
0.016
0.014
0.012
0.01
0.008
0.005
0.002
-0.001
-0.006
-0.011
-0.015
-0.018
-0.022
-0.029
-0.027
-0.013
-0.008
-0.005
-0.002
0.0
0.003
0.005
0.008
0.01
0.012
0.014
0.014
0.015
0.015
0.014
0.014
0.014
0.013
0.012
0.012
0.011
0.01
0.009
0.008
0.006
0.004
0.002
0.0
-0.001
-0.004
-0.008
-0.01
-0.013
-0.014
-0.015
-0.017
-0.019
-0.021
-0.024
-0.026
-0.028
-0.03
-0.032
-0.034
-0.034
-0.034
-0.033
-0.032
-0.03
-0.028
-0.026
-0.024
-0.021
-0.017
-0.013
-0.007
0.005
0.012
0.02
0.027
0.018
-0.009
-0.059
-0.131
-0.227
-0.337
-0.436
-0.498
-0.5
-0.451
-0.317
-0.134
0.052
0.195
0.244
0.241
0.174
0.093
0.026
-0.005
-0.009
-0.014
-0.017
-0.02
-0.023
-0.025
-0.027
-0.028
-0.029
-0.031
-0.032
-0.033
-0.033
-0.033
-0.032
-0.031
-0.03
-0.029
-0.029
-0.028
-0.026
-0.024
-0.022
-0.02
-0.018
-0.017
-0.016
-0.015
-0.013
-0.01
-0.007
-0.005
-0.005
-0.008
-0.014
-0.021
-0.029
-0.036
-0.044
-0.053
-0.061
-0.065
-0.069
-0.072
-0.074
-0.076
-0.078
-0.081
-0.085
-0.091
-0.099
-0.107
-0.115
-0.124
-0.133
-0.141
-0.148
-0.154
-0.158
-0.163
-0.168
-0.172
-0.176
-0.179
-0.181
-0.182
-0.183
-0.185
-0.186
-0.188
-0.189
-0.189
-0.189
-0.188
-0.186
-0.182
-0.177
-0.17
-0.162
-0.151
-0.134
-0.119
-0.106
-0.092
-0.079
-0.064
-0.049
-0.035
-0.024
-0.012
0.001
0.013
0.019
0.024
0.028
0.032
0.035
0.038
0.04
0.042
0.043
0.045
0.047
0.049
0.049
0.049
0.049
0.048
0.046
0.044
0.042
0.039
0.037
0.034
0.033
0.031
0.029
0.027
0.025
0.023
0.022
0.019
0.017
0.014
0.012
0.011
0.013
0.016
0.02
0.024
0.027
0.03
0.032
0.035
0.038
0.041
0.043
0.045
0.047
0.049
0.05
0.052
0.054
0.055
0.057
0.058
0.06
0.063
0.065
0.067
0.068
0.07
0.071
0.072
0.074
0.075
0.077
0.078
0.079
0.079
0.08
0.08
0.08
0.079
0.078
0.076
0.074
0.072
0.071
0.07
0.069
0.068
0.068
0.067
0.067
0.066
0.066
0.065
0.064
0.062
0.061
0.06
0.058
0.055
0.052
0.049
0.047
0.047
0.046
0.046
0.044
0.042
0.04
0.038
0.036
0.034
0.033
0.032
0.032
0.031
0.031
0.031
0.031
0.031
0.03
0.029
0.028
0.027
0.026
0.026
0.025
0.025
0.025
0.025
0.024
0.024
0.024
0.023
0.022
0.022
0.021
0.021
0.022
0.023
0.023
0.024
0.024
0.025
0.026
0.027
0.029
0.031
0.032
0.034
0.036
0.038
0.04
0.043
0.046
0.049
0.051
0.053
0.055
0.058
0.062
0.066
0.071
0.075
0.08
0.083
0.086
0.088
0.089
0.088
0.086
0.084
0.08
0.076
0.073
0.069
0.064
0.06
0.057
0.053
0.049
0.044
0.038
0.032
0.025
0.019
0.015
0.01
0.006
0.003
0.0
-0.002
-0.003
-0.004
-0.004
-0.004
-0.004
-0.004
-0.004
-0.004
-0.004
-0.004
-0.005
-0.005
-0.004
-0.003
-0.002
-0.001
-0.001
0.0
0.0
0.0
0.0
0.0
-0.001
-0.002
-0.004
-0.006
-0.008
-0.01
-0.011
-0.012
-0.013
-0.015
-0.017
-0.018
-0.02
-0.022
-0.025
-0.028
-0.031
-0.032
-0.033
-0.031
-0.028
-0.023
-0.017
-0.011
-0.004
0.004
0.013
0.017
0.016
0.01
-0.001
-0.035
-0.092
-0.168
-0.257
-0.352
-0.439
-0.492
-0.494
-0.448
-0.321
-0.15
0.026
0.171
0.233
0.237
0.195
0.12
0.064
0.049
0.04
0.033
0.028
0.022
0.018
0.014
0.01
0.007
0.006
0.004
0.003
0.002
0.002
0.002
0.001
0.001
0.0
0.0
0.0
0.0
0.001
0.002
0.002
0.002
0.003
0.003
0.003
0.002
0.001
0.0
0.0
0.0
-0.001
-0.002
-0.002
-0.004
-0.005
-0.007
-0.01
-0.012
-0.016
-0.021
-0.028
-0.035
-0.042
-0.05
-0.059
-0.068
-0.077
-0.086
-0.095
-0.104
-0.112
-0.118
-0.124
-0.129
-0.133
-0.138
-0.143
-0.148
-0.153
-0.157
-0.159
-0.16
-0.162
-0.165
-0.168
-0.171
-0.173
-0.17
-0.162
-0.154
-0.148
-0.144
-0.14
-0.135
-0.13
-0.125
-0.121
-0.116
-0.112
-0.106
-0.099
-0.082
-0.055
-0.042
-0.035
-0.029
-0.022
-0.015
-0.008
-0.001
0.005
0.013
0.021
0.029
0.037
0.041
0.046
0.051
0.055
0.059
0.062
0.064
0.065
0.066
0.068
0.069
0.07
0.07
0.07
0.071
0.072
0.073
0.074
0.075
0.075
0.076
0.076
0.076
0.076
0.075
0.074
0.072
0.071
0.069
0.068
0.067
0.065
0.063
0.062
0.062
0.062
0.062
0.062
0.062
0.062
0.062
0.062
0.062
0.063
0.063
0.064
0.064
0.065
0.064
0.064
0.062
0.061
0.059
0.058
0.056
0.054
0.052
0.051
0.049
0.047
0.046
0.044
0.042
0.04
0.038
0.035
0.034
0.032
0.031
0.031
0.031
0.031
0.031
0.031
0.031
0.03
0.03
0.029
0.029
0.029
0.029
0.029
0.029
0.029
0.03
0.03
0.03
0.03
0.029
0.027
0.025
0.023
0.022
0.02
0.018
0.016
0.014
0.013
0.011
0.01
0.008
0.005
0.001
-0.002
-0.006
-0.01
-0.013
-0.015
-0.017
-0.017
-0.017
-0.015
-0.013
-0.01
-0.007
-0.005
-0.003
-0.002
0.0
0.0
0.002
0.005
0.008
0.01
0.013
0.014
0.015
0.016
0.016
0.015
0.012
0.008
0.005
0.001
-0.002
-0.004
-0.007
-0.009
-0.012
-0.014
-0.015
-0.016
-0.017
-0.017
-0.018
-0.02
-0.021
-0.021
-0.021
-0.021
-0.022
-0.023
-0.024
-0.023
-0.022
-0.02
-0.018
-0.016
-0.015
-0.014
-0.012
-0.01
-0.008
-0.007
-0.007
-0.007
-0.007
-0.006
-0.004
-0.003
-0.001
0.0
0.0
0.0
0.0
0.0
0.0
-0.003
-0.006
-0.009
-0.012
-0.014
-0.016
-0.018
-0.02
-0.022
-0.024
-0.025
-0.027
-0.028
-0.03
-0.031
-0.032
-0.031
-0.03
-0.028
-0.025
-0.021
-0.018
-0.014
-0.01
-0.007
-0.005
-0.001
0.002
0.006
0.009
0.011
0.01
0.01
0.01
0.01
0.01
0.009
0.008
0.006
0.005
0.004
0.003
0.002
0.001
-0.001
-0.003
-0.005
-0.006
-0.006
-0.006
-0.008
-0.011
-0.014
-0.016
-0.017
-0.018
-0.019
-0.019
-0.019
-0.017
-0.014
-0.011
-0.007
-0.004
-0.001
0.0
0.004
0.01
0.017
0.019
0.016
0.011
0.002
-0.023
-0.059
-0.107
-0.165
-0.235
-0.31
-0.38
-0.421
-0.42
-0.376
-0.249
-0.065
0.131
0.275
0.318
0.312
0.236
0.143
0.069
0.023
0.0
-0.014
-0.025
-0.024
-0.009
-0.001
0.002
0.007
0.011
0.014
0.016
0.017
0.018
0.017
0.015
0.012
0.009
0.006
0.001
-0.002
-0.007
-0.013
-0.02
-0.024
-0.023
-0.018
-0.01
-0.001
0.007
0.021
0.029
0.031
0.032
0.033
0.035
0.032
0.015
0.005
0.0
-0.004
-0.009
-0.014
-0.019
-0.022
-0.026
-0.029
-0.033
-0.038
-0.046
-0.053
-0.059
-0.065
-0.07
-0.074
-0.079
-0.084
-0.091
-0.099
-0.107
-0.116
-0.126
-0.135
-0.144
-0.152
-0.159
-0.167
-0.176
-0.184
-0.189
-0.193
-0.197
-0.201
-0.208
-0.207
-0.196
-0.184
-0.17
-0.158
-0.143
-0.121
-0.097
-0.077
-0.059
-0.044
-0.03
-0.015
0.0
0.019
0.037
0.05
0.058
0.062
0.065
0.067
0.069
0.072
0.074
0.077
0.08
0.082
0.086
0.091
0.095
0.097
0.094
0.088
0.08
0.075
0.07
0.065
0.06
0.056
0.052
0.048
0.045
0.042
0.039
0.036
0.033
0.03
0.029
0.029
0.03
0.032
0.035
0.039
0.042
0.045
0.048
0.05
0.053
0.056
0.059
0.062
0.065
0.066
0.068
0.069
0.07
0.072
0.073
0.075
0.076
0.078
0.08
0.081
0.081
0.08
0.076
0.071
0.065
0.056
0.043
0.039
0.038
0.037
0.035
0.035
0.034
0.033
0.032
0.03
0.029
0.028
0.026
0.025
0.024
0.023
0.022
0.02
0.018
0.016
0.014
0.012
0.011
0.011
0.013
0.015
0.018
0.021
0.025
0.029
0.035
0.039
0.043
0.046
0.048
0.051
0.054
0.058
0.06
0.06
0.057
0.052
0.049
0.047
0.045
0.043
0.04
0.037
0.034
0.032
0.03
0.028
0.026
0.024
0.022
0.021
0.02
0.019
0.017
0.014
0.012
0.009
0.006
0.004
0.001
-0.001
-0.005
-0.008
-0.011
-0.015
-0.021
-0.026
-0.029
-0.027
-0.023
-0.016
-0.005
0.013
0.033
0.049
0.06
0.068
0.068
0.061
0.039
-0.005
-0.07
-0.155
-0.251
-0.349
-0.431
-0.464
-0.456
-0.381
-0.23
-0.037
0.154
0.302
0.37
0.372
0.312
0.2
0.092
0.011
-0.018
-0.028
-0.013
0.012
0.032
0.042
0.049
0.04
0.025
0.009
0.004
0.001
0.0
0.0
-0.001
-0.001
-0.002
-0.003
-0.004
-0.004
-0.005
-0.005
-0.006
-0.007
-0.008
-0.009
-0.01
-0.011
-0.012
-0.014
-0.015
-0.017
-0.019
-0.02
-0.023
-0.026
-0.029
-0.033
-0.037
-0.042
-0.046
-0.05
-0.054
-0.058
-0.062
-0.066
-0.069
-0.071
-0.073
-0.075
-0.077
-0.079
-0.083
-0.088
-0.095
-0.102
-0.115
-0.131
-0.148
-0.166
-0.187
-0.206
-0.22
-0.228
-0.236
-0.245
-0.255
-0.267
-0.273
-0.278
-0.282
-0.284
-0.284
-0.276
-0.264
-0.244
-0.216
-0.176
-0.138
-0.113
-0.084
-0.056
-0.029
-0.003
0.017
0.032
0.045
0.057
0.069
0.084
0.093
0.099
0.104
0.108
0.111
0.113
0.114
0.115
0.117
0.119
0.121
0.123
0.123
0.121
0.115
0.108
0.1
0.093
0.084
0.075
0.067
0.06
0.053
0.046
0.039
0.033
0.033
0.04
0.049
0.058
0.07
0.079
0.087
0.093
0.098
0.102
0.103
0.101
0.097
0.092
0.089
0.085
0.082
0.08
0.078
0.078
0.077
0.077
0.076
0.075
0.075
0.075
0.075
0.075
0.075
0.074
0.073
0.072
0.072
0.072
0.072
0.072
0.072
0.071
0.071
0.07
0.069
0.068
0.067
0.066
0.065
0.064
0.063
0.063
0.062
0.062
0.061
0.061
0.06
0.059
0.059
0.059
0.059
0.058
0.058
0.059
0.059
0.06
0.062
0.062
0.062
0.061
0.06
0.058
0.057
0.056
0.055
0.054
0.054
0.053
0.052
0.052
0.053
0.053
0.053
0.051
0.049
0.046
0.044
0.041
0.039
0.036
0.033
0.031
0.029
0.027
0.025
0.023
0.021
0.019
0.017
0.015
0.015
0.015
0.015
0.015
0.017
0.019
0.023
0.027
0.032
0.038
0.049
0.055
0.051
0.04
0.008
-0.057
-0.152
-0.268
-0.386
-0.481
-0.515
-0.509
-0.441
-0.305
-0.132
0.049
0.191
0.272
0.282
0.251
0.17
0.091
0.05
0.04
0.033
0.028
0.024
0.019
0.015
0.011
0.007
0.004
0.0
-0.004
-0.007
-0.007
-0.008
-0.01
-0.012
-0.015
-0.017
-0.018
-0.016
-0.013
-0.009
-0.005
0.0
0.002
-0.002
-0.013
-0.02
-0.026
-0.031
-0.036
-0.042
-0.047
-0.053
-0.057
-0.061
-0.064
-0.065
-0.067
-0.068
-0.071
-0.073
-0.075
-0.078
-0.08
-0.082
-0.084
-0.086
-0.089
-0.093
-0.097
-0.105
-0.121
-0.132
-0.143
-0.155
-0.173
-0.187
-0.199
-0.207
-0.212
-0.215
-0.217
-0.219
-0.221
-0.223
-0.224
-0.224
-0.224
-0.222
-0.218
-0.212
-0.206
-0.197
-0.182
-0.163
-0.151
-0.143
-0.138
-0.133
-0.128
-0.124
-0.121
-0.116
-0.11
-0.098
-0.084
-0.063
-0.038
-0.012
0.015
0.026
0.03
0.033
0.036
0.038
0.04
0.042
0.043
0.044
0.045
0.045
0.046
0.047
0.048
0.048
0.049
0.05
0.051
0.051
0.052
0.053
0.054
0.056
0.057
0.057
0.057
0.058
0.061
0.064
0.066
0.066
0.06
0.051
0.043
0.039
0.035
0.031
0.027
0.023
0.019
0.015
0.012
0.009
0.007
0.006
0.007
0.008
0.01
0.012
0.015
0.018
0.021
0.024
0.026
0.028
0.03
0.033
0.036
0.04
0.044
0.048
0.052
0.056
0.059
0.062
0.064
0.065
0.066
0.066
0.067
0.068
0.07
0.074
0.078
0.078
0.07
0.06
0.054
0.05
0.045
0.041
0.036
0.032
0.029
0.027
0.025
0.024
0.024
0.023
0.023
0.023
0.022
0.02
0.018
0.016
0.016
0.019
0.023
0.027
0.031
0.034
0.037
0.04
0.044
0.047
0.05
0.053
0.055
0.057
0.058
0.059
0.06
0.061
0.062
0.063
0.064
0.064
0.063
0.061
0.059
0.056
0.052
0.048
0.045
0.042
0.039
0.036
0.034
0.032
0.03
0.028
0.028
0.029
0.03
0.031
0.032
0.032
0.033
0.035
0.038
0.041
0.045
0.048
0.056
0.06
0.058
0.053
0.05
0.047
0.044
0.041
0.039
0.04
0.042
0.046
0.05
0.054
0.06
0.065
0.061
0.054
0.05
0.048
0.044
0.041
0.037
0.035
0.032
0.029
0.026
0.024
0.021
0.019
0.018
0.017
0.015
0.011
0.006
0.001
-0.001
-0.002
-0.001
0.0
0.003
0.005
0.01
0.017
0.018
0.01
0.005
0.001
-0.002
-0.006
-0.007
-0.007
-0.004
-0.001
0.002
0.006
0.012
0.015
0.009
0.0
-0.005
-0.01
-0.014
-0.018
-0.022
-0.024
-0.025
-0.026
-0.027
-0.027
-0.027
-0.025
-0.023
-0.021
-0.018
-0.016
-0.013
-0.009
0.0
0.002
-0.006
-0.033
-0.071
-0.128
-0.203
-0.298
-0.4
-0.489
-0.533
-0.53
-0.465
-0.321
-0.139
0.035
0.155
0.188
0.186
0.14
0.086
0.042
0.017
0.007
0.003
0.0
-0.001
-0.004
-0.005
-0.007
-0.009
-0.01
-0.012
-0.013
-0.014
-0.014
-0.013
-0.011
-0.01
-0.01
-0.011
-0.012
-0.014
-0.016
-0.02
-0.02
-0.016
-0.014
-0.013
-0.011
-0.009
-0.008
-0.007
-0.007
-0.006
-0.006
-0.007
-0.009
-0.011
-0.015
-0.019
-0.023
-0.028
-0.039
-0.061
-0.069
-0.072
-0.075
-0.076
-0.078
-0.079
-0.082
-0.086
-0.089
-0.093
-0.097
-0.101
-0.107
-0.117
-0.136
-0.153
-0.164
-0.171
-0.178
-0.182
-0.185
-0.188
-0.189
-0.19
-0.191
-0.191
-0.192
-0.193
-0.194
-0.194
-0.192
-0.188
-0.181
-0.174
-0.165
-0.156
-0.142
-0.127
-0.114
-0.102
-0.09
-0.077
-0.065
-0.055
-0.045
-0.037
-0.03
-0.022
-0.014
-0.004
0.005
0.014
0.021
0.028
0.034
0.039
0.044
0.047
0.049
0.051
0.052
0.052
0.053
0.054
0.054
0.055
0.056
0.057
0.058
0.059
0.06
0.062
0.062
0.063
0.063
0.063
0.064
0.064
0.064
0.064
0.065
0.066
0.068
0.071
0.074
0.077
0.079
0.081
0.083
0.084
0.086
0.086
0.086
0.084
0.083
0.081
0.079
0.078
0.076
0.074
0.072
0.07
0.069
0.067
0.065
0.063
0.06
0.058
0.056
0.054
0.053
0.052
0.052
0.051
0.051
0.051
0.051
0.051
0.05
0.05
0.048
0.047
0.047
0.046
0.047
0.048
0.049
0.05
0.051
0.052
0.053
0.054
0.054
0.053
0.052
0.05
0.048
0.045
0.044
0.042
0.041
0.041
0.041
0.041
0.041
0.04
0.039
0.036
0.031
0.027
0.025
0.024
0.025
0.027
0.028
0.029
0.029
0.03
0.031
0.033
0.034
0.035
0.036
0.035
0.033
0.032
0.03
0.029
0.028
0.027
0.026
0.025
0.024
0.024
0.024
0.024
0.023
0.022
0.021
0.02
0.02
0.02
0.019
0.017
0.015
0.013
0.012
0.01
0.005
0.0
-0.011
-0.024
-0.038
-0.06
-0.094
-0.157
-0.233
-0.313
-0.388
-0.412
-0.429
-0.371
-0.251
-0.093
0.084
0.233
0.298
0.301
0.255
0.188
0.135
0.119
0.104
0.091
0.068
0.035
0.016
0.006
-0.001
-0.005
-0.007
-0.006
-0.005
-0.002
0.0
0.001
0.004
0.007
0.011
0.012
0.008
0.003
-0.001
-0.004
-0.007
-0.011
-0.015
-0.02
-0.025
-0.029
-0.032
-0.036
-0.039
-0.042
-0.043
-0.044
-0.044
-0.046
-0.047
-0.05
-0.054
-0.059
-0.064
-0.069
-0.076
-0.082
-0.089
-0.094
-0.099
-0.103
-0.107
-0.112
-0.116
-0.12
-0.125
-0.129
-0.134
-0.139
-0.143
-0.147
-0.152
-0.158
-0.171
-0.2
-0.224
-0.241
-0.249
-0.254
-0.259
-0.263
-0.263
-0.255
-0.244
-0.234
-0.223
-0.213
-0.206
-0.199
-0.189
-0.176
-0.159
-0.136
-0.108
-0.085
-0.068
-0.053
-0.032
-0.006
0.006
0.011
0.015
0.019
0.022
0.025
0.028
0.031
0.034
0.036
0.038
0.041
0.043
0.046
0.049
0.053
0.057
0.06
0.063
0.066
0.068
0.07
0.073
0.075
0.076
0.078
0.08
0.082
0.085
0.086
0.084
0.08
0.075
0.07
0.067
0.063
0.059
0.055
0.052
0.051
0.051
0.054
0.057
0.062
0.066
0.071
0.078
0.084
0.088
0.086
0.081
0.075
0.067
0.057
0.048
0.041
0.034
0.026
0.022
0.027
0.037
0.046
0.055
0.063
0.07
0.077
0.08
0.083
0.087
0.09
0.093
0.095
0.096
0.096
0.095
0.094
0.092
0.089
0.086
0.082
0.079
0.075
0.073
0.07
0.068
0.065
0.062
0.058
0.054
0.051
0.048
0.047
0.045
0.044
0.043
0.042
0.042
0.042
0.043
0.043
0.043
0.041
0.04
0.039
0.039
0.04
0.042
0.045
0.049
0.054
0.059
0.065
0.072
0.078
0.083
0.087
0.091
0.098
0.102
0.097
0.088
0.078
0.069
0.057
0.043
0.037
0.032
0.027
0.023
0.019
0.016
0.013
0.011
0.009
0.008
0.007
0.006
0.006
0.006
0.006
0.006
0.006
0.006
0.005
0.005
0.004
0.003
0.002
0.002
0.001
0.002
0.003
0.005
0.008
0.012
0.015
0.019
0.024
0.03
0.042
0.05
0.056
0.061
0.067
0.07
0.065
0.05
0.009
-0.052
-0.134
-0.234
-0.339
-0.43
-0.477
-0.476
-0.424
-0.295
-0.119
0.066
0.214
0.273
0.273
0.212
0.126
0.047
-0.013
-0.042
-0.054
-0.054
-0.04
-0.018
-0.003
-0.001
0.0
0.0
0.001
0.002
0.003
0.004
0.005
0.006
0.007
0.007
0.006
0.005
0.003
0.002
0.0
-0.001
-0.003
-0.005
-0.007
-0.009
-0.013
-0.02
-0.029
-0.038
-0.047
-0.054
-0.06
-0.065
-0.07
-0.076
-0.081
-0.087
-0.09
-0.093
-0.095
-0.097
-0.099
-0.101
-0.103
-0.105
-0.107
-0.109
-0.111
-0.114
-0.116
-0.12
-0.123
-0.128
-0.134
-0.146
-0.157
-0.167
-0.176
-0.185
-0.191
-0.194
-0.196
-0.198
-0.199
-0.201
-0.202
-0.202
-0.202
-0.2
-0.195
-0.189
-0.182
-0.17
-0.151
-0.139
-0.124
-0.102
-0.083
-0.069
-0.054
-0.034
-0.007
0.011
0.021
0.03
0.039
0.047
0.055
0.061
0.067
0.072
0.076
0.079
0.082
0.083
0.084
0.085
0.086
0.086
0.087
0.087
0.086
0.086
0.085
0.086
0.086
0.086
0.085
0.084
0.083
0.082
0.082
0.082
0.082
0.081
0.08
0.08
0.081
0.082
0.084
0.085
0.086
0.087
0.088
0.089
0.09
0.091
0.092
0.093
0.095
0.099
0.103
0.106
0.107
0.106
0.104
0.102
0.099
0.097
0.094
0.09
0.086
0.083
0.08
0.078
0.077
0.076
0.075
0.074
0.073
0.073
0.071
0.068
0.064
0.062
0.062
0.066
0.072
0.077
0.08
0.083
0.087
0.091
0.095
0.098
0.099
0.1
0.099
0.098
0.097
0.095
0.092
0.089
0.086
0.084
0.082
0.081
0.079
0.077
0.075
0.072
0.07
0.067
0.065
0.063
0.061
0.058
0.055
0.052
0.032
-0.006
-0.059
-0.13
-0.219
-0.323
-0.422
-0.488
-0.493
-0.452
-0.317
-0.134
0.062
0.22
0.28
0.282
0.228
0.151
0.089
0.071
0.069
0.067
0.066
0.065
0.064
0.063
0.061
0.059
0.056
0.053
0.049
0.046
0.044
0.042
0.039
0.036
0.033
0.029
0.025
0.021
0.017
0.013
0.009
0.004
-0.001
-0.008
-0.02
-0.03
-0.038
-0.046
-0.054
-0.06
-0.065
-0.068
-0.071
-0.074
-0.076
-0.078
-0.08
-0.082
-0.084
-0.087
-0.091
-0.096
-0.101
-0.109
-0.121
-0.131
-0.137
-0.143
-0.147
-0.151
-0.156
-0.161
-0.168
-0.177
-0.19
-0.209
-0.227
-0.249
-0.277
-0.292
-0.301
-0.307
-0.311
-0.313
-0.311
-0.307
-0.3
-0.292
-0.282
-0.268
-0.257
-0.248
-0.233
-0.212
-0.177
-0.142
-0.121
-0.104
-0.09
-0.077
-0.048
-0.013
0.016
0.028
0.037
0.045
0.053
0.061
0.064
0.067
0.069
0.071
0.072
0.072
0.073
0.072
0.07
0.068
0.064
0.059
0.053
0.042
0.032
0.026
0.021
0.017
0.015
0.014
0.014
0.014
0.013
0.013
0.012
0.011
0.011
0.013
0.016
0.02
0.024
0.03
0.039
0.047
0.054
0.062
0.072
0.084
0.091
0.096
0.1
0.103
0.105
0.106
0.105
0.102
0.097
0.093
0.088
0.083
0.077
0.07
0.065
0.062
0.059
0.057
0.056
0.056
0.055
0.053
0.052
0.051
0.051
0.05
0.049
0.048
0.047
0.046
0.046
0.047
0.047
0.048
0.05
0.051
0.053
0.056
0.058
0.06
0.062
0.064
0.067
0.07
0.074
0.079
0.084
0.087
0.089
0.09
0.092
0.093
0.095
0.097
0.098
0.099
0.096
0.091
0.083
0.074
0.062
0.051
0.044
0.037
0.032
0.029
0.027
0.025
0.023
0.02
0.019
0.019
0.018
0.018
0.019
0.019
0.016
0.012
0.006
0.0
-0.009
-0.01
-0.012
-0.014
-0.005
0.003
0.011
0.019
0.028
0.043
0.056
0.061
0.066
0.065
0.05
0.01
-0.052
-0.14
-0.244
-0.347
-0.421
-0.431
-0.41
-0.303
-0.142
0.039
0.192
0.279
0.292
0.268
0.192
0.114
0.073
0.061
0.053
0.047
0.041
0.029
0.005
-0.011
-0.02
-0.026
-0.03
-0.032
-0.032
-0.033
-0.033
-0.035
-0.036
-0.039
-0.041
-0.041
-0.038
-0.035
-0.032
-0.028
-0.024
-0.024
-0.029
-0.035
-0.039
-0.044
-0.048
-0.05
-0.049
-0.048
-0.046
-0.045
-0.043
-0.041
-0.04
-0.04
-0.044
-0.05
-0.057
-0.064
-0.073
-0.081
-0.086
-0.091
-0.098
-0.107
-0.125
-0.139
-0.148
-0.156
-0.162
-0.166
-0.169
-0.178
-0.189
-0.195
-0.199
-0.201
-0.198
-0.193
-0.188
-0.184
-0.18
-0.176
-0.173
-0.17
-0.167
-0.164
-0.162
-0.159
-0.156
-0.152
-0.148
-0.141
-0.132
-0.117
-0.103
-0.085
-0.06
-0.039
-0.023
-0.007
0.005
0.016
0.026
0.035
0.039
0.042
0.045
0.047
0.049
0.051
0.052
0.054
0.056
0.057
0.058
0.059
0.06
0.061
0.063
0.065
0.066
0.067
0.068
0.07
0.071
0.073
0.074
0.074
0.074
0.074
0.074
0.075
0.076
0.077
0.077
0.078
0.078
0.077
0.077
0.076
0.075
0.073
0.071
0.068
0.065
0.061
0.058
0.055
0.049
0.035
0.024
0.016
0.01
0.005
0.003
0.007
0.015
0.023
0.03
0.037
0.043
0.049
0.054
0.059
0.062
0.066
0.069
0.073
0.078
0.081
0.083
0.083
0.081
0.078
0.075
0.072
0.07
0.065
0.061
0.058
0.061
0.068
0.076
0.083
0.09
0.096
0.1
0.1
0.097
0.093
0.087
0.081
0.07
0.064
0.06
0.057
0.056
0.054
0.053
0.052
0.051
0.051
0.051
0.051
0.052
0.053
0.053
0.055
0.056
0.058
0.06
0.062
0.064
0.067
0.071
0.076
0.077
0.074
0.07
0.067
0.064
0.061
0.058
0.056
0.054
0.052
0.049
0.046
0.042
0.04
0.037
0.033
0.029
0.023
0.017
0.01
0.004
-0.001
-0.006
-0.011
-0.017
-0.022
-0.025
-0.025
-0.023
-0.02
-0.015
-0.011
-0.005
0.0
0.007
0.016
0.023
0.028
0.032
0.037
0.042
0.05
0.056
0.058
0.059
0.059
0.059
0.06
0.06
0.061
0.059
0.054
0.047
0.038
0.025
0.01
0.001
-0.005
-0.01
-0.015
-0.021
-0.027
-0.033
-0.038
-0.043
-0.048
-0.053
-0.057
-0.059
-0.059
-0.058
-0.055
-0.05
-0.044
-0.037
-0.025
-0.006
0.003
0.01
0.016
0.02
0.014
-0.002
-0.049
-0.119
-0.21
-0.312
-0.418
-0.504
-0.522
-0.505
-0.396
-0.227
-0.044
0.107
0.174
0.196
0.181
0.136
0.081
0.031
0.004
-0.011
-0.019
-0.026
-0.032
-0.038
-0.046
-0.054
-0.064
-0.073
-0.08
-0.085
-0.089
-0.092
-0.094
-0.094
-0.092
-0.087
-0.081
-0.073
-0.064
-0.051
-0.041
-0.033
-0.028
-0.025
-0.021
-0.019
-0.017
-0.016
-0.015
-0.015
-0.017
-0.019
-0.022
-0.026
-0.031
-0.035
-0.039
-0.043
-0.047
-0.051
-0.055
-0.058
-0.062
-0.064
-0.066
-0.068
-0.071
-0.075
-0.083
-0.104
-0.128
-0.154
-0.179
-0.197
-0.21
-0.218
-0.225
-0.229
-0.231
-0.229
-0.223
-0.216
-0.209
-0.199
-0.189
-0.18
-0.174
-0.17
-0.167
-0.164
-0.16
-0.156
-0.151
-0.146
-0.14
-0.133
-0.123
-0.107
-0.092
-0.077
-0.062
-0.047
-0.032
-0.017
-0.01
-0.006
-0.003
-0.001
0.0
0.002
0.004
0.006
0.009
0.011
0.013
0.016
0.019
0.021
0.024
0.027
0.029
0.031
0.035
0.039
0.043
0.047
0.05
0.052
0.053
0.054
0.056
0.058
0.059
0.06
0.062
0.063
0.065
0.067
0.069
0.07
0.071
0.072
0.072
0.072
0.073
0.073
0.073
0.073
0.077
0.08
0.08
0.072
0.063
0.059
0.055
0.052
0.049
0.046
0.042
0.039
0.036
0.034
0.033
0.033
0.034
0.036
0.038
0.041
0.045
0.05
0.054
0.058
0.061
0.067
0.079
0.088
0.095
0.1
0.105
0.11
0.112
0.111
0.107
0.103
0.099
0.095
0.092
0.089
0.086
0.084
0.082
0.08
0.077
0.075
0.072
0.07
0.066
0.057
0.052
0.054
0.057
0.058
0.059
0.06
0.061
0.061
0.061
0.061
0.061
0.062
0.062
0.061
0.06
0.058
0.056
0.053
0.051
0.048
0.042
0.036
0.035
0.042
0.051
0.059
0.067
0.075
0.078
0.075
0.068
0.061
0.056
0.05
0.043
0.038
0.034
0.034
0.035
0.038
0.041
0.046
0.054
0.053
0.037
0.025
0.014
0.007
0.007
0.016
0.03
0.047
0.067
0.08
0.094
0.105
0.092
0.05
-0.019
-0.11
-0.215
-0.324
-0.418
-0.456
-0.445
-0.352
-0.172
0.041
0.234
0.335
0.369
0.346
0.272
0.17
0.074
0.018
-0.001
-0.009
-0.003
0.007
0.017
0.028
0.033
0.026
0.014
0.01
0.007
0.005
0.003
0.002
0.001
0.001
0.0
0.0
-0.001
-0.002
-0.004
-0.005
-0.005
-0.006
-0.008
-0.01
-0.013
-0.015
-0.018
-0.021
-0.024
-0.028
-0.031
-0.035
-0.039
-0.043
-0.05
-0.06
-0.07
-0.078
-0.083
-0.087
-0.091
-0.094
-0.098
-0.101
-0.105
-0.107
-0.109
-0.112
-0.116
-0.121
-0.126
-0.132
-0.138
-0.145
-0.155
-0.165
-0.173
-0.18
-0.184
-0.187
-0.19
-0.193
-0.195
-0.197
-0.198
-0.198
-0.198
-0.196
-0.194
-0.19
-0.185
-0.179
-0.172
-0.165
-0.157
-0.148
-0.137
-0.127
-0.119
-0.111
-0.103
-0.095
-0.086
-0.077
-0.068
-0.058
-0.048
-0.034
-0.014
0.005
0.019
0.03
0.038
0.044
0.049
0.053
0.055
0.057
0.06
0.062
0.064
0.065
0.066
0.067
0.068
0.069
0.07
0.069
0.067
0.065
0.062
0.059
0.056
0.053
0.05
0.047
0.044
0.042
0.04
0.038
0.036
0.033
0.03
0.027
0.025
0.024
0.022
0.021
0.022
0.024
0.028
0.033
0.038
0.044
0.05
0.056
0.063
0.073
0.082
0.085
0.086
0.086
0.086
0.086
0.086
0.087
0.087
0.088
0.088
0.089
0.09
0.09
0.089
0.088
0.087
0.085
0.084
0.082
0.081
0.081
0.08
0.079
0.079
0.078
0.077
0.076
0.075
0.074
0.072
0.071
0.07
0.069
0.069
0.07
0.07
0.071
0.072
0.073
0.075
0.075
0.076
0.076
0.076
0.076
0.075
0.074
0.073
0.071
0.069
0.068
0.066
0.064
0.062
0.061
0.059
0.057
0.055
0.053
0.05
0.048
0.046
0.044
0.043
0.041
0.04
0.039
0.038
0.038
0.038
0.038
0.038
0.038
0.039
0.039
0.039
0.039
0.039
0.039
0.039
0.039
0.039
0.039
0.039
0.039
0.039
0.039
0.039
0.04
0.042
0.044
0.046
0.048
0.049
0.049
0.048
0.047
0.045
0.044
0.041
0.039
0.036
0.033
0.03
0.026
0.022
-0.015
-0.094
-0.188
-0.289
-0.38
-0.432
-0.434
-0.388
-0.265
-0.097
0.082
0.233
0.303
0.326
0.299
0.221
0.125
0.048
0.014
0.002
-0.003
-0.007
-0.01
-0.011
-0.013
-0.013
-0.013
-0.011
-0.01
-0.01
-0.009
-0.008
-0.007
-0.005
-0.003
-0.001
0.0
0.002
0.004
0.005
0.005
0.004
0.002
0.0
-0.002
-0.005
-0.009
-0.013
-0.017
-0.021
-0.024
-0.028
-0.032
-0.038
-0.046
-0.054
-0.061
-0.067
-0.072
-0.079
-0.089
-0.101
-0.114
-0.126
-0.132
-0.135
-0.138
-0.141
-0.143
-0.145
-0.147
-0.149
-0.153
-0.157
-0.16
-0.164
-0.167
-0.169
-0.173
-0.177
-0.182
-0.192
-0.212
-0.219
-0.221
-0.224
-0.226
-0.228
-0.23
-0.226
-0.216
-0.205
-0.194
-0.18
-0.169
-0.162
-0.155
-0.146
-0.135
-0.119
-0.097
-0.07
-0.046
-0.028
-0.012
-0.004
0.0
0.004
0.007
0.009
0.012
0.015
0.018
0.021
0.024
0.026
0.029
0.032
0.035
0.037
0.04
0.042
0.045
0.047
0.049
0.052
0.055
0.058
0.061
0.068
0.072
0.069
0.063
0.061
0.059
0.057
0.055
0.053
0.052
0.05
0.047
0.044
0.041
0.039
0.037
0.035
0.035
0.034
0.032
0.031
0.03
0.029
0.029
0.028
0.027
0.025
0.023
0.021
0.02
0.018
0.018
0.017
0.018
0.019
0.022
0.025
0.028
0.031
0.034
0.036
0.038
0.041
0.043
0.045
0.048
0.053
0.06
0.066
0.069
0.069
0.067
0.064
0.062
0.06
0.059
0.057
0.056
0.054
0.052
0.05
0.048
0.046
0.045
0.045
0.046
0.046
0.046
0.046
0.046
0.045
0.044
0.044
0.043
0.043
0.043
0.043
0.045
0.047
0.048
0.05
0.051
0.052
0.053
0.053
0.054
0.055
0.056
0.056
0.058
0.064
0.07
0.071
0.068
0.064
0.061
0.059
0.057
0.055
0.052
0.05
0.047
0.044
0.04
0.037
0.033
0.03
0.028
0.025
0.022
0.018
0.013
0.01
0.008
0.009
0.013
0.018
0.023
0.028
0.031
0.036
0.041
0.047
0.052
0.056
0.059
0.061
0.062
0.062
0.061
0.059
0.056
0.052
0.048
0.045
0.042
0.039
0.035
0.03
0.024
0.019
0.015
0.011
0.009
0.007
0.006
0.005
0.004
0.003
0.002
0.0
-0.002
-0.003
-0.001
0.002
0.008
0.011
0.014
0.016
0.019
0.022
0.025
0.028
0.03
0.032
0.034
0.04
0.048
0.039
0.012
-0.042
-0.125
-0.233
-0.351
-0.461
-0.523
-0.524
-0.464
-0.318
-0.143
0.019
0.138
0.18
0.182
0.152
0.112
0.073
0.051
0.029
0.008
-0.002
-0.007
-0.012
-0.015
-0.016
-0.015
-0.011
-0.006
-0.002
0.001
0.005
0.01
0.014
0.018
0.019
0.018
0.015
0.012
0.009
0.006
0.003
0.0
-0.005
-0.01
-0.016
-0.021
-0.026
-0.028
-0.031
-0.033
-0.035
-0.036
-0.037
-0.038
-0.041
-0.044
-0.047
-0.05
-0.052
-0.054
-0.056
-0.059
-0.062
-0.066
-0.071
-0.08
-0.089
-0.096
-0.102
-0.107
-0.111
-0.114
-0.117
-0.122
-0.128
-0.135
-0.142
-0.149
-0.158
-0.166
-0.174
-0.18
-0.186
-0.19
-0.194
-0.198
-0.201
-0.204
-0.205
-0.205
-0.204
-0.201
-0.197
-0.192
-0.185
-0.172
-0.146
-0.126
-0.112
-0.1
-0.089
-0.081
-0.07
-0.057
-0.042
-0.025
-0.014
-0.005
0.003
0.013
0.024
0.037
0.051
0.062
0.068
0.073
0.077
0.079
0.079
0.077
0.072
0.066
0.06
0.054
0.047
0.038
0.032
0.026
0.022
0.019
0.016
0.013
0.009
0.007
0.005
0.006
0.008
0.011
0.014
0.017
0.021
0.025
0.031
0.038
0.044
0.051
0.058
0.064
0.07
0.076
0.08
0.084
0.087
0.089
0.091
0.093
0.097
0.102
0.106
0.108
0.105
0.099
0.093
0.089
0.087
0.083
0.08
0.076
0.072
0.069
0.065
0.062
0.058
0.054
0.05
0.046
0.042
0.034
0.026
0.022
0.024
0.027
0.032
0.039
0.048
0.06
0.069
0.078
0.083
0.081
0.076
0.073
0.071
0.069
0.067
0.066
0.065
0.063
0.062
0.06
0.058
0.057
0.056
0.055
0.054
0.053
0.052
0.05
0.048
0.046
0.043
0.039
0.034
0.028
0.023
0.019
0.015
0.011
0.006
0.002
0.0
0.0
0.004
0.009
0.015
0.021
0.026
0.034
0.043
0.049
0.054
0.059
0.065
0.074
0.08
0.079
0.075
0.073
0.07
0.068
0.066
0.065
0.063
0.061
0.06
0.058
0.055
0.045
-0.004
-0.078
-0.175
-0.291
-0.402
-0.475
-0.483
-0.449
-0.326
-0.152
0.042
0.212
0.305
0.312
0.26
0.158
0.069
0.039
0.032
0.027
0.024
0.021
0.019
0.017
0.015
0.011
0.009
0.006
0.005
0.007
0.009
0.012
0.013
0.015
0.017
0.019
0.022
0.022
0.02
0.016
0.01
0.002
-0.01
-0.023
-0.029
-0.033
-0.036
-0.039
-0.041
-0.043
-0.045
-0.047
-0.05
-0.053
-0.057
-0.06
-0.064
-0.067
-0.073
-0.084
-0.094
-0.1
-0.104
-0.108
-0.111
-0.114
-0.118
-0.123
-0.128
-0.134
-0.14
-0.147
-0.158
-0.168
-0.177
-0.182
-0.187
-0.19
-0.193
-0.196
-0.201
-0.205
-0.209
-0.213
-0.218
-0.224
-0.233
-0.241
-0.241
-0.235
-0.226
-0.215
-0.201
-0.187
-0.17
-0.149
-0.13
-0.107
-0.091
-0.082
-0.075
-0.068
-0.061
-0.054
-0.043
-0.029
-0.011
0.005
0.018
0.032
0.047
0.055
0.06
0.065
0.07
0.074
0.077
0.079
0.08
0.08
0.079
0.078
0.076
0.073
0.068
0.063
0.058
0.053
0.048
0.04
0.032
0.027
0.025
0.023
0.022
0.02
0.018
0.015
0.014
0.017
0.021
0.023
0.024
0.026
0.027
0.029
0.031
0.032
0.035
0.036
0.037
0.038
0.038
0.038
0.039
0.04
0.04
0.041
0.041
0.041
0.042
0.042
0.043
0.044
0.045
0.045
0.045
0.045
0.045
0.045
0.045
0.046
0.045
0.044
0.043
0.042
0.041
0.04
0.039
0.038
0.037
0.036
0.035
0.036
0.036
0.036
0.036
0.035
0.034
0.034
0.034
0.034
0.033
0.032
0.031
0.03
0.03
0.031
0.032
0.032
0.031
0.03
0.029
0.029
0.03
0.031
0.031
0.03
0.03
0.031
0.032
0.033
0.034
0.035
0.035
0.035
0.035
0.036
0.037
0.038
0.038
0.039
0.04
0.041
0.042
0.044
0.044
0.044
0.044
0.043
0.042
0.042
0.041
0.04
0.038
0.037
0.035
0.034
0.033
0.032
0.029
0.026
0.024
0.022
0.022
0.022
0.023
0.024
0.024
0.025
0.027
0.028
0.029
0.03
0.031
0.032
0.032
0.031
0.03
0.028
0.027
0.025
0.023
0.023
0.022
0.022
0.021
0.022
0.022
0.022
0.021
0.021
0.021
0.021
0.021
0.021
0.02
0.02
0.02
0.021
0.022
0.023
0.024
0.024
0.024
0.024
0.023
0.023
0.022
0.021
0.02
0.019
0.018
0.017
0.017
0.016
0.015
0.015
0.014
0.013
0.011
0.01
0.008
0.006
0.006
0.005
0.006
0.006
0.006
0.007
0.007
0.008
0.008
0.008
0.007
0.007
0.007
0.007
0.008
0.009
0.01
0.012
0.013
0.015
0.016
0.016
0.016
0.016
0.015
0.014
0.014
0.014
0.015
0.015
0.016
0.017
0.018
0.019
0.019
0.02
0.019
0.017
0.014
0.011
0.007
0.003
-0.014
-0.053
-0.104
-0.166
-0.247
-0.338
-0.417
-0.449
-0.44
-0.359
-0.212
-0.033
0.129
0.239
0.277
0.239
0.159
0.087
0.049
0.036
0.034
0.038
0.041
0.045
0.044
0.037
0.033
0.032
0.031
0.031
0.031
0.031
0.03
0.028
0.025
0.021
0.019
0.016
0.014
0.012
0.011
0.009
0.008
0.007
0.006
0.004
0.001
-0.002
-0.005
-0.009
-0.013
-0.017
-0.02
-0.022
-0.025
-0.028
-0.032
-0.044
-0.06
-0.064
-0.066
-0.068
-0.07
-0.072
-0.072
-0.071
-0.069
-0.067
-0.062
-0.056
-0.069
-0.09
-0.111
-0.12
-0.125
-0.128
-0.132
-0.134
-0.137
-0.141
-0.145
-0.149
-0.153
-0.158
-0.163
-0.169
-0.181
-0.19
-0.192
-0.187
-0.18
-0.175
-0.171
-0.168
-0.165
-0.163
-0.16
-0.156
-0.152
-0.149
-0.144
-0.139
-0.129
-0.106
-0.08
-0.056
-0.032
-0.011
0.0
0.004
0.008
0.013
0.02
0.027
0.034
0.04
0.044
0.048
0.053
0.058
0.061
0.064
0.066
0.066
0.068
0.069
0.07
0.071
0.071
0.071
0.07
0.071
0.07
0.07
0.069
0.069
0.068
0.067
0.067
0.067
0.066
0.064
0.062
0.06
0.058
0.057
0.056
0.055
0.054
0.053
0.052
0.051
0.051
0.05
0.05
0.049
0.048
0.048
0.047
0.047
0.048
0.047
0.047
0.047
0.047
0.048
0.048
0.048
0.049
0.049
0.049
0.049
0.05
0.051
0.051
0.05
0.05
0.05
0.051
0.051
0.052
0.053
0.054
0.055
0.056
0.057
0.059
0.059
0.059
0.059
0.059
0.058
0.058
0.058
0.058
0.059
0.062
0.066
0.066
0.061
0.055
0.052
0.051
0.049
0.048
0.046
0.044
0.042
0.039
0.037
0.035
0.034
0.033
0.033
0.032
0.031
0.031
0.031
0.03
0.028
0.026
0.023
0.021
0.02
0.02
0.023
0.026
0.03
0.036
0.046
0.046
0.035
0.031
0.029
0.027
0.027
0.026
0.026
0.026
0.024
0.021
0.019
0.017
0.015
0.015
0.013
0.012
0.009
0.005
0.0
-0.027
-0.086
-0.165
-0.257
-0.347
-0.411
-0.42
-0.397
-0.288
-0.114
0.079
0.25
0.339
0.348
0.305
0.212
0.127
0.089
0.077
0.086
0.097
0.107
0.106
0.092
0.07
0.041
0.028
0.022
0.018
0.015
0.012
0.01
0.006
0.003
0.0
-0.003
-0.006
-0.008
-0.011
-0.013
-0.016
-0.019
-0.022
-0.025
-0.028
-0.031
-0.033
-0.034
-0.035
-0.036
-0.036
-0.036
-0.036
-0.037
-0.038
-0.039
-0.041
-0.043
-0.044
-0.046
-0.048
-0.05
-0.053
-0.056
-0.059
-0.064
-0.074
-0.097
-0.116
-0.131
-0.149
-0.159
-0.166
-0.171
-0.175
-0.18
-0.185
-0.19
-0.195
-0.199
-0.202
-0.207
-0.212
-0.217
-0.222
-0.224
-0.224
-0.222
-0.218
-0.214
-0.209
-0.203
-0.192
-0.184
-0.177
-0.165
-0.147
-0.124
-0.104
-0.084
-0.067
-0.044
-0.015
0.019
0.035
0.044
0.049
0.054
0.058
0.062
0.064
0.066
0.069
0.071
0.072
0.072
0.07
0.068
0.065
0.062
0.06
0.058
0.055
0.053
0.052
0.053
0.056
0.06
0.063
0.066
0.069
0.072
0.075
0.079
0.081
0.083
0.083
0.082
0.082
0.08
0.079
0.076
0.073
0.069
0.063
0.058
0.058
0.062
0.067
0.069
0.07
0.072
0.073
0.075
0.076
0.078
0.079
0.08
0.081
0.082
0.084
0.085
0.086
0.086
0.087
0.089
0.09
0.092
0.093
0.094
0.093
0.093
0.091
0.09
0.088
0.085
0.083
0.081
0.078
0.077
0.075
0.073
0.07
0.066
0.062
0.057
0.053
0.049
0.044
0.038
0.032
0.028
0.027
0.026
0.026
0.025
0.024
0.022
0.021
0.025
0.031
0.036
0.039
0.042
0.044
0.047
0.049
0.051
0.053
0.055
0.057
0.058
0.059
0.061
0.064
0.068
0.071
0.071
0.069
0.066
0.063
0.06
0.058
0.055
0.053
0.051
0.049
0.047
0.045
0.044
0.043
0.042
0.042
0.04
0.039
0.038
0.037
0.037
0.038
0.039
0.041
0.043
0.046
0.052
0.053
0.046
0.026
-0.004
-0.051
-0.117
-0.2
-0.291
-0.371
-0.393
-0.38
-0.287
-0.129
0.056
0.228
0.355
0.394
0.391
0.333
0.247
0.163
0.098
0.059
0.04
0.03
0.024
0.019
0.012
0.004
-0.002
-0.01
-0.018
-0.027
-0.033
-0.037
-0.04
-0.043
-0.045
-0.047
-0.05
-0.052
-0.054
-0.056
-0.058
-0.06
-0.062
-0.065
-0.068
-0.069
-0.069
-0.068
-0.067
-0.066
-0.065
-0.062
-0.057
-0.069
-0.082
-0.092
-0.097
-0.093
-0.086
-0.079
-0.071
-0.065
-0.062
-0.059
-0.054
-0.048
-0.06
-0.082
-0.101
-0.111
-0.118
-0.127
-0.138
-0.146
-0.152
-0.157
-0.164
-0.171
-0.178
-0.186
-0.195
-0.207
-0.215
-0.217
-0.218
-0.218
-0.219
-0.219
-0.219
-0.213
-0.203
-0.191
-0.175
-0.165
-0.156
-0.146
-0.135
-0.12
-0.102
-0.082
-0.064
-0.046
-0.028
-0.008
0.013
0.025
0.03
0.034
0.037
0.039
0.041
0.042
0.044
0.045
0.046
0.046
0.047
0.048
0.049
0.049
0.049
0.049
0.049
0.048
0.048
0.048
0.048
0.047
0.047
0.046
0.046
0.046
0.047
0.047
0.048
0.048
0.049
0.049
0.05
0.05
0.05
0.05
0.05
0.051
0.051
0.052
0.052
0.053
0.054
0.056
0.057
0.058
0.058
0.057
0.056
0.054
0.053
0.051
0.048
0.044
0.042
0.041
0.042
0.045
0.048
0.051
0.054
0.058
0.062
0.066
0.069
0.073
0.076
0.078
0.082
0.085
0.088
0.09
0.089
0.088
0.086
0.085
0.085
0.084
0.084
0.083
0.083
0.083
0.083
0.082
0.081
0.079
0.078
0.076
0.075
0.073
0.071
0.069
0.066
0.062
0.059
0.055
0.048
0.041
0.035
0.035
0.037
0.041
0.047
0.059
0.076
0.084
0.089
0.093
0.095
0.096
0.094
0.092
0.091
0.089
0.088
0.087
0.085
0.083
0.081
0.079
0.077
0.075
0.072
0.07
0.068
0.066
0.064
0.063
0.061
0.058
0.056
0.053
0.051
0.048
0.045
0.043
0.04
0.038
0.035
0.031
0.022
0.002
-0.032
-0.08
-0.143
-0.213
-0.279
-0.312
-0.307
-0.252
-0.134
0.018
0.176
0.312
0.382
0.39
0.359
0.281
0.192
0.116
0.081
0.072
0.067
0.063
0.06
0.056
0.051
0.047
0.044
0.04
0.036
0.03
0.021
0.013
0.008
0.005
0.002
0.0
-0.001
-0.003
-0.006
-0.009
-0.011
-0.013
-0.014
-0.016
-0.018
-0.019
-0.02
-0.02
-0.019
-0.018
-0.017
-0.018
-0.017
-0.016
-0.013
-0.013
-0.018
-0.026
-0.035
-0.049
-0.06
-0.065
-0.069
-0.072
-0.074
-0.077
-0.079
-0.081
-0.083
-0.084
-0.085
-0.087
-0.09
-0.103
-0.135
-0.173
-0.188
-0.193
-0.195
-0.197
-0.199
-0.2
-0.203
-0.205
-0.208
-0.21
-0.212
-0.216
-0.222
-0.231
-0.22
-0.203
-0.184
-0.17
-0.158
-0.143
-0.121
-0.097
-0.084
-0.076
-0.07
-0.063
-0.057
-0.051
-0.042
-0.03
-0.03
-0.043
-0.054
-0.063
-0.073
-0.083
-0.092
-0.1
-0.107
-0.113
-0.12
-0.127
-0.132
-0.139
-0.146
-0.156
-0.165
-0.175
-0.183
-0.187
-0.19
-0.193
-0.196
-0.199
-0.202
-0.203
-0.204
-0.205
-0.204
-0.204
-0.202
-0.201
-0.199
-0.196
-0.193
-0.188
-0.18
-0.157
-0.138
-0.126
-0.116
-0.108
-0.094
-0.077
-0.068
-0.064
-0.06
-0.057
-0.052
-0.048
-0.043
-0.039
-0.032
-0.022
-0.011
0.001
0.011
0.02
0.027
0.028
0.027
0.026
0.024
0.021
0.022
0.035
0.048
0.063
0.075
0.091
0.106
0.114
0.118
0.121
0.121
0.114
0.105
0.1
0.096
0.092
0.089
0.087
0.085
0.084
0.084
0.085
0.088
0.092
0.096
0.101
0.106
0.115
0.122
0.122
0.118
0.109
0.081
0.04
-0.015
-0.083
-0.159
-0.241
-0.318
-0.366
-0.367
-0.329
-0.215
-0.054
0.125
0.285
0.383
0.398
0.378
0.298
0.21
0.136
0.104
0.092
0.093
0.104
0.11
0.114
0.116
0.118
0.119
0.12
0.12
0.119
0.117
0.115
0.112
0.109
0.107
0.103
0.1
0.096
0.093
0.091
0.091
0.091
0.092
0.093
0.094
0.095
0.097
0.099
0.101
0.103
0.104
0.105
0.105
0.104
0.104
0.104
0.103
0.101
0.099
0.097
0.095
0.093
0.09
0.087
0.08
0.066
0.047
0.032
0.021
0.011
0.002
-0.005
-0.02
-0.042
-0.064
-0.085
-0.1
-0.11
-0.121
-0.133
-0.14
-0.146
-0.152
-0.156
-0.159
-0.159
-0.156
-0.152
-0.147
-0.14
-0.131
-0.114
-0.098
-0.078
-0.051
-0.021
0.008
0.03
0.043
0.058
0.075
0.088
0.1
0.11
0.118
0.125
0.131
0.136
0.14
0.143
0.146
0.149
0.15
0.151
0.15
0.148
0.144
0.14
0.135
0.129
0.122
0.114
0.099
0.088
0.084
0.082
0.081
0.079
0.078
0.076
0.075
0.076
0.081
0.087
0.094
0.099
0.102
0.105
0.109
0.114
0.118
0.12
0.123
0.124
0.126
0.128
0.129
0.129
0.127
0.125
0.122
0.119
0.116
0.113
0.11
0.106
0.103
0.1
0.098
0.096
0.095
0.093
0.09
0.088
0.087
0.086
0.085
0.085
0.085
0.084
0.083
0.083
0.082
0.082
0.082
0.082
0.083
0.083
0.083
0.083
0.083
0.084
0.084
0.084
0.084
0.084
0.084
0.084
0.084
0.085
0.084
0.083
0.082
0.08
0.078
0.076
0.074
0.072
0.07
0.067
0.065
0.063
0.061
0.059
0.058
0.056
0.054
0.051
0.048
0.044
0.04
0.036
0.033
0.03
0.028
0.026
0.025
0.024
0.024
0.025
0.025
0.024
0.023
0.021
0.018
0.016
0.015
0.013
0.012
0.01
0.009
0.009
0.009
0.009
0.009
0.008
0.007
0.005
0.002
0.0
-0.001
-0.004
-0.007
-0.01
-0.013
-0.015
-0.017
-0.019
-0.021
-0.024
-0.026
-0.03
-0.034
-0.039
-0.043
-0.047
-0.049
-0.048
-0.046
-0.041
-0.036
-0.031
-0.026
-0.019
-0.012
-0.006
-0.003
-0.003
-0.006
-0.01
-0.014
-0.018
-0.021
-0.024
-0.027
-0.029
-0.032
-0.034
-0.036
-0.038
-0.04
-0.042
-0.045
-0.051
-0.055
-0.051
-0.043
-0.038
-0.033
-0.03
-0.028
-0.028
-0.031
-0.034
-0.037
-0.039
-0.041
-0.043
-0.045
-0.046
-0.047
-0.048
-0.049
-0.049
-0.049
-0.049
-0.047
-0.045
-0.044
-0.042
-0.041
-0.04
-0.039
-0.037
-0.036
-0.034
-0.033
-0.032
-0.032
-0.032
-0.032
-0.033
-0.033
-0.034
-0.034
-0.033
-0.033
-0.032
-0.032
-0.031
-0.03
-0.03
-0.029
-0.029
-0.03
-0.03
-0.03
-0.03
-0.03
-0.031
-0.031
-0.032
-0.032
-0.032
-0.031
-0.03
-0.03
-0.029
-0.029
-0.028
-0.027
-0.027
-0.027
-0.027
-0.028
-0.028
-0.028
-0.027
-0.026
-0.024
-0.021
-0.02
-0.023
-0.027
-0.03
-0.033
-0.036
-0.039
-0.039
-0.036
-0.032
-0.027
-0.021
-0.013
-0.008
-0.013
-0.025
-0.043
-0.071
-0.122
-0.188
-0.269
-0.356
-0.438
-0.484
-0.485
-0.44
-0.327
-0.172
-0.007
0.124
0.189
0.195
0.159
0.079
0.001
-0.037
-0.05
-0.049
-0.032
-0.017
-0.003
0.003
-0.005
-0.021
-0.029
-0.036
-0.041
-0.046
-0.049
-0.052
-0.053
-0.054
-0.054
-0.054
-0.052
-0.051
-0.048
-0.046
-0.044
-0.042
-0.041
-0.04
-0.039
-0.038
-0.036
-0.034
-0.031
-0.028
-0.025
-0.022
-0.021
-0.02
-0.021
-0.023
-0.026
-0.028
-0.031
-0.035
-0.039
-0.043
-0.046
-0.049
-0.053
-0.059
-0.067
-0.075
-0.081
-0.087
-0.093
-0.1
-0.107
-0.115
-0.124
-0.137
-0.149
-0.157
-0.165
-0.173
-0.179
-0.183
-0.184
-0.181
-0.176
-0.17
-0.163
-0.158
-0.153
-0.148
-0.143
-0.137
-0.131
-0.126
-0.121
-0.116
-0.111
-0.105
-0.097
-0.084
-0.066
-0.041
-0.024
-0.012
-0.001
0.008
0.017
0.023
0.029
0.033
0.038
0.043
0.049
0.054
0.058
0.061
0.064
0.067
0.072
0.078
0.084
0.084
0.08
0.075
0.073
0.072
0.071
0.07
0.069
0.068
0.068
0.067
0.067
0.066
0.066
0.065
0.065
0.065
0.064
0.063
0.062
0.061
0.058
0.055
0.052
0.047
0.042
0.038
0.032
0.022
0.01
0.003
0.0
-0.001
-0.003
-0.004
-0.007
-0.009
-0.01
-0.009
0.0
0.01
0.02
0.025
0.029
0.033
0.037
0.041
0.045
0.049
0.051
0.053
0.055
0.057
0.058
0.06
0.061
0.061
0.061
0.06
0.06
0.059
0.059
0.057
0.055
0.053
0.049
0.046
0.043
0.04
0.037
0.033
0.029
0.026
0.023
0.021
0.017
0.011
0.002
-0.005
-0.009
-0.007
-0.001
0.007
0.018
0.034
0.058
0.07
0.079
0.086
0.091
0.092
0.087
0.075
0.037
-0.013
-0.094
-0.204
-0.333
-0.457
-0.528
-0.529
-0.453
-0.277
-0.07
0.11
0.185
0.21
0.186
0.116
0.065
0.056
0.049
0.045
0.04
0.037
0.035
0.033
0.03
0.027
0.025
0.022
0.02
0.02
0.02
0.019
0.017
0.016
0.015
0.015
0.014
0.013
0.013
0.012
0.012
0.011
0.01
0.009
0.008
0.007
0.006
0.004
0.001
0.0
-0.001
-0.003
-0.005
-0.008
-0.011
-0.015
-0.02
-0.025
-0.03
-0.04
-0.052
-0.062
-0.071
-0.079
-0.087
-0.095
-0.102
-0.11
-0.118
-0.127
-0.138
-0.148
-0.157
-0.168
-0.179
-0.188
-0.194
-0.199
-0.203
-0.206
-0.208
-0.212
-0.215
-0.217
-0.218
-0.218
-0.216
-0.212
-0.208
-0.202
-0.196
-0.186
-0.167
-0.151
-0.131
-0.107
-0.085
-0.064
-0.05
-0.041
-0.032
-0.021
-0.01
0.0
0.013
0.027
0.042
0.05
0.056
0.061
0.065
0.068
0.071
0.072
0.073
0.073
0.072
0.071
0.07
0.069
0.066
0.065
0.063
0.061
0.059
0.056
0.052
0.048
0.046
0.046
0.049
0.053
0.057
0.059
0.063
0.068
0.071
0.073
0.072
0.069
0.065
0.061
0.059
0.057
0.054
0.051
0.048
0.046
0.045
0.045
0.046
0.046
0.047
0.047
0.048
0.049
0.05
0.051
0.052
0.053
0.055
0.058
0.059
0.057
0.052
0.047
0.044
0.041
0.038
0.035
0.032
0.03
0.028
0.028
0.029
0.032
0.035
0.038
0.04
0.043
0.046
0.049
0.052
0.054
0.056
0.057
0.058
0.059
0.06
0.061
0.064
0.067
0.071
0.07
0.065
0.058
0.056
0.054
0.051
0.049
0.047
0.045
0.044
0.042
0.041
0.04
0.04
0.04
0.04
0.041
0.041
0.041
0.042
0.042
0.041
0.041
0.04
0.04
0.041
0.043
0.045
0.047
0.048
0.05
0.052
0.054
0.057
0.058
0.06
0.061
0.062
0.066
0.07
0.075
0.077
0.077
0.073
0.069
0.064
0.061
0.059
0.057
0.055
0.053
0.051
0.05
0.049
0.047
0.045
0.043
0.041
0.039
0.037
0.036
0.035
0.034
0.034
0.034
0.035
0.036
0.037
0.038
0.039
0.04
0.041
0.041
0.041
0.041
0.04
0.04
0.039
0.04
0.04
0.042
0.044
0.047
0.049
0.048
0.044
0.039
0.036
0.033
0.03
0.026
0.022
0.019
0.015
0.012
0.01
0.009
0.007
0.006
0.005
0.004
0.004
0.003
0.003
0.002
0.001
0.0
0.0
-0.001
-0.002
-0.002
-0.002
-0.001
0.0
0.0
0.001
0.002
0.003
0.003
0.003
0.003
0.002
0.002
0.002
0.002
0.001
0.001
0.0
0.0
0.0
0.0
0.001
0.002
0.002
0.003
0.002
0.001
0.0
-0.001
-0.002
-0.004
-0.007
-0.01
-0.014
-0.016
-0.019
-0.023
-0.053
-0.117
-0.203
-0.305
-0.407
-0.477
-0.501
-0.477
-0.403
-0.257
-0.085
0.076
0.198
0.245
0.244
0.199
0.136
0.088
0.074
0.065
0.059
0.047
0.027
0.014
0.005
0.0
-0.002
-0.001
0.0
0.002
0.004
0.007
0.008
0.006
0.002
0.0
-0.001
-0.002
-0.003
-0.005
-0.006
-0.008
-0.011
-0.014
-0.016
-0.019
-0.021
-0.023
-0.026
-0.029
-0.032
-0.035
-0.038
-0.041
-0.044
-0.048
-0.051
-0.054
-0.056
-0.058
-0.06
-0.062
-0.065
-0.069
-0.073
-0.077
-0.08
-0.083
-0.087
-0.092
-0.098
-0.109
-0.119
-0.125
-0.13
-0.134
-0.139
-0.144
-0.149
-0.155
-0.161
-0.166
-0.17
-0.174
-0.177
-0.18
-0.182
-0.184
-0.185
-0.186
-0.185
-0.184
-0.182
-0.179
-0.175
-0.171
-0.165
-0.152
-0.136
-0.121
-0.108
-0.096
-0.085
-0.072
-0.057
-0.043
-0.026
-0.003
0.012
0.022
0.032
0.042
0.052
0.061
0.07
0.077
0.081
0.084
0.086
0.088
0.09
0.091
0.092
0.093
0.091
0.089
0.085
0.082
0.079
0.075
0.072
0.068
0.064
0.061
0.057
0.055
0.052
0.051
0.049
0.048
0.048
0.048
0.048
0.047
0.045
0.042
0.038
0.036
0.043
0.055
0.063
0.069
0.075
0.081
0.085
0.086
0.086
0.084
0.083
0.082
0.081
0.079
0.078
0.076
0.074
0.072
0.07
0.068
0.065
0.061
0.057
0.054
0.051
0.047
0.042
0.038
0.034
0.029
0.025
0.022
0.019
0.016
0.013
0.011
0.01
0.01
0.012
0.014
0.016
0.018
0.02
0.022
0.024
0.026
0.028
0.03
0.032
0.034
0.035
0.036
0.038
0.039
0.039
0.039
0.039
0.038
0.037
0.036
0.036
0.035
0.034
0.033
0.032
0.032
0.032
0.032
0.031
0.03
0.028
0.026
0.022
0.018
0.015
0.015
0.016
0.019
0.024
0.03
0.017
-0.022
-0.079
-0.155
-0.247
-0.342
-0.408
-0.43
-0.403
-0.322
-0.171
0.002
0.16
0.278
0.319
0.319
0.278
0.22
0.164
0.116
0.079
0.053
0.039
0.033
0.028
0.024
0.02
0.017
0.015
0.013
0.012
0.012
0.012
0.012
0.011
0.011
0.011
0.01
0.01
0.01
0.008
0.006
0.003
0.001
0.0
-0.002
-0.004
-0.007
-0.012
-0.021
-0.036
-0.043
-0.048
-0.052
-0.056
-0.059
-0.062
-0.065
-0.067
-0.069
-0.072
-0.075
-0.079
-0.088
-0.11
-0.127
-0.136
-0.144
-0.154
-0.164
-0.171
-0.178
-0.184
-0.191
-0.198
-0.204
-0.212
-0.228
-0.248
-0.255
-0.26
-0.264
-0.266
-0.267
-0.264
-0.26
-0.255
-0.25
-0.245
-0.24
-0.234
-0.227
-0.221
-0.214
-0.205
-0.185
-0.158
-0.137
-0.114
-0.089
-0.063
-0.039
-0.021
-0.006
0.007
0.021
0.034
0.043
0.05
0.057
0.065
0.074
0.08
0.085
0.09
0.093
0.095
0.093
0.088
0.082
0.077
0.074
0.072
0.07
0.068
0.066
0.064
0.061
0.059
0.057
0.055
0.053
0.051
0.05
0.05
0.05
0.049
0.049
0.049
0.049
0.048
0.045
0.042
0.04
0.04
0.045
0.053
0.061
0.067
0.073
0.079
0.085
0.089
0.09
0.09
0.09
0.09
0.089
0.088
0.087
0.086
0.085
0.084
0.082
0.08
0.077
0.075
0.073
0.071
0.069
0.067
0.065
0.062
0.061
0.06
0.06
0.06
0.061
0.062
0.063
0.066
0.069
0.072
0.075
0.077
0.08
0.086
0.092
0.097
0.101
0.104
0.109
0.115
0.104
0.097
0.093
0.089
0.086
0.084
0.083
0.083
0.084
0.085
0.086
0.088
0.092
0.097
0.082
0.07
0.061
0.054
0.049
0.044
0.04
0.037
0.034
0.031
0.029
0.027
0.024
0.023
0.022
0.021
0.021
0.02
0.02
0.019
0.019
0.019
0.019
0.018
0.017
0.015
0.013
0.011
0.009
0.008
0.007
0.006
0.006
0.005
0.004
0.003
0.002
0.0
-0.001
-0.004
-0.007
-0.01
-0.012
-0.014
-0.015
-0.017
-0.017
-0.018
-0.018
-0.018
-0.018
-0.019
-0.021
-0.022
-0.023
-0.021
-0.015
-0.01
-0.006
-0.003
-0.001
0.001
0.004
0.006
0.008
0.009
0.011
0.012
0.012
0.013
0.016
0.02
0.005
-0.003
-0.007
-0.01
-0.012
-0.014
-0.014
-0.015
-0.016
-0.018
-0.021
-0.023
-0.024
-0.025
-0.026
-0.028
-0.03
-0.033
-0.036
-0.041
-0.067
-0.128
-0.213
-0.318
-0.427
-0.521
-0.568
-0.563
-0.49
-0.339
-0.155
0.018
0.133
0.165
0.129
0.063
0.005
-0.007
-0.008
-0.009
-0.008
0.001
0.008
0.014
0.018
0.02
0.017
0.011
0.005
0.002
0.0
0.0
-0.001
-0.002
-0.003
-0.004
-0.006
-0.009
-0.011
-0.013
-0.015
-0.016
-0.017
-0.019
-0.02
-0.021
-0.022
-0.024
-0.028
-0.034
-0.037
-0.039
-0.04
-0.04
-0.041
-0.042
-0.044
-0.045
-0.049
-0.056
-0.062
-0.066
-0.07
-0.074
-0.076
-0.079
-0.082
-0.084
-0.086
-0.088
-0.091
-0.095
-0.1
-0.11
-0.132
-0.144
-0.15
-0.154
-0.157
-0.16
-0.163
-0.166
-0.168
-0.169
-0.17
-0.172
-0.176
-0.183
-0.198
-0.21
-0.217
-0.22
-0.215
-0.204
-0.195
-0.184
-0.173
-0.162
-0.145
-0.115
-0.089
-0.072
-0.061
-0.053
-0.041
-0.017
0.007
0.024
0.038
0.044
0.048
0.052
0.054
0.056
0.058
0.06
0.062
0.063
0.063
0.062
0.061
0.06
0.058
0.056
0.053
0.049
0.045
0.04
0.036
0.031
0.021
0.011
0.004
0.0
-0.003
-0.007
-0.011
-0.014
-0.016
-0.013
-0.006
0.003
0.014
0.029
0.042
0.053
0.057
0.06
0.064
0.067
0.07
0.072
0.073
0.074
0.075
0.076
0.077
0.078
0.078
0.079
0.079
0.08
0.081
0.081
0.082
0.081
0.081
0.08
0.08
0.079
0.078
0.077
0.076
0.075
0.075
0.074
0.073
0.072
0.07
0.069
0.068
0.067
0.067
0.066
0.065
0.064
0.063
0.062
0.06
0.058
0.057
0.057
0.058
0.059
0.061
0.062
0.062
0.063
0.063
0.064
0.065
0.066
0.067
0.067
0.066
0.066
0.065
0.065
0.064
0.062
0.06
0.057
0.055
0.052
0.049
0.046
0.042
0.035
0.02
0.007
-0.001
-0.008
-0.013
-0.012
-0.006
0.002
0.01
0.018
0.026
0.034
0.042
0.049
0.055
0.061
0.067
0.071
0.073
0.072
0.068
0.062
0.057
0.052
0.049
0.046
0.042
0.04
0.038
0.038
0.037
0.036
0.035
0.032
0.029
0.027
0.026
0.025
0.024
0.023
0.022
0.02
0.018
0.016
0.011
-0.013
-0.082
-0.182
-0.306
-0.434
-0.543
-0.585
-0.577
-0.495
-0.339
-0.143
0.057
0.205
0.25
0.247
0.182
0.1
0.027
-0.016
-0.031
-0.031
-0.017
0.0
0.015
0.019
0.021
0.023
0.024
0.022
0.012
0.0
-0.005
-0.01
-0.014
-0.019
-0.022
-0.024
-0.026
-0.027
-0.028
-0.028
-0.029
-0.029
-0.029
-0.028
-0.028
-0.027
-0.027
-0.026
-0.025
-0.024
-0.024
-0.024
-0.024
-0.025
-0.025
-0.026
-0.027
-0.03
-0.034
-0.037
-0.041
-0.047
-0.058
-0.072
-0.084
-0.093
-0.101
-0.109
-0.117
-0.124
-0.132
-0.14
-0.148
-0.157
-0.169
-0.184
-0.199
-0.206
-0.21
-0.214
-0.218
-0.22
-0.222
-0.223
-0.224
-0.224
-0.224
-0.222
-0.22
-0.216
-0.212
-0.206
-0.199
-0.184
-0.155
-0.131
-0.106
-0.086
-0.071
-0.054
-0.037
-0.02
-0.004
0.009
0.02
0.032
0.043
0.051
0.057
0.062
0.065
0.068
0.071
0.073
0.074
0.076
0.077
0.08
0.083
0.085
0.085
0.081
0.075
0.07
0.065
0.058
0.053
0.054
0.06
0.068
0.076
0.085
0.092
0.095
0.097
0.099
0.1
0.101
0.103
0.105
0.106
0.107
0.107
0.107
0.107
0.106
0.104
0.101
0.097
0.092
0.088
0.084
0.08
0.076
0.068
0.06
0.057
0.056
0.056
0.055
0.054
0.052
0.05
0.049
0.049
0.05
0.052
0.053
0.054
0.055
0.056
0.058
0.06
0.062
0.064
0.066
0.068
0.07
0.072
0.074
0.076
0.078
0.08
0.085
0.09
0.094
0.095
0.093
0.088
0.082
0.076
0.071
0.065
0.059
0.053
0.049
0.046
0.044
0.042
0.04
0.037
0.034
0.031
0.03
0.031
0.036
0.042
0.047
0.049
0.052
0.054
0.056
0.058
0.06
0.061
0.062
0.064
0.065
0.067
0.068
0.069
0.07
0.07
0.07
0.07
0.069
0.069
0.068
0.067
0.065
0.064
0.063
0.062
0.061
0.06
0.058
0.057
0.055
0.052
0.047
0.034
0.023
-0.004
-0.044
-0.106
-0.188
-0.286
-0.383
-0.441
-0.441
-0.385
-0.236
-0.032
0.175
0.328
0.385
0.345
0.252
0.147
0.071
0.052
0.049
0.046
0.044
0.043
0.041
0.039
0.036
0.034
0.03
0.027
0.024
0.022
0.02
0.018
0.015
0.012
0.009
0.006
0.003
0.0
-0.003
-0.006
-0.008
-0.011
-0.012
-0.014
-0.015
-0.017
-0.019
-0.021
-0.024
-0.027
-0.03
-0.033
-0.036
-0.039
-0.043
-0.046
-0.049
-0.053
-0.056
-0.06
-0.066
-0.073
-0.079
-0.086
-0.093
-0.099
-0.105
-0.11
-0.116
-0.123
-0.132
-0.14
-0.149
-0.158
-0.167
-0.174
-0.178
-0.182
-0.192
-0.209
-0.219
-0.225
-0.229
-0.232
-0.233
-0.232
-0.229
-0.224
-0.218
-0.207
-0.184
-0.166
-0.155
-0.144
-0.135
-0.125
-0.113
-0.098
-0.078
-0.056
-0.038
-0.018
0.0
0.013
0.028
0.037
0.045
0.051
0.054
0.052
0.048
0.045
0.042
0.039
0.036
0.033
0.033
0.036
0.041
0.048
0.059
0.073
0.071
0.071
0.071
0.071
0.072
0.072
0.071
0.07
0.068
0.067
0.066
0.065
0.063
0.061
0.058
0.057
0.056
0.056
0.055
0.055
0.054
0.054
0.054
0.053
0.052
0.049
0.047
0.045
0.045
0.046
0.048
0.051
0.054
0.06
0.064
0.061
0.054
0.048
0.043
0.038
0.036
0.037
0.04
0.044
0.046
0.047
0.049
0.052
0.054
0.056
0.058
0.059
0.06
0.06
0.061
0.062
0.062
0.063
0.064
0.067
0.066
0.057
0.053
0.052
0.05
0.048
0.047
0.046
0.045
0.043
0.041
0.039
0.038
0.037
0.037
0.037
0.037
0.037
0.038
0.039
0.041
0.043
0.045
0.047
0.047
0.049
0.051
0.053
0.056
0.063
0.069
0.072
0.069
0.061
0.054
0.05
0.047
0.044
0.04
0.036
0.033
0.03
0.028
0.027
0.027
0.027
0.028
0.029
0.031
0.032
0.034
0.035
0.037
0.039
0.041
0.044
0.046
0.047
0.042
0.034
0.026
0.023
0.02
0.017
0.015
0.013
0.011
0.009
0.008
0.006
0.004
0.002
0.0
-0.001
-0.003
-0.004
-0.005
-0.006
-0.007
-0.008
-0.01
-0.016
-0.027
-0.028
-0.028
-0.029
-0.029
-0.03
-0.03
-0.031
-0.032
-0.033
-0.035
-0.036
-0.037
-0.038
-0.039
-0.04
-0.041
-0.042
-0.044
-0.045
-0.046
-0.048
-0.05
-0.052
-0.055
-0.057
-0.058
-0.059
-0.06
-0.06
-0.061
-0.061
-0.061
-0.061
-0.06
-0.06
-0.06
-0.06
-0.061
-0.062
-0.062
-0.062
-0.062
-0.062
-0.061
-0.061
-0.061
-0.061
-0.06
-0.059
-0.058
-0.057
-0.057
-0.056
-0.055
-0.054
-0.053
-0.052
-0.051
-0.05
-0.049
-0.048
-0.046
-0.038
-0.034
-0.039
-0.053
-0.094
-0.168
-0.266
-0.371
-0.464
-0.51
-0.504
-0.429
-0.279
-0.096
0.081
0.218
0.271
0.273
0.231
0.16
0.097
0.05
0.019
-0.015
-0.035
-0.046
-0.041
-0.014
0.007
0.019
0.027
0.032
0.033
0.029
0.02
0.01
0.003
-0.003
-0.01
-0.015
-0.017
-0.02
-0.021
-0.022
-0.023
-0.023
-0.023
-0.023
-0.023
-0.022
-0.022
-0.022
-0.024
-0.025
-0.026
-0.026
-0.027
-0.028
-0.029
-0.032
-0.034
-0.037
-0.04
-0.043
-0.05
-0.057
-0.064
-0.072
-0.08
-0.086
-0.091
-0.096
-0.1
-0.104
-0.109
-0.114
-0.119
-0.125
-0.13
-0.134
-0.137
-0.141
-0.144
-0.148
-0.151
-0.154
-0.156
-0.157
-0.157
-0.157
-0.156
-0.155
-0.153
-0.15
-0.147
-0.144
-0.14
-0.136
-0.132
-0.126
-0.118
-0.111
-0.104
-0.097
-0.088
-0.07
-0.043
-0.024
-0.013
-0.001
0.009
0.027
0.054
0.068
0.075
0.081
0.086
0.088
0.09
0.09
0.09
0.089
0.087
0.084
0.08
0.076
0.072
0.069
0.068
0.068
0.066
0.064
0.062
0.061
0.06
0.06
0.06
0.059
0.058
0.057
0.056
0.056
0.057
0.057
0.057
0.057
0.057
0.058
0.059
0.059
0.059
0.059
0.059
0.059
0.059
0.059
0.059
0.06
0.06
0.061
0.062
0.063
0.065
0.066
0.067
0.068
0.068
0.069
0.07
0.072
0.074
0.076
0.079
0.082
0.085
0.088
0.091
0.093
0.093
0.092
0.09
0.086
0.082
0.078
0.074
0.069
0.065
0.062
0.06
0.059
0.059
0.058
0.056
0.055
0.053
0.051
0.049
0.047
0.044
0.042
0.041
0.04
0.039
0.039
0.04
0.04
0.041
0.041
0.041
0.04
0.04
0.04
0.04
0.04
0.039
0.039
0.039
0.039
0.04
0.041
0.041
0.04
0.04
0.039
0.039
0.04
0.039
0.038
0.037
0.035
0.035
0.034
0.034
0.033
0.032
0.031
0.03
0.031
0.031
0.031
0.031
0.031
0.03
0.03
0.03
0.029
0.029
0.029
0.033
0.038
0.043
0.049
0.053
0.05
0.038
0.005
-0.047
-0.117
-0.2
-0.295
-0.385
-0.448
-0.455
-0.423
-0.305
-0.134
0.049
0.203
0.267
0.27
0.221
0.141
0.073
0.043
0.033
0.028
0.028
0.031
0.036
0.04
0.046
0.049
0.042
0.028
0.02
0.014
0.009
0.004
0.0
-0.004
-0.009
-0.014
-0.019
-0.021
-0.023
-0.024
-0.025
-0.026
-0.026
-0.027
-0.028
-0.028
-0.03
-0.032
-0.034
-0.036
-0.038
-0.039
-0.04
-0.041
-0.042
-0.043
-0.045
-0.046
-0.048
-0.051
-0.055
-0.059
-0.064
-0.069
-0.073
-0.077
-0.081
-0.085
-0.091
-0.098
-0.109
-0.121
-0.133
-0.144
-0.153
-0.164
-0.175
-0.185
-0.193
-0.201
-0.207
-0.212
-0.214
-0.215
-0.216
-0.217
-0.218
-0.221
-0.222
-0.216
-0.204
-0.189
-0.172
-0.161
-0.147
-0.129
-0.114
-0.102
-0.088
-0.074
-0.061
-0.051
-0.042
-0.031
-0.018
0.0
0.019
0.03
0.036
0.042
0.047
0.053
0.059
0.065
0.071
0.076
0.08
0.082
0.083
0.084
0.085
0.088
0.087
0.077
0.072
0.068
0.064
0.061
0.059
0.059
0.06
0.06
0.061
0.061
0.062
0.062
0.063
0.064
0.065
0.065
0.065
0.063
0.06
0.057
0.053
0.051
0.048
0.044
0.041
0.038
0.036
0.034
0.033
0.031
0.03
0.029
0.03
0.032
0.035
0.037
0.039
0.041
0.043
0.045
0.048
0.05
0.052
0.055
0.058
0.061
0.065
0.068
0.071
0.074
0.076
0.078
0.078
0.078
0.077
0.076
0.075
0.073
0.072
0.07
0.067
0.065
0.064
0.062
0.058
0.054
0.05
0.047
0.046
0.044
0.043
0.039
0.034
0.04
0.043
0.044
0.046
0.048
0.049
0.05
0.052
0.054
0.056
0.059
0.061
0.064
0.066
0.069
0.073
0.081
0.087
0.088
0.083
0.073
0.044
-0.001
-0.066
-0.15
-0.247
-0.347
-0.433
-0.467
-0.46
-0.385
-0.241
-0.06
0.107
0.219
0.244
0.239
0.189
0.135
0.093
0.074
0.067
0.062
0.058
0.056
0.056
0.058
0.059
0.061
0.063
0.067
0.07
0.069
0.064
0.057
0.049
0.038
0.033
0.032
0.03
0.029
0.028
0.027
0.027
0.026
0.026
0.025
0.023
0.022
0.021
0.019
0.017
0.014
0.01
0.002
-0.005
-0.013
-0.02
-0.026
-0.032
-0.038
-0.043
-0.048
-0.054
-0.061
-0.068
-0.076
-0.084
-0.09
-0.097
-0.103
-0.108
-0.113
-0.118
-0.127
-0.147
-0.164
-0.174
-0.182
-0.191
-0.198
-0.203
-0.207
-0.21
-0.214
-0.216
-0.217
-0.217
-0.215
-0.212
-0.208
-0.203
-0.193
-0.175
-0.157
-0.139
-0.121
-0.101
-0.087
-0.077
-0.069
-0.063
-0.053
-0.036
-0.015
0.005
0.022
0.035
0.046
0.054
0.061
0.065
0.066
0.064
0.062
0.059
0.056
0.053
0.052
0.051
0.053
0.055
0.057
0.058
0.059
0.06
0.062
0.064
0.067
0.069
0.072
0.074
0.077
0.081
0.086
0.094
0.107
0.109
0.11
0.112
0.113
0.114
0.114
0.11
0.104
0.097
0.09
0.082
0.075
0.069
0.065
0.061
0.058
0.054
0.051
0.048
0.047
0.047
0.049
0.052
0.055
0.058
0.061
0.063
0.066
0.068
0.07
0.072
0.075
0.078
0.081
0.085
0.088
0.092
0.094
0.097
0.101
0.104
0.107
0.108
0.108
0.107
0.105
0.103
0.101
0.097
0.091
0.08
0.069
0.063
0.059
0.057
0.054
0.051
0.047
0.043
0.039
0.036
0.033
0.029
0.024
0.02
0.018
0.018
0.02
0.021
0.023
0.025
0.026
0.027
0.029
0.031
0.034
0.037
0.039
0.041
0.044
0.047
0.051
0.054
0.056
0.059
0.063
0.068
0.061
0.054
0.048
0.045
0.048
0.053
0.056
0.06
0.062
0.064
0.065
0.063
0.059
0.053
0.046
0.035
0.019
0.008
0.0
-0.007
-0.016
-0.024
-0.034
-0.045
-0.048
-0.051
-0.053
-0.052
-0.045
-0.039
-0.034
-0.028
-0.021
-0.013
0.0
0.018
0.026
0.03
0.034
0.036
0.036
0.034
0.031
0.026
0.02
0.007
-0.01
-0.018
-0.022
-0.025
-0.027
-0.026
-0.024
-0.022
-0.02
-0.019
-0.017
-0.015
-0.014
-0.013
-0.013
-0.015
-0.018
-0.021
-0.023
-0.024
-0.025
-0.026
-0.027
-0.029
-0.03
-0.032
-0.033
-0.034
-0.035
-0.035
-0.035
-0.035
-0.035
-0.035
-0.035
-0.036
-0.036
-0.036
-0.036
-0.036
-0.037
-0.038
-0.038
-0.039
-0.039
-0.04
-0.041
-0.043
-0.045
-0.046
-0.044
-0.041
-0.038
-0.035
-0.033
-0.031
-0.027
-0.024
-0.021
-0.018
-0.017
-0.017
-0.016
-0.015
-0.013
-0.012
-0.012
-0.014
-0.018
-0.023
-0.027
-0.03
-0.034
-0.038
-0.043
-0.046
-0.047
-0.047
-0.045
-0.043
-0.042
-0.04
-0.039
-0.037
-0.034
-0.03
-0.027
-0.025
-0.022
-0.02
-0.015
-0.013
-0.015
-0.019
-0.023
-0.029
-0.028
-0.02
-0.008
0.009
0.03
0.05
0.069
0.079
0.074
0.058
0.02
-0.032
-0.102
-0.194
-0.31
-0.438
-0.558
-0.631
-0.635
-0.575
-0.405
-0.175
0.06
0.233
0.288
0.283
0.2
0.098
0.046
0.031
0.023
0.019
0.016
0.013
0.009
0.004
0.003
0.013
0.025
0.036
0.04
0.045
0.048
0.046
0.035
0.02
0.0
-0.012
-0.02
-0.025
-0.025
-0.021
-0.016
-0.01
-0.003
0.003
0.008
0.014
0.02
0.018
0.007
0.0
-0.006
-0.012
-0.016
-0.02
-0.023
-0.025
-0.026
-0.028
-0.03
-0.032
-0.033
-0.035
-0.037
-0.039
-0.041
-0.043
-0.046
-0.05
-0.053
-0.06
-0.075
-0.086
-0.097
-0.107
-0.114
-0.118
-0.12
-0.123
-0.125
-0.127
-0.128
-0.129
-0.13
-0.13
-0.13
-0.129
-0.127
-0.126
-0.124
-0.122
-0.12
-0.118
-0.115
-0.112
-0.109
-0.105
-0.101
-0.096
-0.091
-0.086
-0.081
-0.077
-0.072
-0.067
-0.06
-0.053
-0.047
-0.042
-0.038
-0.033
-0.028
-0.022
-0.016
-0.01
-0.003
0.01
0.032
0.049
0.06
0.065
0.069
0.072
0.076
0.078
0.076
0.072
0.069
0.067
0.065
0.064
0.062
0.061
0.058
0.056
0.054
0.052
0.051
0.05
0.047
0.044
0.037
0.029
0.022
0.016
0.012
0.008
0.003
-0.001
-0.007
-0.012
-0.017
-0.025
-0.031
-0.031
-0.024
-0.014
-0.006
0.001
0.009
0.014
0.017
0.02
0.023
0.026
0.029
0.032
0.036
0.04
0.044
0.047
0.052
0.058
0.06
0.058
0.052
0.046
0.041
0.037
0.034
0.031
0.027
0.024
0.021
0.018
0.017
0.015
0.014
0.013
0.012
0.01
0.007
0.005
0.005
0.006
0.009
0.013
0.016
0.019
0.022
0.025
0.029
0.032
0.034
0.035
0.036
0.037
0.038
0.039
0.039
0.04
0.041
0.043
0.045
0.042
0.037
0.035
0.034
0.032
0.031
0.03
0.029
0.028
0.027
0.027
0.027
0.028
0.029
0.03
0.031
0.032
0.033
0.034
0.036
0.041
0.044
0.037
0.023
0.014
0.006
0.0
-0.005
-0.007
-0.005
0.0
0.007
0.013
0.017
0.022
0.027
0.032
0.037
0.039
0.039
0.039
0.037
0.036
0.035
0.034
0.031
0.027
0.024
0.023
0.024
0.027
0.031
0.034
0.038
0.042
0.044
0.044
0.043
0.041
0.04
0.039
0.037
0.035
0.034
0.032
0.029
0.026
0.023
0.019
0.014
0.01
0.006
0.0
-0.007
-0.01
-0.008
-0.002
0.006
0.017
0.033
0.046
0.06
0.073
0.076
0.079
0.082
0.08
0.068
0.061
0.056
0.052
0.048
0.043
0.039
0.035
0.031
0.027
0.022
0.016
0.01
0.003
-0.003
-0.008
-0.012
-0.015
-0.019
-0.022
-0.027
-0.03
-0.032
-0.036
-0.043
-0.071
-0.13
-0.213
-0.309
-0.403
-0.469
-0.476
-0.45
-0.342
-0.183
-0.005
0.162
0.287
0.336
0.353
0.334
0.277
0.203
0.131
0.066
0.04
0.034
0.03
0.027
0.025
0.02
0.016
0.012
0.009
0.005
0.0
-0.006
-0.017
-0.024
-0.03
-0.035
-0.04
-0.043
-0.043
-0.036
-0.027
-0.02
-0.013
-0.007
-0.003
-0.002
-0.004
-0.007
-0.011
-0.016
-0.021
-0.028
-0.034
-0.04
-0.045
-0.049
-0.052
-0.054
-0.057
-0.06
-0.063
-0.066
-0.068
-0.071
-0.075
-0.079
-0.087
-0.102
-0.114
-0.124
-0.133
-0.142
-0.151
-0.159
-0.167
-0.175
-0.182
-0.186
-0.19
-0.193
-0.195
-0.197
-0.199
-0.201
-0.202
-0.204
-0.206
-0.207
-0.209
-0.211
-0.216
-0.219
-0.219
-0.213
-0.205
-0.191
-0.169
-0.144
-0.123
-0.111
-0.103
-0.095
-0.086
-0.076
-0.058
-0.035
-0.019
-0.007
0.006
0.026
0.046
0.058
0.066
0.07
0.068
0.062
0.058
0.054
0.051
0.052
0.061
0.073
0.081
0.089
0.096
0.1
0.1
0.097
0.092
0.083
0.068
0.04
0.018
0.004
0.0
-0.001
-0.004
-0.007
-0.005
0.011
0.031
0.05
0.056
0.06
0.064
0.067
0.068
0.062
0.055
0.05
0.044
0.038
0.034
0.033
0.034
0.035
0.036
0.038
0.042
0.044
0.044
0.038
0.03
0.022
0.013
0.008
0.015
0.029
0.041
0.055
0.066
0.075
0.082
0.09
0.095
0.098
0.097
0.095
0.092
0.089
0.083
0.083
0.089
0.096
0.104
0.103
0.088
0.075
0.064
0.055
0.051
0.048
0.044
0.039
0.035
0.034
0.038
0.043
0.048
0.056
0.056
0.046
0.04
0.035
0.031
0.028
0.028
0.032
0.039
0.047
0.055
0.068
0.075
0.068
0.056
0.048
0.04
0.033
0.028
0.027
0.03
0.036
0.044
0.057
0.076
0.086
0.093
0.098
0.098
0.09
0.078
0.064
0.048
0.037
0.03
0.025
0.021
0.018
0.015
0.012
0.01
0.008
0.006
0.004
0.001
-0.004
-0.008
-0.008
0.0
0.008
0.012
0.016
0.019
0.023
0.027
0.03
0.033
0.036
0.039
0.041
0.042
0.043
0.043
0.042
0.042
0.042
0.045
0.047
0.049
0.045
0.038
0.031
0.026
0.021
0.015
0.01
0.007
0.006
0.007
0.01
0.014
0.019
0.025
0.034
0.039
0.033
0.02
0.003
-0.014
-0.026
-0.042
-0.061
-0.094
-0.143
-0.207
-0.285
-0.365
-0.426
-0.432
-0.401
-0.28
-0.118
0.047
0.184
0.256
0.282
0.283
0.265
0.217
0.154
0.094
0.065
0.05
0.042
0.035
0.025
0.014
0.004
-0.007
-0.016
-0.017
-0.014
-0.009
-0.004
0.001
0.006
0.005
-0.004
-0.017
-0.027
-0.039
-0.047
-0.047
-0.041
-0.033
-0.028
-0.022
-0.017
-0.013
-0.011
-0.012
-0.017
-0.024
-0.032
-0.039
-0.049
-0.058
-0.06
-0.057
-0.053
-0.05
-0.048
-0.046
-0.045
-0.045
-0.046
-0.049
-0.054
-0.061
-0.074
-0.101
-0.115
-0.121
-0.126
-0.131
-0.134
-0.138
-0.143
-0.148
-0.152
-0.157
-0.162
-0.167
-0.171
-0.176
-0.182
-0.19
-0.197
-0.202
-0.204
-0.203
-0.2
-0.196
-0.191
-0.186
-0.18
-0.171
-0.159
-0.147
-0.133
-0.114
-0.091
-0.066
-0.04
-0.015
0.009
0.022
0.032
0.039
0.046
0.051
0.056
0.059
0.062
0.064
0.067
0.069
0.071
0.073
0.075
0.078
0.08
0.083
0.085
0.086
0.086
0.086
0.084
0.082
0.08
0.077
0.073
0.07
0.067
0.066
0.064
0.063
0.062
0.058
0.055
0.052
0.051
0.053
0.058
0.064
0.071
0.078
0.088
0.097
0.101
0.096
0.087
0.077
0.073
0.07
0.066
0.063
0.058
0.054
0.05
0.047
0.045
0.043
0.043
0.044
0.047
0.05
0.054
0.059
0.064
0.07
0.075
0.079
0.082
0.087
0.091
0.095
0.097
0.096
0.09
0.081
0.072
0.064
0.061
0.057
0.054
0.05
0.047
0.044
0.04
0.037
0.034
0.031
0.029
0.027
0.026
0.026
0.026
0.026
0.027
0.027
0.027
0.027
0.027
0.027
0.027
0.028
0.028
0.029
0.03
0.031
0.033
0.034
0.036
0.037
0.038
0.039
0.04
0.041
0.043
0.044
0.047
0.055
0.061
0.054
0.034
-0.021
-0.101
-0.209
-0.334
-0.45
-0.515
-0.518
-0.464
-0.322
-0.135
0.055
0.2
0.245
0.242
0.184
0.105
0.034
0.004
0.0
-0.003
-0.006
-0.009
-0.012
-0.014
-0.017
-0.02
-0.022
-0.023
-0.024
-0.023
-0.021
-0.018
-0.016
-0.014
-0.012
-0.011
-0.01
-0.009
-0.009
-0.009
-0.01
-0.01
-0.011
-0.01
-0.009
-0.008
-0.006
-0.005
-0.005
-0.005
-0.008
-0.012
-0.018
-0.025
-0.034
-0.049
-0.058
-0.065
-0.069
-0.073
-0.076
-0.078
-0.076
-0.066
-0.054
-0.043
